{
    "0": {
        "trees_by_client": 10,
        "first_server_serialise_trees_size": 9282,
        "fit_time": 0.06962990760803223,
        "client_serialise_trees_size": 259221,
        "final_server_serialise_trees_size": 1331549,
        "f1_score": 0.9687137335742122,
        "mcc": 0.9528228930221125,
        "accuracy": 0.9628777923784494,
        "precision": 0.9715645150526936,
        "recall": 0.9674990093891526,
        "confusion_matrix": [
            [
                0.9887410440122825,
                0.0010235414534288639,
                0.01023541453428864,
                0.0,
                0.0,
                0.0
            ],
            [
                0.007228915662650603,
                0.9710843373493976,
                0.00963855421686747,
                0.0,
                0.012048192771084338,
                0.0
            ],
            [
                0.03257328990228013,
                0.0016286644951140066,
                0.9657980456026058,
                0.0,
                0.0,
                0.0
            ],
            [
                0.0,
                0.0,
                0.0,
                1.0,
                0.0,
                0.0
            ],
            [
                0.0,
                0.015734265734265736,
                0.1048951048951049,
                0.0,
                0.8793706293706294,
                0.0
            ],
            [
                0.0,
                0.0,
                0.0,
                0.0,
                0.0,
                1.0
            ]
        ],
        "confusion_matrix_labels": [
            "DoS/DDoS",
            "Info_Gathering",
            "Injection",
            "MITM",
            "Malware",
            "Normal"
        ],
        "round_time": 26.961180686950684,
        "round_start_time": 1771783475.222766,
        "round_end_time": 1771783502.1839466,
        "evaluate_time": 0.2893249988555908,
        "inference_time": 0.010409832000732422
    },
    "1": {
        "trees_by_client": 20,
        "first_server_serialise_trees_size": 9435,
        "fit_time": 0.2710120677947998,
        "client_serialise_trees_size": 519749,
        "final_server_serialise_trees_size": 2612964,
        "f1_score": 0.9686927469608081,
        "mcc": 0.9527917249651954,
        "accuracy": 0.9628777923784494,
        "precision": 0.9716511811465386,
        "recall": 0.9672879244145441,
        "confusion_matrix": [
            [
                0.9897645854657113,
                0.0010235414534288639,
                0.009211873080859774,
                0.0,
                0.0,
                0.0
            ],
            [
                0.012048192771084338,
                0.9686746987951808,
                0.00963855421686747,
                0.0,
                0.00963855421686747,
                0.0
            ],
            [
                0.03257328990228013,
                0.0016286644951140066,
                0.9641693811074918,
                0.0,
                0.0016286644951140066,
                0.0
            ],
            [
                0.0,
                0.0,
                0.0,
                1.0,
                0.0,
                0.0
            ],
            [
                0.0,
                0.015734265734265736,
                0.10314685314685315,
                0.0,
                0.8811188811188811,
                0.0
            ],
            [
                0.0,
                0.0,
                0.0,
                0.0,
                0.0,
                1.0
            ]
        ],
        "confusion_matrix_labels": [
            "DoS/DDoS",
            "Info_Gathering",
            "Injection",
            "MITM",
            "Malware",
            "Normal"
        ],
        "round_time": 3.2543838024139404,
        "round_start_time": 1771783517.9290733,
        "round_end_time": 1771783521.1834571,
        "evaluate_time": 0.21976518630981445,
        "inference_time": 0.017774105072021484
    },
    "2": {
        "trees_by_client": 30,
        "first_server_serialise_trees_size": 18931,
        "fit_time": 0.2677006721496582,
        "client_serialise_trees_size": 791560,
        "final_server_serialise_trees_size": 4037998,
        "f1_score": 0.9697729510003161,
        "mcc": 0.9544153580176995,
        "accuracy": 0.96419185282523,
        "precision": 0.972407366832874,
        "recall": 0.9684534255800453,
        "confusion_matrix": [
            [
                0.9897645854657113,
                0.0010235414534288639,
                0.009211873080859774,
                0.0,
                0.0,
                0.0
            ],
            [
                0.00963855421686747,
                0.9686746987951808,
                0.00963855421686747,
                0.0,
                0.012048192771084338,
                0.0
            ],
            [
                0.03257328990228013,
                0.0016286644951140066,
                0.9641693811074918,
                0.0,
                0.0016286644951140066,
                0.0
            ],
            [
                0.0,
                0.0,
                0.0,
                1.0,
                0.0,
                0.0
            ],
            [
                0.0,
                0.015734265734265736,
                0.09615384615384616,
                0.0,
                0.8881118881118881,
                0.0
            ],
            [
                0.0,
                0.0,
                0.0,
                0.0,
                0.0,
                1.0
            ]
        ],
        "confusion_matrix_labels": [
            "DoS/DDoS",
            "Info_Gathering",
            "Injection",
            "MITM",
            "Malware",
            "Normal"
        ],
        "round_time": 3.8193233013153076,
        "round_start_time": 1771783536.3291056,
        "round_end_time": 1771783540.148429,
        "evaluate_time": 0.23977446556091309,
        "inference_time": 0.022908926010131836
    },
    "3": {
        "trees_by_client": 40,
        "first_server_serialise_trees_size": 28391,
        "fit_time": 0.5712316036224365,
        "client_serialise_trees_size": 1033630,
        "final_server_serialise_trees_size": 5518043,
        "f1_score": 0.9682005485513793,
        "mcc": 0.9519699645327416,
        "accuracy": 0.9622207621550591,
        "precision": 0.9711974905411248,
        "recall": 0.9668259588809307,
        "confusion_matrix": [
            [
                0.9887410440122825,
                0.0010235414534288639,
                0.01023541453428864,
                0.0,
                0.0,
                0.0
            ],
            [
                0.012048192771084338,
                0.9686746987951808,
                0.00963855421686747,
                0.0,
                0.00963855421686747,
                0.0
            ],
            [
                0.03257328990228013,
                0.0016286644951140066,
                0.9641693811074918,
                0.0,
                0.0016286644951140066,
                0.0
            ],
            [
                0.0,
                0.0,
                0.0,
                1.0,
                0.0,
                0.0
            ],
            [
                0.0,
                0.015734265734265736,
                0.1048951048951049,
                0.0,
                0.8793706293706294,
                0.0
            ],
            [
                0.0,
                0.0,
                0.0,
                0.0,
                0.0,
                1.0
            ]
        ],
        "confusion_matrix_labels": [
            "DoS/DDoS",
            "Info_Gathering",
            "Injection",
            "MITM",
            "Malware",
            "Normal"
        ],
        "round_time": 5.003252267837524,
        "round_start_time": 1771783555.3000648,
        "round_end_time": 1771783560.303317,
        "evaluate_time": 0.32954835891723633,
        "inference_time": 0.031119823455810547
    },
    "4": {
        "trees_by_client": 50,
        "first_server_serialise_trees_size": 37641,
        "fit_time": 0.5884289741516113,
        "client_serialise_trees_size": 1231873,
        "final_server_serialise_trees_size": 6582358,
        "f1_score": 0.9683417401304708,
        "mcc": 0.9523608978390147,
        "accuracy": 0.9625492772667543,
        "precision": 0.9713168195247416,
        "recall": 0.9668863179888413,
        "confusion_matrix": [
            [
                0.9897645854657113,
                0.0010235414534288639,
                0.009211873080859774,
                0.0,
                0.0,
                0.0
            ],
            [
                0.012048192771084338,
                0.9662650602409638,
                0.00963855421686747,
                0.0,
                0.012048192771084338,
                0.0
            ],
            [
                0.03257328990228013,
                0.0016286644951140066,
                0.9641693811074918,
                0.0,
                0.0016286644951140066,
                0.0
            ],
            [
                0.0,
                0.0,
                0.0,
                1.0,
                0.0,
                0.0
            ],
            [
                0.0,
                0.015734265734265736,
                0.10314685314685315,
                0.0,
                0.8811188811188811,
                0.0
            ],
            [
                0.0,
                0.0,
                0.0,
                0.0,
                0.0,
                1.0
            ]
        ],
        "confusion_matrix_labels": [
            "DoS/DDoS",
            "Info_Gathering",
            "Injection",
            "MITM",
            "Malware",
            "Normal"
        ],
        "round_time": 5.389652967453003,
        "round_start_time": 1771783575.4449997,
        "round_end_time": 1771783580.8346527,
        "evaluate_time": 0.2894589900970459,
        "inference_time": 0.03434276580810547
    },
    "5": {
        "trees_by_client": 60,
        "first_server_serialise_trees_size": 47518,
        "fit_time": 0.8575470447540283,
        "client_serialise_trees_size": 1562068,
        "final_server_serialise_trees_size": 8031329,
        "f1_score": 0.9690006584450703,
        "mcc": 0.9532002736937576,
        "accuracy": 0.9632063074901446,
        "precision": 0.9716664533038357,
        "recall": 0.967810315889384,
        "confusion_matrix": [
            [
                0.9887410440122825,
                0.0010235414534288639,
                0.01023541453428864,
                0.0,
                0.0,
                0.0
            ],
            [
                0.007228915662650603,
                0.9710843373493976,
                0.00963855421686747,
                0.0,
                0.012048192771084338,
                0.0
            ],
            [
                0.03257328990228013,
                0.0016286644951140066,
                0.9641693811074918,
                0.0,
                0.0016286644951140066,
                0.0
            ],
            [
                0.0,
                0.0,
                0.0,
                1.0,
                0.0,
                0.0
            ],
            [
                0.0,
                0.015734265734265736,
                0.10139860139860139,
                0.0,
                0.8828671328671329,
                0.0
            ],
            [
                0.0,
                0.0,
                0.0,
                0.0,
                0.0,
                1.0
            ]
        ],
        "confusion_matrix_labels": [
            "DoS/DDoS",
            "Info_Gathering",
            "Injection",
            "MITM",
            "Malware",
            "Normal"
        ],
        "round_time": 6.1537158489227295,
        "round_start_time": 1771783596.0159717,
        "round_end_time": 1771783602.1696875,
        "evaluate_time": 0.35630035400390625,
        "inference_time": 0.04129767417907715
    },
    "6": {
        "trees_by_client": 70,
        "first_server_serialise_trees_size": 56943,
        "fit_time": 0.7866590023040771,
        "client_serialise_trees_size": 1841867,
        "final_server_serialise_trees_size": 9304384,
        "f1_score": 0.969482394895592,
        "mcc": 0.9539923110598395,
        "accuracy": 0.9638633377135348,
        "precision": 0.9722326505315474,
        "recall": 0.9680518191543426,
        "confusion_matrix": [
            [
                0.9897645854657113,
                0.0010235414534288639,
                0.009211873080859774,
                0.0,
                0.0,
                0.0
            ],
            [
                0.012048192771084338,
                0.9662650602409638,
                0.00963855421686747,
                0.0,
                0.012048192771084338,
                0.0
            ],
            [
                0.03257328990228013,
                0.0016286644951140066,
                0.9641693811074918,
                0.0,
                0.0016286644951140066,
                0.0
            ],
            [
                0.0,
                0.0,
                0.0,
                1.0,
                0.0,
                0.0
            ],
            [
                0.0,
                0.015734265734265736,
                0.09615384615384616,
                0.0,
                0.8881118881118881,
                0.0
            ],
            [
                0.0,
                0.0,
                0.0,
                0.0,
                0.0,
                1.0
            ]
        ],
        "confusion_matrix_labels": [
            "DoS/DDoS",
            "Info_Gathering",
            "Injection",
            "MITM",
            "Malware",
            "Normal"
        ],
        "round_time": 7.305726051330566,
        "round_start_time": 1771783617.3175874,
        "round_end_time": 1771783624.6233134,
        "evaluate_time": 0.38849425315856934,
        "inference_time": 0.045470476150512695
    },
    "7": {
        "trees_by_client": 80,
        "first_server_serialise_trees_size": 66083,
        "fit_time": 1.0323214530944824,
        "client_serialise_trees_size": 2080274,
        "final_server_serialise_trees_size": 10469393,
        "f1_score": 0.9684906028283943,
        "mcc": 0.9523934544062288,
        "accuracy": 0.9625492772667543,
        "precision": 0.9713723161087078,
        "recall": 0.9672275653066335,
        "confusion_matrix": [
            [
                0.9887410440122825,
                0.0010235414534288639,
                0.01023541453428864,
                0.0,
                0.0,
                0.0
            ],
            [
                0.00963855421686747,
                0.9710843373493976,
                0.00963855421686747,
                0.0,
                0.00963855421686747,
                0.0
            ],
            [
                0.03257328990228013,
                0.0016286644951140066,
                0.9641693811074918,
                0.0,
                0.0016286644951140066,
                0.0
            ],
            [
                0.0,
                0.0,
                0.0,
                1.0,
                0.0,
                0.0
            ],
            [
                0.0,
                0.015734265734265736,
                0.1048951048951049,
                0.0,
                0.8793706293706294,
                0.0
            ],
            [
                0.0,
                0.0,
                0.0,
                0.0,
                0.0,
                1.0
            ]
        ],
        "confusion_matrix_labels": [
            "DoS/DDoS",
            "Info_Gathering",
            "Injection",
            "MITM",
            "Malware",
            "Normal"
        ],
        "round_time": 7.95940637588501,
        "round_start_time": 1771783639.8162675,
        "round_end_time": 1771783647.7756739,
        "evaluate_time": 0.4508705139160156,
        "inference_time": 0.04611611366271973
    },
    "8": {
        "trees_by_client": 90,
        "first_server_serialise_trees_size": 75506,
        "fit_time": 1.219871997833252,
        "client_serialise_trees_size": 2325014,
        "final_server_serialise_trees_size": 11948646,
        "f1_score": 0.9695577970335271,
        "mcc": 0.9540457823618859,
        "accuracy": 0.9638633377135348,
        "precision": 0.9722281236101221,
        "recall": 0.9683825125573251,
        "confusion_matrix": [
            [
                0.9897645854657113,
                0.0010235414534288639,
                0.009211873080859774,
                0.0,
                0.0,
                0.0
            ],
            [
                0.007228915662650603,
                0.9734939759036144,
                0.00963855421686747,
                0.0,
                0.00963855421686747,
                0.0
            ],
            [
                0.03257328990228013,
                0.0016286644951140066,
                0.9641693811074918,
                0.0,
                0.0016286644951140066,
                0.0
            ],
            [
                0.0,
                0.0,
                0.0,
                1.0,
                0.0,
                0.0
            ],
            [
                0.0,
                0.015734265734265736,
                0.10139860139860139,
                0.0,
                0.8828671328671329,
                0.0
            ],
            [
                0.0,
                0.0,
                0.0,
                0.0,
                0.0,
                1.0
            ]
        ],
        "confusion_matrix_labels": [
            "DoS/DDoS",
            "Info_Gathering",
            "Injection",
            "MITM",
            "Malware",
            "Normal"
        ],
        "round_time": 8.457712888717651,
        "round_start_time": 1771783662.9389827,
        "round_end_time": 1771783671.3966956,
        "evaluate_time": 0.3405618667602539,
        "inference_time": 0.04229736328125
    },
    "9": {
        "trees_by_client": 100,
        "first_server_serialise_trees_size": 85017,
        "fit_time": 1.330366849899292,
        "client_serialise_trees_size": 2544120,
        "final_server_serialise_trees_size": 13185110,
        "f1_score": 0.969207769779353,
        "mcc": 0.9536149156588022,
        "accuracy": 0.9635348226018396,
        "precision": 0.9718944926736679,
        "recall": 0.9679809061316224,
        "confusion_matrix": [
            [
                0.9897645854657113,
                0.0010235414534288639,
                0.009211873080859774,
                0.0,
                0.0,
                0.0
            ],
            [
                0.007228915662650603,
                0.9710843373493976,
                0.00963855421686747,
                0.0,
                0.012048192771084338,
                0.0
            ],
            [
                0.03257328990228013,
                0.0016286644951140066,
                0.9641693811074918,
                0.0,
                0.0016286644951140066,
                0.0
            ],
            [
                0.0,
                0.0,
                0.0,
                1.0,
                0.0,
                0.0
            ],
            [
                0.0,
                0.015734265734265736,
                0.10139860139860139,
                0.0,
                0.8828671328671329,
                0.0
            ],
            [
                0.0,
                0.0,
                0.0,
                0.0,
                0.0,
                1.0
            ]
        ],
        "confusion_matrix_labels": [
            "DoS/DDoS",
            "Info_Gathering",
            "Injection",
            "MITM",
            "Malware",
            "Normal"
        ],
        "round_time": 9.613277196884155,
        "round_start_time": 1771783686.5689979,
        "round_end_time": 1771783696.182275,
        "evaluate_time": 0.4594910144805908,
        "inference_time": 0.06657075881958008
    },
    "10": {
        "trees_by_client": 110,
        "first_server_serialise_trees_size": 94613,
        "fit_time": 1.5209529399871826,
        "client_serialise_trees_size": 2810671,
        "final_server_serialise_trees_size": 14462897,
        "f1_score": 0.9698554101491048,
        "mcc": 0.9544235419448159,
        "accuracy": 0.96419185282523,
        "precision": 0.9723522823340858,
        "recall": 0.96868444176351,
        "confusion_matrix": [
            [
                0.9887410440122825,
                0.0010235414534288639,
                0.01023541453428864,
                0.0,
                0.0,
                0.0
            ],
            [
                0.007228915662650603,
                0.9710843373493976,
                0.00963855421686747,
                0.0,
                0.012048192771084338,
                0.0
            ],
            [
                0.03257328990228013,
                0.0016286644951140066,
                0.9641693811074918,
                0.0,
                0.0016286644951140066,
                0.0
            ],
            [
                0.0,
                0.0,
                0.0,
                1.0,
                0.0,
                0.0
            ],
            [
                0.0,
                0.015734265734265736,
                0.09615384615384616,
                0.0,
                0.8881118881118881,
                0.0
            ],
            [
                0.0,
                0.0,
                0.0,
                0.0,
                0.0,
                1.0
            ]
        ],
        "confusion_matrix_labels": [
            "DoS/DDoS",
            "Info_Gathering",
            "Injection",
            "MITM",
            "Malware",
            "Normal"
        ],
        "round_time": 10.108576536178589,
        "round_start_time": 1771783711.3249574,
        "round_end_time": 1771783721.433534,
        "evaluate_time": 0.48009657859802246,
        "inference_time": 0.045270442962646484
    },
    "11": {
        "trees_by_client": 120,
        "first_server_serialise_trees_size": 104004,
        "fit_time": 1.7489490509033203,
        "client_serialise_trees_size": 3199231,
        "final_server_serialise_trees_size": 15867846,
        "f1_score": 0.9689176293931901,
        "mcc": 0.9531915460170591,
        "accuracy": 0.9632063074901446,
        "precision": 0.971719497227005,
        "recall": 0.9675792997059194,
        "confusion_matrix": [
            [
                0.9897645854657113,
                0.0010235414534288639,
                0.009211873080859774,
                0.0,
                0.0,
                0.0
            ],
            [
                0.00963855421686747,
                0.9686746987951808,
                0.00963855421686747,
                0.0,
                0.012048192771084338,
                0.0
            ],
            [
                0.03257328990228013,
                0.0016286644951140066,
                0.9641693811074918,
                0.0,
                0.0016286644951140066,
                0.0
            ],
            [
                0.0,
                0.0,
                0.0,
                1.0,
                0.0,
                0.0
            ],
            [
                0.0,
                0.015734265734265736,
                0.10139860139860139,
                0.0,
                0.8828671328671329,
                0.0
            ],
            [
                0.0,
                0.0,
                0.0,
                0.0,
                0.0,
                1.0
            ]
        ],
        "confusion_matrix_labels": [
            "DoS/DDoS",
            "Info_Gathering",
            "Injection",
            "MITM",
            "Malware",
            "Normal"
        ],
        "round_time": 11.112004518508911,
        "round_start_time": 1771783736.588005,
        "round_end_time": 1771783747.7000096,
        "evaluate_time": 0.48497629165649414,
        "inference_time": 0.058362722396850586
    },
    "12": {
        "trees_by_client": 130,
        "first_server_serialise_trees_size": 113416,
        "fit_time": 1.8535852432250977,
        "client_serialise_trees_size": 3429273,
        "final_server_serialise_trees_size": 17425310,
        "f1_score": 0.9689122926124641,
        "mcc": 0.9531761083227597,
        "accuracy": 0.9632063074901446,
        "precision": 0.9717734044502798,
        "recall": 0.967469068571592,
        "confusion_matrix": [
            [
                0.9897645854657113,
                0.0010235414534288639,
                0.009211873080859774,
                0.0,
                0.0,
                0.0
            ],
            [
                0.012048192771084338,
                0.9662650602409638,
                0.00963855421686747,
                0.0,
                0.012048192771084338,
                0.0
            ],
            [
                0.03257328990228013,
                0.0016286644951140066,
                0.9641693811074918,
                0.0,
                0.0016286644951140066,
                0.0
            ],
            [
                0.0,
                0.0,
                0.0,
                1.0,
                0.0,
                0.0
            ],
            [
                0.0,
                0.015734265734265736,
                0.09965034965034965,
                0.0,
                0.8846153846153846,
                0.0
            ],
            [
                0.0,
                0.0,
                0.0,
                0.0,
                0.0,
                1.0
            ]
        ],
        "confusion_matrix_labels": [
            "DoS/DDoS",
            "Info_Gathering",
            "Injection",
            "MITM",
            "Malware",
            "Normal"
        ],
        "round_time": 11.95038366317749,
        "round_start_time": 1771783762.851722,
        "round_end_time": 1771783774.8021057,
        "evaluate_time": 0.6172561645507812,
        "inference_time": 0.06945466995239258
    },
    "13": {
        "trees_by_client": 140,
        "first_server_serialise_trees_size": 123628,
        "fit_time": 1.355715274810791,
        "client_serialise_trees_size": 3614980,
        "final_server_serialise_trees_size": 18590080,
        "f1_score": 0.9689828027684579,
        "mcc": 0.9532150249059612,
        "accuracy": 0.9632063074901446,
        "precision": 0.971825845397495,
        "recall": 0.9676895308402469,
        "confusion_matrix": [
            [
                0.9897645854657113,
                0.0010235414534288639,
                0.009211873080859774,
                0.0,
                0.0,
                0.0
            ],
            [
                0.00963855421686747,
                0.9710843373493976,
                0.00963855421686747,
                0.0,
                0.00963855421686747,
                0.0
            ],
            [
                0.03257328990228013,
                0.0016286644951140066,
                0.9641693811074918,
                0.0,
                0.0016286644951140066,
                0.0
            ],
            [
                0.0,
                0.0,
                0.0,
                1.0,
                0.0,
                0.0
            ],
            [
                0.0,
                0.015734265734265736,
                0.10314685314685315,
                0.0,
                0.8811188811188811,
                0.0
            ],
            [
                0.0,
                0.0,
                0.0,
                0.0,
                0.0,
                1.0
            ]
        ],
        "confusion_matrix_labels": [
            "DoS/DDoS",
            "Info_Gathering",
            "Injection",
            "MITM",
            "Malware",
            "Normal"
        ],
        "round_time": 12.45534086227417,
        "round_start_time": 1771783789.9899495,
        "round_end_time": 1771783802.4452903,
        "evaluate_time": 0.6892998218536377,
        "inference_time": 0.08830618858337402
    },
    "14": {
        "trees_by_client": 150,
        "first_server_serialise_trees_size": 131453,
        "fit_time": 2.0340683460235596,
        "client_serialise_trees_size": 3973417,
        "final_server_serialise_trees_size": 19675828,
        "f1_score": 0.9698385187091069,
        "mcc": 0.9544376525013176,
        "accuracy": 0.96419185282523,
        "precision": 0.9725098455090135,
        "recall": 0.9685636567143728,
        "confusion_matrix": [
            [
                0.9897645854657113,
                0.0010235414534288639,
                0.009211873080859774,
                0.0,
                0.0,
                0.0
            ],
            [
                0.00963855421686747,
                0.9710843373493976,
                0.00963855421686747,
                0.0,
                0.00963855421686747,
                0.0
            ],
            [
                0.03257328990228013,
                0.0016286644951140066,
                0.9641693811074918,
                0.0,
                0.0016286644951140066,
                0.0
            ],
            [
                0.0,
                0.0,
                0.0,
                1.0,
                0.0,
                0.0
            ],
            [
                0.0,
                0.015734265734265736,
                0.0979020979020979,
                0.0,
                0.8863636363636364,
                0.0
            ],
            [
                0.0,
                0.0,
                0.0,
                0.0,
                0.0,
                1.0
            ]
        ],
        "confusion_matrix_labels": [
            "DoS/DDoS",
            "Info_Gathering",
            "Injection",
            "MITM",
            "Malware",
            "Normal"
        ],
        "round_time": 13.15407681465149,
        "round_start_time": 1771783817.6770093,
        "round_end_time": 1771783830.8310862,
        "evaluate_time": 0.6943011283874512,
        "inference_time": 0.07834053039550781
    },
    "15": {
        "trees_by_client": 160,
        "first_server_serialise_trees_size": 141657,
        "fit_time": 2.0152039527893066,
        "client_serialise_trees_size": 4100763,
        "final_server_serialise_trees_size": 21160140,
        "f1_score": 0.9692028487171882,
        "mcc": 0.9535992351052565,
        "accuracy": 0.9635348226018396,
        "precision": 0.9719481207516063,
        "recall": 0.9678706749972946,
        "confusion_matrix": [
            [
                0.9897645854657113,
                0.0010235414534288639,
                0.009211873080859774,
                0.0,
                0.0,
                0.0
            ],
            [
                0.00963855421686747,
                0.9686746987951808,
                0.00963855421686747,
                0.0,
                0.012048192771084338,
                0.0
            ],
            [
                0.03257328990228013,
                0.0016286644951140066,
                0.9641693811074918,
                0.0,
                0.0016286644951140066,
                0.0
            ],
            [
                0.0,
                0.0,
                0.0,
                1.0,
                0.0,
                0.0
            ],
            [
                0.0,
                0.015734265734265736,
                0.09965034965034965,
                0.0,
                0.8846153846153846,
                0.0
            ],
            [
                0.0,
                0.0,
                0.0,
                0.0,
                0.0,
                1.0
            ]
        ],
        "confusion_matrix_labels": [
            "DoS/DDoS",
            "Info_Gathering",
            "Injection",
            "MITM",
            "Malware",
            "Normal"
        ],
        "round_time": 14.366289615631104,
        "round_start_time": 1771783845.998008,
        "round_end_time": 1771783860.3642976,
        "evaluate_time": 0.7054274082183838,
        "inference_time": 0.11495041847229004
    },
    "16": {
        "trees_by_client": 170,
        "first_server_serialise_trees_size": 150750,
        "fit_time": 1.7768456935882568,
        "client_serialise_trees_size": 4426013,
        "final_server_serialise_trees_size": 22569413,
        "f1_score": 0.9689224366213578,
        "mcc": 0.9532075144028641,
        "accuracy": 0.9632063074901446,
        "precision": 0.971666531272731,
        "recall": 0.9676895308402469,
        "confusion_matrix": [
            [
                0.9897645854657113,
                0.0010235414534288639,
                0.009211873080859774,
                0.0,
                0.0,
                0.0
            ],
            [
                0.007228915662650603,
                0.9710843373493976,
                0.00963855421686747,
                0.0,
                0.012048192771084338,
                0.0
            ],
            [
                0.03257328990228013,
                0.0016286644951140066,
                0.9641693811074918,
                0.0,
                0.0016286644951140066,
                0.0
            ],
            [
                0.0,
                0.0,
                0.0,
                1.0,
                0.0,
                0.0
            ],
            [
                0.0,
                0.015734265734265736,
                0.10314685314685315,
                0.0,
                0.8811188811188811,
                0.0
            ],
            [
                0.0,
                0.0,
                0.0,
                0.0,
                0.0,
                1.0
            ]
        ],
        "confusion_matrix_labels": [
            "DoS/DDoS",
            "Info_Gathering",
            "Injection",
            "MITM",
            "Malware",
            "Normal"
        ],
        "round_time": 14.41716194152832,
        "round_start_time": 1771783875.5789971,
        "round_end_time": 1771783889.996159,
        "evaluate_time": 0.7389953136444092,
        "inference_time": 0.08090972900390625
    },
    "17": {
        "trees_by_client": 180,
        "first_server_serialise_trees_size": 160974,
        "fit_time": 2.5155625343322754,
        "client_serialise_trees_size": 4685777,
        "final_server_serialise_trees_size": 23784881,
        "f1_score": 0.968780243236614,
        "mcc": 0.9528171470154589,
        "accuracy": 0.9628777923784494,
        "precision": 0.9715474218589959,
        "recall": 0.9676291717323363,
        "confusion_matrix": [
            [
                0.9887410440122825,
                0.0010235414534288639,
                0.01023541453428864,
                0.0,
                0.0,
                0.0
            ],
            [
                0.007228915662650603,
                0.9734939759036144,
                0.00963855421686747,
                0.0,
                0.00963855421686747,
                0.0
            ],
            [
                0.03257328990228013,
                0.0016286644951140066,
                0.9641693811074918,
                0.0,
                0.0016286644951140066,
                0.0
            ],
            [
                0.0,
                0.0,
                0.0,
                1.0,
                0.0,
                0.0
            ],
            [
                0.0,
                0.015734265734265736,
                0.1048951048951049,
                0.0,
                0.8793706293706294,
                0.0
            ],
            [
                0.0,
                0.0,
                0.0,
                0.0,
                0.0,
                1.0
            ]
        ],
        "confusion_matrix_labels": [
            "DoS/DDoS",
            "Info_Gathering",
            "Injection",
            "MITM",
            "Malware",
            "Normal"
        ],
        "round_time": 15.235605955123901,
        "round_start_time": 1771783905.146076,
        "round_end_time": 1771783920.381682,
        "evaluate_time": 0.6597020626068115,
        "inference_time": 0.08214879035949707
    },
    "18": {
        "trees_by_client": 190,
        "first_server_serialise_trees_size": 171095,
        "fit_time": 2.653921365737915,
        "client_serialise_trees_size": 4941044,
        "final_server_serialise_trees_size": 24941632,
        "f1_score": 0.969492989103351,
        "mcc": 0.9540225648291246,
        "accuracy": 0.9638633377135348,
        "precision": 0.9721231161982692,
        "recall": 0.9682722814229976,
        "confusion_matrix": [
            [
                0.9897645854657113,
                0.0010235414534288639,
                0.009211873080859774,
                0.0,
                0.0,
                0.0
            ],
            [
                0.007228915662650603,
                0.9710843373493976,
                0.00963855421686747,
                0.0,
                0.012048192771084338,
                0.0
            ],
            [
                0.03257328990228013,
                0.0016286644951140066,
                0.9641693811074918,
                0.0,
                0.0016286644951140066,
                0.0
            ],
            [
                0.0,
                0.0,
                0.0,
                1.0,
                0.0,
                0.0
            ],
            [
                0.0,
                0.015734265734265736,
                0.09965034965034965,
                0.0,
                0.8846153846153846,
                0.0
            ],
            [
                0.0,
                0.0,
                0.0,
                0.0,
                0.0,
                1.0
            ]
        ],
        "confusion_matrix_labels": [
            "DoS/DDoS",
            "Info_Gathering",
            "Injection",
            "MITM",
            "Malware",
            "Normal"
        ],
        "round_time": 16.722048044204712,
        "round_start_time": 1771783935.5624506,
        "round_end_time": 1771783952.2844987,
        "evaluate_time": 0.8692867755889893,
        "inference_time": 0.12427139282226562
    },
    "19": {
        "trees_by_client": 200,
        "first_server_serialise_trees_size": 179098,
        "fit_time": 2.7334847450256348,
        "client_serialise_trees_size": 5175406,
        "final_server_serialise_trees_size": 26095457,
        "f1_score": 0.9697780958780552,
        "mcc": 0.9544304622215355,
        "accuracy": 0.96419185282523,
        "precision": 0.9723524050073172,
        "recall": 0.9685636567143728,
        "confusion_matrix": [
            [
                0.9897645854657113,
                0.0010235414534288639,
                0.009211873080859774,
                0.0,
                0.0,
                0.0
            ],
            [
                0.007228915662650603,
                0.9710843373493976,
                0.00963855421686747,
                0.0,
                0.012048192771084338,
                0.0
            ],
            [
                0.03257328990228013,
                0.0016286644951140066,
                0.9641693811074918,
                0.0,
                0.0016286644951140066,
                0.0
            ],
