{
    "0": {
        "trees_by_client": 10,
        "first_server_serialise_trees_size": 9287,
        "fit_time": 0.06727004051208496,
        "client_serialise_trees_size": 253800,
        "final_server_serialise_trees_size": 1295103,
        "f1_score": 0.9709873077792772,
        "mcc": 0.956100790584907,
        "accuracy": 0.9655059132720105,
        "precision": 0.9733193630816209,
        "recall": 0.969949620148529,
        "confusion_matrix": [
            [
                0.9897645854657113,
                0.0010235414534288639,
                0.009211873080859774,
                0.0,
                0.0,
                0.0
            ],
            [
                0.004819277108433735,
                0.9759036144578314,
                0.00963855421686747,
                0.0,
                0.00963855421686747,
                0.0
            ],
            [
                0.03257328990228013,
                0.0016286644951140066,
                0.9641693811074918,
                0.0,
                0.0016286644951140066,
                0.0
            ],
            [
                0.0,
                0.0,
                0.0,
                1.0,
                0.0,
                0.0
            ],
            [
                0.0,
                0.015734265734265736,
                0.0944055944055944,
                0.0,
                0.8898601398601399,
                0.0
            ],
            [
                0.0,
                0.0,
                0.0,
                0.0,
                0.0,
                1.0
            ]
        ],
        "confusion_matrix_labels": [
            "DoS/DDoS",
            "Info_Gathering",
            "Injection",
            "MITM",
            "Malware",
            "Normal"
        ],
        "round_time": 26.734615802764893,
        "round_start_time": 1772640353.6106677,
        "round_end_time": 1772640380.3452835,
        "evaluate_time": 0.19958782196044922,
        "inference_time": 0.0129547119140625
    },
    "1": {
        "trees_by_client": 20,
        "first_server_serialise_trees_size": 9437,
        "fit_time": 0.17679071426391602,
        "client_serialise_trees_size": 549510,
        "final_server_serialise_trees_size": 2690001,
        "f1_score": 0.9709828723298877,
        "mcc": 0.9560857804233515,
        "accuracy": 0.9655059132720105,
        "precision": 0.9733748272399053,
        "recall": 0.9698393890142015,
        "confusion_matrix": [
            [
                0.9897645854657113,
                0.0010235414534288639,
                0.009211873080859774,
                0.0,
                0.0,
                0.0
            ],
            [
                0.007228915662650603,
                0.9734939759036144,
                0.00963855421686747,
                0.0,
                0.00963855421686747,
                0.0
            ],
            [
                0.03257328990228013,
                0.0016286644951140066,
                0.9641693811074918,
                0.0,
                0.0016286644951140066,
                0.0
            ],
            [
                0.0,
                0.0,
                0.0,
                1.0,
                0.0,
                0.0
            ],
            [
                0.0,
                0.015734265734265736,
                0.09265734265734266,
                0.0,
                0.8916083916083916,
                0.0
            ],
            [
                0.0,
                0.0,
                0.0,
                0.0,
                0.0,
                1.0
            ]
        ],
        "confusion_matrix_labels": [
            "DoS/DDoS",
            "Info_Gathering",
            "Injection",
            "MITM",
            "Malware",
            "Normal"
        ],
        "round_time": 3.140535831451416,
        "round_start_time": 1772640396.0507483,
        "round_end_time": 1772640399.1912842,
        "evaluate_time": 0.23862552642822266,
        "inference_time": 0.016429662704467773
    },
    "2": {
        "trees_by_client": 30,
        "first_server_serialise_trees_size": 18926,
        "fit_time": 0.2991769313812256,
        "client_serialise_trees_size": 781968,
        "final_server_serialise_trees_size": 4067955,
        "f1_score": 0.970063091386479,
        "mcc": 0.954838608144322,
        "accuracy": 0.9645203679369251,
        "precision": 0.9725823622795371,
        "recall": 0.9688550320057482,
        "confusion_matrix": [
            [
                0.9897645854657113,
                0.0010235414534288639,
                0.009211873080859774,
                0.0,
                0.0,
                0.0
            ],
            [
                0.007228915662650603,
                0.9710843373493976,
                0.00963855421686747,
                0.0,
                0.012048192771084338,
                0.0
            ],
            [
                0.03257328990228013,
                0.0016286644951140066,
                0.9641693811074918,
                0.0,
                0.0016286644951140066,
                0.0
            ],
            [
                0.0,
                0.0,
                0.0,
                1.0,
                0.0,
                0.0
            ],
            [
                0.0,
                0.015734265734265736,
                0.09615384615384616,
                0.0,
                0.8881118881118881,
                0.0
            ],
            [
                0.0,
                0.0,
                0.0,
                0.0,
                0.0,
                1.0
            ]
        ],
        "confusion_matrix_labels": [
            "DoS/DDoS",
            "Info_Gathering",
            "Injection",
            "MITM",
            "Malware",
            "Normal"
        ],
        "round_time": 4.622967958450317,
        "round_start_time": 1772640414.3474612,
        "round_end_time": 1772640418.9704292,
        "evaluate_time": 0.12424778938293457,
        "inference_time": 0.011320114135742188
    },
    "3": {
        "trees_by_client": 40,
        "first_server_serialise_trees_size": 28420,
        "fit_time": 0.36761951446533203,
        "client_serialise_trees_size": 1055045,
        "final_server_serialise_trees_size": 5409355,
        "f1_score": 0.9701192281204941,
        "mcc": 0.9548046191101323,
        "accuracy": 0.9645203679369251,
        "precision": 0.9726799127581464,
        "recall": 0.9687647320802769,
        "confusion_matrix": [
            [
                0.9897645854657113,
                0.0010235414534288639,
                0.009211873080859774,
                0.0,
                0.0,
                0.0
            ],
            [
                0.012048192771084338,
                0.9686746987951808,
                0.00963855421686747,
                0.0,
                0.00963855421686747,
                0.0
            ],
            [
                0.03257328990228013,
                0.0016286644951140066,
                0.9625407166123778,
                0.0,
                0.003257328990228013,
                0.0
            ],
            [
                0.0,
                0.0,
                0.0,
                1.0,
                0.0,
                0.0
            ],
            [
                0.0,
                0.015734265734265736,
                0.09265734265734266,
                0.0,
                0.8916083916083916,
                0.0
            ],
            [
                0.0,
                0.0,
                0.0,
                0.0,
                0.0,
                1.0
            ]
        ],
        "confusion_matrix_labels": [
            "DoS/DDoS",
            "Info_Gathering",
            "Injection",
            "MITM",
            "Malware",
            "Normal"
        ],
        "round_time": 3.930070638656616,
        "round_start_time": 1772640434.037484,
        "round_end_time": 1772640437.9675546,
        "evaluate_time": 0.24286961555480957,
        "inference_time": 0.029430627822875977
    },
    "4": {
        "trees_by_client": 50,
        "first_server_serialise_trees_size": 37857,
        "fit_time": 0.6752629280090332,
        "client_serialise_trees_size": 1323395,
        "final_server_serialise_trees_size": 6677423,
        "f1_score": 0.9692856882477705,
        "mcc": 0.9536077816922747,
        "accuracy": 0.9635348226018396,
        "precision": 0.9718943997159003,
        "recall": 0.9681016911807593,
        "confusion_matrix": [
            [
                0.9887410440122825,
                0.0010235414534288639,
                0.01023541453428864,
                0.0,
                0.0,
                0.0
            ],
            [
                0.007228915662650603,
                0.9710843373493976,
                0.00963855421686747,
                0.0,
                0.012048192771084338,
                0.0
            ],
            [
                0.03257328990228013,
                0.0016286644951140066,
                0.9641693811074918,
                0.0,
                0.0016286644951140066,
                0.0
            ],
            [
                0.0,
                0.0,
                0.0,
                1.0,
                0.0,
                0.0
            ],
            [
                0.0,
                0.015734265734265736,
                0.09965034965034965,
                0.0,
                0.8846153846153846,
                0.0
            ],
            [
                0.0,
                0.0,
                0.0,
                0.0,
                0.0,
                1.0
            ]
        ],
        "confusion_matrix_labels": [
            "DoS/DDoS",
            "Info_Gathering",
            "Injection",
            "MITM",
            "Malware",
            "Normal"
        ],
        "round_time": 5.585030794143677,
        "round_start_time": 1772640453.1424913,
        "round_end_time": 1772640458.7275221,
        "evaluate_time": 0.3349649906158447,
        "inference_time": 0.035442352294921875
    },
    "5": {
        "trees_by_client": 60,
        "first_server_serialise_trees_size": 47744,
        "fit_time": 0.8404090404510498,
        "client_serialise_trees_size": 1564357,
        "final_server_serialise_trees_size": 8013364,
        "f1_score": 0.9692724446658492,
        "mcc": 0.953638527759584,
        "accuracy": 0.9635348226018396,
        "precision": 0.9720007891700556,
        "recall": 0.9680911372659499,
        "confusion_matrix": [
            [
                0.9897645854657113,
                0.0010235414534288639,
                0.009211873080859774,
                0.0,
                0.0,
                0.0
            ],
            [
                0.007228915662650603,
                0.9734939759036144,
                0.00963855421686747,
                0.0,
                0.00963855421686747,
                0.0
            ],
            [
                0.03257328990228013,
                0.0016286644951140066,
                0.9641693811074918,
                0.0,
                0.0016286644951140066,
                0.0
            ],
            [
                0.0,
                0.0,
                0.0,
                1.0,
                0.0,
                0.0
            ],
            [
                0.0,
                0.015734265734265736,
                0.10314685314685315,
                0.0,
                0.8811188811188811,
                0.0
            ],
            [
                0.0,
                0.0,
                0.0,
                0.0,
                0.0,
                1.0
            ]
        ],
        "confusion_matrix_labels": [
            "DoS/DDoS",
            "Info_Gathering",
            "Injection",
            "MITM",
            "Malware",
            "Normal"
        ],
        "round_time": 6.492236614227295,
        "round_start_time": 1772640473.8843029,
        "round_end_time": 1772640480.3765395,
        "evaluate_time": 0.37094736099243164,
        "inference_time": 0.04773855209350586
    },
    "6": {
        "trees_by_client": 70,
        "first_server_serialise_trees_size": 57123,
        "fit_time": 0.6159982681274414,
        "client_serialise_trees_size": 1830244,
        "final_server_serialise_trees_size": 9314489,
        "f1_score": 0.9695533933542354,
        "mcc": 0.9540298619180232,
        "accuracy": 0.9638633377135348,
        "precision": 0.9722811788258187,
        "recall": 0.9682722814229976,
        "confusion_matrix": [
            [
                0.9897645854657113,
                0.0010235414534288639,
                0.009211873080859774,
                0.0,
                0.0,
                0.0
            ],
            [
                0.00963855421686747,
                0.9710843373493976,
                0.00963855421686747,
                0.0,
                0.00963855421686747,
                0.0
            ],
            [
                0.03257328990228013,
                0.0016286644951140066,
                0.9641693811074918,
                0.0,
                0.0016286644951140066,
                0.0
            ],
            [
                0.0,
                0.0,
                0.0,
                1.0,
                0.0,
                0.0
            ],
            [
                0.0,
                0.015734265734265736,
                0.09965034965034965,
                0.0,
                0.8846153846153846,
                0.0
            ],
            [
                0.0,
                0.0,
                0.0,
                0.0,
                0.0,
                1.0
            ]
        ],
        "confusion_matrix_labels": [
            "DoS/DDoS",
            "Info_Gathering",
            "Injection",
            "MITM",
            "Malware",
            "Normal"
        ],
        "round_time": 7.917964935302734,
        "round_start_time": 1772640495.5645564,
        "round_end_time": 1772640503.4825213,
        "evaluate_time": 0.19516396522521973,
        "inference_time": 0.02324819564819336
    },
    "7": {
        "trees_by_client": 80,
        "first_server_serialise_trees_size": 66042,
        "fit_time": 0.8811964988708496,
        "client_serialise_trees_size": 2063771,
        "final_server_serialise_trees_size": 10598409,
        "f1_score": 0.9686973349631337,
        "mcc": 0.9528079778628717,
        "accuracy": 0.9628777923784494,
        "precision": 0.9715991723767771,
        "recall": 0.9673981555488717,
        "confusion_matrix": [
            [
                0.9897645854657113,
                0.0010235414534288639,
                0.009211873080859774,
                0.0,
                0.0,
                0.0
            ],
            [
                0.00963855421686747,
                0.9710843373493976,
                0.00963855421686747,
                0.0,
                0.00963855421686747,
                0.0
            ],
            [
                0.03257328990228013,
                0.0016286644951140066,
                0.9641693811074918,
                0.0,
                0.0016286644951140066,
                0.0
            ],
            [
                0.0,
                0.0,
                0.0,
                1.0,
                0.0,
                0.0
            ],
            [
                0.0,
                0.015734265734265736,
                0.1048951048951049,
                0.0,
                0.8793706293706294,
                0.0
            ],
            [
                0.0,
                0.0,
                0.0,
                0.0,
                0.0,
                1.0
            ]
        ],
        "confusion_matrix_labels": [
            "DoS/DDoS",
            "Info_Gathering",
            "Injection",
            "MITM",
            "Malware",
            "Normal"
        ],
        "round_time": 7.17919659614563,
        "round_start_time": 1772640518.5594828,
        "round_end_time": 1772640525.7386794,
        "evaluate_time": 0.42974424362182617,
        "inference_time": 0.04574704170227051
    },
    "8": {
        "trees_by_client": 90,
        "first_server_serialise_trees_size": 74995,
        "fit_time": 1.1373448371887207,
        "client_serialise_trees_size": 2349184,
        "final_server_serialise_trees_size": 11847019,
        "f1_score": 0.9692724446658492,
        "mcc": 0.953638527759584,
        "accuracy": 0.9635348226018396,
        "precision": 0.9720007891700556,
        "recall": 0.9680911372659499,
        "confusion_matrix": [
            [
                0.9897645854657113,
                0.0010235414534288639,
                0.009211873080859774,
                0.0,
                0.0,
                0.0
            ],
            [
                0.007228915662650603,
                0.9734939759036144,
                0.00963855421686747,
                0.0,
                0.00963855421686747,
                0.0
            ],
            [
                0.03257328990228013,
                0.0016286644951140066,
                0.9641693811074918,
                0.0,
                0.0016286644951140066,
                0.0
            ],
            [
                0.0,
                0.0,
                0.0,
                1.0,
                0.0,
                0.0
            ],
            [
                0.0,
                0.015734265734265736,
                0.10314685314685315,
                0.0,
                0.8811188811188811,
                0.0
            ],
            [
                0.0,
                0.0,
                0.0,
                0.0,
                0.0,
                1.0
            ]
        ],
        "confusion_matrix_labels": [
            "DoS/DDoS",
            "Info_Gathering",
            "Injection",
            "MITM",
            "Malware",
            "Normal"
        ],
        "round_time": 8.285479068756104,
        "round_start_time": 1772640540.9155154,
        "round_end_time": 1772640549.2009945,
        "evaluate_time": 0.4719877243041992,
        "inference_time": 0.058052778244018555
    },
    "9": {
        "trees_by_client": 100,
        "first_server_serialise_trees_size": 85096,
        "fit_time": 1.0779290199279785,
        "client_serialise_trees_size": 2604606,
        "final_server_serialise_trees_size": 13062942,
        "f1_score": 0.9692724446658492,
        "mcc": 0.953638527759584,
        "accuracy": 0.9635348226018396,
        "precision": 0.9720007891700556,
        "recall": 0.9680911372659499,
        "confusion_matrix": [
            [
                0.9897645854657113,
                0.0010235414534288639,
                0.009211873080859774,
                0.0,
                0.0,
                0.0
            ],
            [
                0.007228915662650603,
                0.9734939759036144,
                0.00963855421686747,
                0.0,
                0.00963855421686747,
                0.0
            ],
            [
                0.03257328990228013,
                0.0016286644951140066,
                0.9641693811074918,
                0.0,
                0.0016286644951140066,
                0.0
            ],
            [
                0.0,
                0.0,
                0.0,
                1.0,
                0.0,
                0.0
            ],
            [
                0.0,
                0.015734265734265736,
                0.10314685314685315,
                0.0,
                0.8811188811188811,
                0.0
            ],
            [
                0.0,
                0.0,
                0.0,
                0.0,
                0.0,
                1.0
            ]
        ],
        "confusion_matrix_labels": [
            "DoS/DDoS",
            "Info_Gathering",
            "Injection",
            "MITM",
            "Malware",
            "Normal"
        ],
        "round_time": 9.711420059204102,
        "round_start_time": 1772640564.3433516,
        "round_end_time": 1772640574.0547717,
        "evaluate_time": 0.5180065631866455,
        "inference_time": 0.0440974235534668
    },
    "10": {
        "trees_by_client": 110,
        "first_server_serialise_trees_size": 94892,
        "fit_time": 1.151916265487671,
        "client_serialise_trees_size": 2832373,
        "final_server_serialise_trees_size": 14437789,
        "f1_score": 0.969492989103351,
        "mcc": 0.9540225648291246,
        "accuracy": 0.9638633377135348,
        "precision": 0.9721231161982692,
        "recall": 0.9682722814229976,
        "confusion_matrix": [
            [
                0.9897645854657113,
                0.0010235414534288639,
                0.009211873080859774,
                0.0,
                0.0,
                0.0
            ],
            [
                0.007228915662650603,
                0.9710843373493976,
                0.00963855421686747,
                0.0,
                0.012048192771084338,
                0.0
            ],
            [
                0.03257328990228013,
                0.0016286644951140066,
                0.9641693811074918,
                0.0,
                0.0016286644951140066,
                0.0
            ],
            [
                0.0,
                0.0,
                0.0,
                1.0,
                0.0,
                0.0
            ],
            [
                0.0,
                0.015734265734265736,
                0.09965034965034965,
                0.0,
                0.8846153846153846,
                0.0
            ],
            [
                0.0,
                0.0,
                0.0,
                0.0,
                0.0,
                1.0
            ]
        ],
        "confusion_matrix_labels": [
            "DoS/DDoS",
            "Info_Gathering",
            "Injection",
            "MITM",
            "Malware",
            "Normal"
        ],
        "round_time": 10.683350801467896,
        "round_start_time": 1772640589.2584827,
        "round_end_time": 1772640599.9418335,
        "evaluate_time": 0.5478973388671875,
        "inference_time": 0.06714701652526855
    },
    "11": {
        "trees_by_client": 120,
        "first_server_serialise_trees_size": 103871,
        "fit_time": 1.6593694686889648,
        "client_serialise_trees_size": 3075292,
        "final_server_serialise_trees_size": 15651209,
        "f1_score": 0.9686973349631337,
        "mcc": 0.9528079778628717,
        "accuracy": 0.9628777923784494,
        "precision": 0.9715991723767771,
        "recall": 0.9673981555488717,
        "confusion_matrix": [
            [
                0.9897645854657113,
                0.0010235414534288639,
                0.009211873080859774,
                0.0,
                0.0,
                0.0
            ],
            [
                0.00963855421686747,
                0.9710843373493976,
                0.00963855421686747,
                0.0,
                0.00963855421686747,
                0.0
            ],
            [
                0.03257328990228013,
                0.0016286644951140066,
                0.9641693811074918,
                0.0,
                0.0016286644951140066,
                0.0
            ],
            [
                0.0,
                0.0,
                0.0,
                1.0,
                0.0,
                0.0
            ],
            [
                0.0,
                0.015734265734265736,
                0.1048951048951049,
                0.0,
                0.8793706293706294,
                0.0
            ],
            [
                0.0,
                0.0,
                0.0,
                0.0,
                0.0,
                1.0
            ]
        ],
        "confusion_matrix_labels": [
            "DoS/DDoS",
            "Info_Gathering",
            "Injection",
            "MITM",
            "Malware",
            "Normal"
        ],
        "round_time": 11.352283239364624,
        "round_start_time": 1772640615.1045282,
        "round_end_time": 1772640626.4568114,
        "evaluate_time": 0.5406606197357178,
        "inference_time": 0.04934859275817871
    },
    "12": {
        "trees_by_client": 130,
        "first_server_serialise_trees_size": 113532,
        "fit_time": 1.3035449981689453,
        "client_serialise_trees_size": 3325000,
        "final_server_serialise_trees_size": 17041705,
        "f1_score": 0.9697780958780552,
        "mcc": 0.9544304622215355,
        "accuracy": 0.96419185282523,
        "precision": 0.9723524050073172,
        "recall": 0.9685636567143728,
        "confusion_matrix": [
            [
                0.9897645854657113,
                0.0010235414534288639,
                0.009211873080859774,
                0.0,
                0.0,
                0.0
            ],
            [
                0.007228915662650603,
                0.9710843373493976,
                0.00963855421686747,
                0.0,
                0.012048192771084338,
                0.0
            ],
            [
                0.03257328990228013,
                0.0016286644951140066,
                0.9641693811074918,
                0.0,
                0.0016286644951140066,
                0.0
            ],
            [
                0.0,
                0.0,
                0.0,
                1.0,
                0.0,
                0.0
            ],
            [
                0.0,
                0.015734265734265736,
                0.0979020979020979,
                0.0,
                0.8863636363636364,
                0.0
            ],
            [
                0.0,
                0.0,
                0.0,
                0.0,
                0.0,
                1.0
            ]
        ],
        "confusion_matrix_labels": [
            "DoS/DDoS",
            "Info_Gathering",
            "Injection",
            "MITM",
            "Malware",
            "Normal"
        ],
        "round_time": 11.989095449447632,
        "round_start_time": 1772640641.586542,
        "round_end_time": 1772640653.5756373,
        "evaluate_time": 0.5167286396026611,
        "inference_time": 0.06139039993286133
    },
    "13": {
        "trees_by_client": 140,
        "first_server_serialise_trees_size": 123213,
        "fit_time": 1.5211002826690674,
        "client_serialise_trees_size": 3695543,
        "final_server_serialise_trees_size": 18414558,
        "f1_score": 0.969207769779353,
        "mcc": 0.9536149156588022,
        "accuracy": 0.9635348226018396,
        "precision": 0.9718944926736679,
        "recall": 0.9679809061316224,
        "confusion_matrix": [
            [
                0.9897645854657113,
                0.0010235414534288639,
                0.009211873080859774,
                0.0,
                0.0,
                0.0
            ],
            [
                0.007228915662650603,
                0.9710843373493976,
                0.00963855421686747,
                0.0,
                0.012048192771084338,
                0.0
            ],
            [
                0.03257328990228013,
                0.0016286644951140066,
                0.9641693811074918,
                0.0,
                0.0016286644951140066,
                0.0
            ],
            [
                0.0,
                0.0,
                0.0,
                1.0,
                0.0,
                0.0
            ],
            [
                0.0,
                0.015734265734265736,
                0.10139860139860139,
                0.0,
                0.8828671328671329,
                0.0
            ],
            [
                0.0,
                0.0,
                0.0,
                0.0,
                0.0,
                1.0
            ]
        ],
        "confusion_matrix_labels": [
            "DoS/DDoS",
            "Info_Gathering",
            "Injection",
            "MITM",
            "Malware",
            "Normal"
        ],
        "round_time": 12.665216445922852,
        "round_start_time": 1772640668.7365391,
        "round_end_time": 1772640681.4017556,
        "evaluate_time": 0.696336030960083,
        "inference_time": 0.10597586631774902
    },
    "14": {
        "trees_by_client": 150,
        "first_server_serialise_trees_size": 132461,
        "fit_time": 2.0181832313537598,
        "client_serialise_trees_size": 3922421,
        "final_server_serialise_trees_size": 19644190,
        "f1_score": 0.9682005485513793,
        "mcc": 0.9519699645327416,
        "accuracy": 0.9622207621550591,
        "precision": 0.9711974905411248,
        "recall": 0.9668259588809307,
        "confusion_matrix": [
            [
                0.9887410440122825,
                0.0010235414534288639,
                0.01023541453428864,
                0.0,
                0.0,
                0.0
            ],
            [
                0.012048192771084338,
                0.9686746987951808,
                0.00963855421686747,
                0.0,
                0.00963855421686747,
                0.0
            ],
            [
                0.03257328990228013,
                0.0016286644951140066,
                0.9641693811074918,
                0.0,
                0.0016286644951140066,
                0.0
            ],
            [
                0.0,
                0.0,
                0.0,
                1.0,
                0.0,
                0.0
            ],
            [
                0.0,
                0.015734265734265736,
                0.1048951048951049,
                0.0,
                0.8793706293706294,
                0.0
            ],
            [
                0.0,
                0.0,
                0.0,
                0.0,
                0.0,
                1.0
            ]
        ],
        "confusion_matrix_labels": [
            "DoS/DDoS",
            "Info_Gathering",
            "Injection",
            "MITM",
            "Malware",
            "Normal"
        ],
        "round_time": 13.524399518966675,
        "round_start_time": 1772640696.6624646,
        "round_end_time": 1772640710.1868641,
        "evaluate_time": 0.6503441333770752,
        "inference_time": 0.09491372108459473
    },
    "15": {
        "trees_by_client": 160,
        "first_server_serialise_trees_size": 141717,
        "fit_time": 2.2170751094818115,
        "client_serialise_trees_size": 4195969,
        "final_server_serialise_trees_size": 21374722,
        "f1_score": 0.9692724446658492,
        "mcc": 0.953638527759584,
        "accuracy": 0.9635348226018396,
        "precision": 0.9720007891700556,
        "recall": 0.9680911372659499,
        "confusion_matrix": [
            [
                0.9897645854657113,
                0.0010235414534288639,
                0.009211873080859774,
                0.0,
                0.0,
                0.0
            ],
            [
                0.007228915662650603,
                0.9734939759036144,
                0.00963855421686747,
                0.0,
                0.00963855421686747,
                0.0
            ],
            [
                0.03257328990228013,
                0.0016286644951140066,
                0.9641693811074918,
                0.0,
                0.0016286644951140066,
                0.0
            ],
            [
                0.0,
                0.0,
                0.0,
                1.0,
                0.0,
                0.0
            ],
            [
                0.0,
                0.015734265734265736,
                0.10314685314685315,
                0.0,
                0.8811188811188811,
                0.0
            ],
            [
                0.0,
                0.0,
                0.0,
                0.0,
                0.0,
                1.0
            ]
        ],
        "confusion_matrix_labels": [
            "DoS/DDoS",
            "Info_Gathering",
            "Injection",
            "MITM",
            "Malware",
            "Normal"
        ],
        "round_time": 14.554262638092041,
        "round_start_time": 1772640725.4267023,
        "round_end_time": 1772640739.980965,
        "evaluate_time": 0.7408778667449951,
        "inference_time": 0.06304740905761719
    },
    "16": {
        "trees_by_client": 170,
        "first_server_serialise_trees_size": 151942,
        "fit_time": 1.5888302326202393,
        "client_serialise_trees_size": 4427389,
        "final_server_serialise_trees_size": 22243129,
        "f1_score": 0.9695577970335271,
        "mcc": 0.9540457823618859,
        "accuracy": 0.9638633377135348,
        "precision": 0.9722281236101221,
        "recall": 0.9683825125573251,
        "confusion_matrix": [
            [
                0.9897645854657113,
                0.0010235414534288639,
                0.009211873080859774,
                0.0,
                0.0,
                0.0
            ],
            [
                0.007228915662650603,
                0.9734939759036144,
                0.00963855421686747,
                0.0,
                0.00963855421686747,
                0.0
            ],
            [
                0.03257328990228013,
                0.0016286644951140066,
                0.9641693811074918,
                0.0,
                0.0016286644951140066,
                0.0
            ],
            [
                0.0,
                0.0,
                0.0,
                1.0,
                0.0,
                0.0
            ],
            [
                0.0,
                0.015734265734265736,
                0.10139860139860139,
                0.0,
                0.8828671328671329,
                0.0
            ],
            [
                0.0,
                0.0,
                0.0,
                0.0,
                0.0,
                1.0
            ]
        ],
        "confusion_matrix_labels": [
            "DoS/DDoS",
            "Info_Gathering",
            "Injection",
            "MITM",
            "Malware",
            "Normal"
        ],
        "round_time": 15.413801908493042,
        "round_start_time": 1772640755.101533,
        "round_end_time": 1772640770.5153348,
        "evaluate_time": 0.8713455200195312,
        "inference_time": 0.10429501533508301
    },
    "17": {
        "trees_by_client": 180,
        "first_server_serialise_trees_size": 160704,
        "fit_time": 2.367655038833618,
        "client_serialise_trees_size": 4620173,
        "final_server_serialise_trees_size": 23501585,
        "f1_score": 0.9689828027684579,
        "mcc": 0.9532150249059612,
        "accuracy": 0.9632063074901446,
        "precision": 0.971825845397495,
        "recall": 0.9676895308402469,
        "confusion_matrix": [
            [
                0.9897645854657113,
                0.0010235414534288639,
                0.009211873080859774,
                0.0,
                0.0,
                0.0
            ],
            [
                0.00963855421686747,
                0.9710843373493976,
                0.00963855421686747,
                0.0,
                0.00963855421686747,
                0.0
            ],
            [
                0.03257328990228013,
                0.0016286644951140066,
                0.9641693811074918,
                0.0,
                0.0016286644951140066,
                0.0
            ],
            [
                0.0,
                0.0,
                0.0,
                1.0,
                0.0,
                0.0
            ],
            [
                0.0,
                0.015734265734265736,
                0.10314685314685315,
                0.0,
                0.8811188811188811,
                0.0
            ],
            [
                0.0,
                0.0,
                0.0,
                0.0,
                0.0,
                1.0
            ]
        ],
        "confusion_matrix_labels": [
            "DoS/DDoS",
            "Info_Gathering",
            "Injection",
            "MITM",
            "Malware",
            "Normal"
        ],
        "round_time": 15.78343415260315,
        "round_start_time": 1772640785.7345135,
        "round_end_time": 1772640801.5179477,
        "evaluate_time": 0.776881217956543,
        "inference_time": 0.11016058921813965
    },
    "18": {
        "trees_by_client": 190,
        "first_server_serialise_trees_size": 169684,
        "fit_time": 2.3504793643951416,
        "client_serialise_trees_size": 4949517,
        "final_server_serialise_trees_size": 24964228,
        "f1_score": 0.9697780958780552,
        "mcc": 0.9544304622215355,
        "accuracy": 0.96419185282523,
        "precision": 0.9723524050073172,
        "recall": 0.9685636567143728,
        "confusion_matrix": [
            [
                0.9897645854657113,
                0.0010235414534288639,
                0.009211873080859774,
                0.0,
                0.0,
                0.0
            ],
            [
                0.007228915662650603,
                0.9710843373493976,
                0.00963855421686747,
                0.0,
                0.012048192771084338,
                0.0
            ],
            [
                0.03257328990228013,
                0.0016286644951140066,
                0.9641693811074918,
                0.0,
                0.0016286644951140066,
                0.0
            ],
            [
                0.0,
                0.0,
                0.0,
                1.0,
                0.0,
                0.0
            ],
            [
                0.0,
                0.015734265734265736,
                0.0979020979020979,
                0.0,
                0.8863636363636364,
                0.0
            ],
            [
                0.0,
                0.0,
                0.0,
                0.0,
                0.0,
                1.0
            ]
        ],
        "confusion_matrix_labels": [
            "DoS/DDoS",
            "Info_Gathering",
            "Injection",
            "MITM",
            "Malware",
            "Normal"
        ],
        "round_time": 16.86942172050476,
        "round_start_time": 1772640816.7375212,
        "round_end_time": 1772640833.606943,
        "evaluate_time": 0.8500397205352783,
        "inference_time": 0.10862588882446289
    },
    "19": {
        "trees_by_client": 200,
        "first_server_serialise_trees_size": 178908,
        "fit_time": 1.8328070640563965,
        "client_serialise_trees_size": 5161771,
        "final_server_serialise_trees_size": 26496287,
        "f1_score": 0.9692633375465856,
        "mcc": 0.953606642084915,
        "accuracy": 0.9635348226018396,
        "precision": 0.9721065145748623,
        "recall": 0.9678706749972946,
        "confusion_matrix": [
            [
                0.9897645854657113,
                0.0010235414534288639,
                0.009211873080859774,
                0.0,
                0.0,
                0.0
            ],
            [
                0.012048192771084338,
                0.9686746987951808,
                0.00963855421686747,
                0.0,
                0.00963855421686747,
                0.0
            ],
            [
                0.03257328990228013,
                0.0016286644951140066,
                0.9641693811074918,
                0.0,
                0.0016286644951140066,
