{
    "0": {
        "trees_by_client": 10,
        "first_server_serialise_trees_size": 9443,
        "fit_time": 0.06220054626464844,
        "client_serialise_trees_size": 198888,
        "final_server_serialise_trees_size": 1008920,
        "f1_score": 0.9710584295744032,
        "mcc": 0.9554935751836637,
        "accuracy": 0.9648488830486203,
        "precision": 0.9727290676370156,
        "recall": 0.9710032180839402,
        "confusion_matrix": [
            [
                0.9833159541188738,
                0.0,
                0.016684045881126174,
                0.0,
                0.0,
                0.0
            ],
            [
                0.007518796992481203,
                0.9874686716791979,
                0.002506265664160401,
                0.0,
                0.002506265664160401,
                0.0
            ],
            [
                0.032148900169204735,
                0.0,
                0.9661590524534687,
                0.0,
                0.001692047377326565,
                0.0
            ],
            [
                0.0,
                0.0,
                0.0,
                1.0,
                0.0,
                0.0
            ],
            [
                0.0,
                0.015126050420168067,
                0.0957983193277311,
                0.0,
                0.8890756302521008,
                0.0
            ],
            [
                0.0,
                0.0,
                0.0,
                0.0,
                0.0,
                1.0
            ]
        ],
        "confusion_matrix_labels": [
            "DoS/DDoS",
            "Info_Gathering",
            "Injection",
            "MITM",
            "Malware",
            "Normal"
        ],
        "round_time": 47.16619300842285,
        "round_start_time": 1764807359.8890636,
        "round_end_time": 1764807407.0552566,
        "evaluate_time": 0.20855116844177246,
        "inference_time": 0.012716531753540039
    },
    "1": {
        "trees_by_client": 20,
        "first_server_serialise_trees_size": 9569,
        "fit_time": 0.22637391090393066,
        "client_serialise_trees_size": 379200,
        "final_server_serialise_trees_size": 1958004,
        "f1_score": 0.970788845765813,
        "mcc": 0.9550763632809441,
        "accuracy": 0.9645203679369251,
        "precision": 0.9723349587717527,
        "recall": 0.9708588090869279,
        "confusion_matrix": [
            [
                0.9833159541188738,
                0.0,
                0.016684045881126174,
                0.0,
                0.0,
                0.0
            ],
            [
                0.005012531328320802,
                0.9899749373433584,
                0.002506265664160401,
                0.0,
                0.002506265664160401,
                0.0
            ],
            [
                0.032148900169204735,
                0.0,
                0.9644670050761421,
                0.0,
                0.00338409475465313,
                0.0
            ],
            [
                0.0,
                0.0,
                0.0,
                1.0,
                0.0,
                0.0
            ],
            [
                0.0,
                0.015126050420168067,
                0.09747899159663866,
                0.0,
                0.8873949579831932,
                0.0
            ],
            [
                0.0,
                0.0,
                0.0,
                0.0,
                0.0,
                1.0
            ]
        ],
        "confusion_matrix_labels": [
            "DoS/DDoS",
            "Info_Gathering",
            "Injection",
            "MITM",
            "Malware",
            "Normal"
        ],
        "round_time": 3.1459789276123047,
        "round_start_time": 1764807425.0525122,
        "round_end_time": 1764807428.198491,
        "evaluate_time": 0.24436306953430176,
        "inference_time": 0.019204139709472656
    },
    "2": {
        "trees_by_client": 30,
        "first_server_serialise_trees_size": 18985,
        "fit_time": 0.3507070541381836,
        "client_serialise_trees_size": 569692,
        "final_server_serialise_trees_size": 2968095,
        "f1_score": 0.9726800779459405,
        "mcc": 0.957912354816015,
        "accuracy": 0.966819973718791,
        "precision": 0.9737946112799604,
        "recall": 0.9728195934006535,
        "confusion_matrix": [
            [
                0.9833159541188738,
                0.0010427528675703858,
                0.01564129301355579,
                0.0,
                0.0,
                0.0
            ],
            [
                0.005012531328320802,
                0.9899749373433584,
                0.002506265664160401,
                0.0,
                0.002506265664160401,
                0.0
            ],
            [
                0.032148900169204735,
                0.0,
                0.9644670050761421,
                0.0,
                0.00338409475465313,
                0.0
            ],
            [
                0.0,
                0.0,
                0.0,
                1.0,
                0.0,
                0.0
            ],
            [
                0.0,
                0.015126050420168067,
                0.08571428571428572,
                0.0,
                0.8991596638655462,
                0.0
            ],
            [
                0.0,
                0.0,
                0.0,
                0.0,
                0.0,
                1.0
            ]
        ],
        "confusion_matrix_labels": [
            "DoS/DDoS",
            "Info_Gathering",
            "Injection",
            "MITM",
            "Malware",
            "Normal"
        ],
        "round_time": 4.330287456512451,
        "round_start_time": 1764807443.4474585,
        "round_end_time": 1764807447.777746,
        "evaluate_time": 0.27242064476013184,
        "inference_time": 0.025460243225097656
    },
    "3": {
        "trees_by_client": 40,
        "first_server_serialise_trees_size": 28176,
        "fit_time": 0.4453895092010498,
        "client_serialise_trees_size": 766593,
        "final_server_serialise_trees_size": 3915415,
        "f1_score": 0.9726831103044656,
        "mcc": 0.9579401974982171,
        "accuracy": 0.966819973718791,
        "precision": 0.973896131816037,
        "recall": 0.9728214892520567,
        "confusion_matrix": [
            [
                0.9833159541188738,
                0.0010427528675703858,
                0.01564129301355579,
                0.0,
                0.0,
                0.0
            ],
            [
                0.005012531328320802,
                0.9899749373433584,
                0.002506265664160401,
                0.0,
                0.002506265664160401,
                0.0
            ],
            [
                0.032148900169204735,
                0.0,
                0.9661590524534687,
                0.0,
                0.001692047377326565,
                0.0
            ],
            [
                0.0,
                0.0,
                0.0,
                1.0,
                0.0,
                0.0
            ],
            [
                0.0,
                0.015126050420168067,
                0.08739495798319327,
                0.0,
                0.8974789915966387,
                0.0
            ],
            [
                0.0,
                0.0,
                0.0,
                0.0,
                0.0,
                1.0
            ]
        ],
        "confusion_matrix_labels": [
            "DoS/DDoS",
            "Info_Gathering",
            "Injection",
            "MITM",
            "Malware",
            "Normal"
        ],
        "round_time": 4.987962007522583,
        "round_start_time": 1764807463.0424643,
        "round_end_time": 1764807468.0304263,
        "evaluate_time": 0.2728724479675293,
        "inference_time": 0.03651118278503418
    },
    "4": {
        "trees_by_client": 50,
        "first_server_serialise_trees_size": 37782,
        "fit_time": 0.5250937938690186,
        "client_serialise_trees_size": 973590,
        "final_server_serialise_trees_size": 4906528,
        "f1_score": 0.9713545660844175,
        "mcc": 0.9559173179027926,
        "accuracy": 0.9651773981603153,
        "precision": 0.9729072298997984,
        "recall": 0.9714209290279671,
        "confusion_matrix": [
            [
                0.9833159541188738,
                0.0,
                0.016684045881126174,
                0.0,
                0.0,
                0.0
            ],
            [
                0.005012531328320802,
                0.9899749373433584,
                0.002506265664160401,
                0.0,
                0.002506265664160401,
                0.0
            ],
            [
                0.032148900169204735,
                0.0,
                0.9661590524534687,
                0.0,
                0.001692047377326565,
                0.0
            ],
            [
                0.0,
                0.0,
                0.0,
                1.0,
                0.0,
                0.0
            ],
            [
                0.0,
                0.015126050420168067,
                0.0957983193277311,
                0.0,
                0.8890756302521008,
                0.0
            ],
            [
                0.0,
                0.0,
                0.0,
                0.0,
                0.0,
                1.0
            ]
        ],
        "confusion_matrix_labels": [
            "DoS/DDoS",
            "Info_Gathering",
            "Injection",
            "MITM",
            "Malware",
            "Normal"
        ],
        "round_time": 5.935028076171875,
        "round_start_time": 1764807483.2815452,
        "round_end_time": 1764807489.2165732,
        "evaluate_time": 0.3306107521057129,
        "inference_time": 0.04003739356994629
    },
    "5": {
        "trees_by_client": 60,
        "first_server_serialise_trees_size": 47362,
        "fit_time": 0.4207296371459961,
        "client_serialise_trees_size": 1138495,
        "final_server_serialise_trees_size": 5831340,
        "f1_score": 0.9710039007513024,
        "mcc": 0.955519751019921,
        "accuracy": 0.9648488830486203,
        "precision": 0.9726802207837042,
        "recall": 0.971034497082926,
        "confusion_matrix": [
            [
                0.9843587069864442,
                0.0,
                0.01564129301355579,
                0.0,
                0.0,
                0.0
            ],
            [
                0.005012531328320802,
                0.9899749373433584,
                0.002506265664160401,
                0.0,
                0.002506265664160401,
                0.0
            ],
            [
                0.032148900169204735,
                0.0,
                0.9661590524534687,
                0.0,
                0.001692047377326565,
                0.0
            ],
            [
                0.0,
                0.0,
                0.0,
                1.0,
                0.0,
                0.0
            ],
            [
                0.0,
                0.015126050420168067,
                0.09915966386554621,
                0.0,
                0.8857142857142857,
                0.0
            ],
            [
                0.0,
                0.0,
                0.0,
                0.0,
                0.0,
                1.0
            ]
        ],
        "confusion_matrix_labels": [
            "DoS/DDoS",
            "Info_Gathering",
            "Injection",
            "MITM",
            "Malware",
            "Normal"
        ],
        "round_time": 6.830204010009766,
        "round_start_time": 1764807504.5124705,
        "round_end_time": 1764807511.3426745,
        "evaluate_time": 0.3534080982208252,
        "inference_time": 0.0402524471282959
    },
    "6": {
        "trees_by_client": 70,
        "first_server_serialise_trees_size": 56173,
        "fit_time": 0.6576683521270752,
        "client_serialise_trees_size": 1346540,
        "final_server_serialise_trees_size": 6855329,
        "f1_score": 0.9707077625096169,
        "mcc": 0.9550960829292456,
        "accuracy": 0.9645203679369251,
        "precision": 0.972502229521743,
        "recall": 0.9706167861388995,
        "confusion_matrix": [
            [
                0.9843587069864442,
                0.0,
                0.01564129301355579,
                0.0,
                0.0,
                0.0
            ],
            [
                0.007518796992481203,
                0.9874686716791979,
                0.002506265664160401,
                0.0,
                0.002506265664160401,
                0.0
            ],
            [
                0.032148900169204735,
                0.0,
                0.9661590524534687,
                0.0,
                0.001692047377326565,
                0.0
            ],
            [
                0.0,
                0.0,
                0.0,
                1.0,
                0.0,
                0.0
            ],
            [
                0.0,
                0.015126050420168067,
                0.09915966386554621,
                0.0,
                0.8857142857142857,
                0.0
            ],
            [
                0.0,
                0.0,
                0.0,
                0.0,
                0.0,
                1.0
            ]
        ],
        "confusion_matrix_labels": [
            "DoS/DDoS",
            "Info_Gathering",
            "Injection",
            "MITM",
            "Malware",
            "Normal"
        ],
        "round_time": 7.033297300338745,
        "round_start_time": 1764807526.5944881,
        "round_end_time": 1764807533.6277854,
        "evaluate_time": 0.38260865211486816,
        "inference_time": 0.05202960968017578
    },
    "7": {
        "trees_by_client": 80,
        "first_server_serialise_trees_size": 66130,
        "fit_time": 0.8770334720611572,
        "client_serialise_trees_size": 1573153,
        "final_server_serialise_trees_size": 7767179,
        "f1_score": 0.9736045523345611,
        "mcc": 0.9591643046688548,
        "accuracy": 0.9678055190538765,
        "precision": 0.9747695482889482,
        "recall": 0.9736618253865105,
        "confusion_matrix": [
            [
                0.9833159541188738,
                0.0,
                0.016684045881126174,
                0.0,
                0.0,
                0.0
            ],
            [
                0.005012531328320802,
                0.9899749373433584,
                0.002506265664160401,
                0.0,
                0.002506265664160401,
                0.0
            ],
            [
                0.032148900169204735,
                0.0,
                0.9661590524534687,
                0.0,
                0.001692047377326565,
                0.0
            ],
            [
                0.0,
                0.0,
                0.0,
                1.0,
                0.0,
                0.0
            ],
            [
                0.0,
                0.015126050420168067,
                0.08235294117647059,
                0.0,
                0.9025210084033614,
                0.0
            ],
            [
                0.0,
                0.0,
                0.0,
                0.0,
                0.0,
                1.0
            ]
        ],
        "confusion_matrix_labels": [
            "DoS/DDoS",
            "Info_Gathering",
            "Injection",
            "MITM",
            "Malware",
            "Normal"
        ],
        "round_time": 8.443392992019653,
        "round_start_time": 1764807548.9455473,
        "round_end_time": 1764807557.3889403,
        "evaluate_time": 0.4349229335784912,
        "inference_time": 0.04459190368652344
    },
    "8": {
        "trees_by_client": 90,
        "first_server_serialise_trees_size": 75661,
        "fit_time": 0.9134528636932373,
        "client_serialise_trees_size": 1732210,
        "final_server_serialise_trees_size": 8827254,
        "f1_score": 0.9712857629764132,
        "mcc": 0.9559243795197986,
        "accuracy": 0.9651773981603153,
        "precision": 0.9729098078616562,
        "recall": 0.9713146091277439,
        "confusion_matrix": [
            [
                0.9843587069864442,
                0.0,
                0.01564129301355579,
                0.0,
                0.0,
                0.0
            ],
            [
                0.005012531328320802,
                0.9899749373433584,
                0.002506265664160401,
                0.0,
                0.002506265664160401,
                0.0
            ],
            [
                0.032148900169204735,
                0.0,
                0.9661590524534687,
                0.0,
                0.001692047377326565,
                0.0
            ],
            [
                0.0,
                0.0,
                0.0,
                1.0,
                0.0,
                0.0
            ],
            [
                0.0,
                0.015126050420168067,
                0.09747899159663866,
                0.0,
                0.8873949579831932,
                0.0
            ],
            [
                0.0,
                0.0,
                0.0,
                0.0,
                0.0,
                1.0
            ]
        ],
        "confusion_matrix_labels": [
            "DoS/DDoS",
            "Info_Gathering",
            "Injection",
            "MITM",
            "Malware",
            "Normal"
        ],
        "round_time": 8.838526725769043,
        "round_start_time": 1764807572.625842,
        "round_end_time": 1764807581.4643688,
        "evaluate_time": 0.4913821220397949,
        "inference_time": 0.07105779647827148
    },
    "9": {
        "trees_by_client": 100,
        "first_server_serialise_trees_size": 85124,
        "fit_time": 1.0665724277496338,
        "client_serialise_trees_size": 1934964,
        "final_server_serialise_trees_size": 9768733,
        "f1_score": 0.9732566855908781,
        "mcc": 0.9587638426142474,
        "accuracy": 0.9674770039421814,
        "precision": 0.9745368409131835,
        "recall": 0.9732753934414696,
        "confusion_matrix": [
            [
                0.9843587069864442,
                0.0,
                0.01564129301355579,
                0.0,
                0.0,
                0.0
            ],
            [
                0.005012531328320802,
                0.9899749373433584,
                0.002506265664160401,
                0.0,
                0.002506265664160401,
                0.0
            ],
            [
                0.032148900169204735,
                0.0,
                0.9661590524534687,
                0.0,
                0.001692047377326565,
                0.0
            ],
            [
                0.0,
                0.0,
                0.0,
                1.0,
                0.0,
                0.0
            ],
            [
                0.0,
                0.015126050420168067,
                0.08571428571428572,
                0.0,
                0.8991596638655462,
                0.0
            ],
            [
                0.0,
                0.0,
                0.0,
                0.0,
                0.0,
                1.0
            ]
        ],
        "confusion_matrix_labels": [
            "DoS/DDoS",
            "Info_Gathering",
            "Injection",
            "MITM",
            "Malware",
            "Normal"
        ],
        "round_time": 9.691699266433716,
        "round_start_time": 1764807596.6825142,
        "round_end_time": 1764807606.3742135,
        "evaluate_time": 0.43923354148864746,
        "inference_time": 0.05375814437866211
    },
    "10": {
        "trees_by_client": 110,
        "first_server_serialise_trees_size": 94537,
        "fit_time": 1.195371150970459,
        "client_serialise_trees_size": 2122438,
        "final_server_serialise_trees_size": 10828391,
        "f1_score": 0.9721308870151965,
        "mcc": 0.9571397761451419,
        "accuracy": 0.9661629434954008,
        "precision": 0.9736028114531422,
        "recall": 0.9721549452621979,
        "confusion_matrix": [
            [
                0.9843587069864442,
                0.0,
                0.01564129301355579,
                0.0,
                0.0,
                0.0
            ],
            [
                0.005012531328320802,
                0.9899749373433584,
                0.002506265664160401,
                0.0,
                0.002506265664160401,
                0.0
            ],
            [
                0.032148900169204735,
                0.0,
                0.9661590524534687,
                0.0,
                0.001692047377326565,
                0.0
            ],
            [
                0.0,
                0.0,
                0.0,
                1.0,
                0.0,
                0.0
            ],
            [
                0.0,
                0.015126050420168067,
                0.09243697478991597,
                0.0,
                0.892436974789916,
                0.0
            ],
            [
                0.0,
                0.0,
                0.0,
                0.0,
                0.0,
                1.0
            ]
        ],
        "confusion_matrix_labels": [
            "DoS/DDoS",
            "Info_Gathering",
            "Injection",
            "MITM",
            "Malware",
            "Normal"
        ],
        "round_time": 11.573531866073608,
        "round_start_time": 1764807621.5501308,
        "round_end_time": 1764807633.1236627,
        "evaluate_time": 0.5597178936004639,
        "inference_time": 0.07688617706298828
    },
    "11": {
        "trees_by_client": 120,
        "first_server_serialise_trees_size": 104110,
        "fit_time": 0.9277634620666504,
        "client_serialise_trees_size": 2288464,
        "final_server_serialise_trees_size": 11707382,
        "f1_score": 0.9718492548746861,
        "mcc": 0.9567343917704269,
        "accuracy": 0.9658344283837057,
        "precision": 0.9733710998515254,
        "recall": 0.97187483321738,
        "confusion_matrix": [
            [
                0.9843587069864442,
                0.0,
                0.01564129301355579,
                0.0,
                0.0,
                0.0
            ],
            [
                0.005012531328320802,
                0.9899749373433584,
                0.002506265664160401,
                0.0,
                0.002506265664160401,
                0.0
            ],
            [
                0.032148900169204735,
                0.0,
                0.9661590524534687,
                0.0,
                0.001692047377326565,
                0.0
            ],
            [
                0.0,
                0.0,
                0.0,
                1.0,
                0.0,
                0.0
            ],
            [
                0.0,
                0.015126050420168067,
                0.09411764705882353,
                0.0,
                0.8907563025210085,
                0.0
            ],
            [
                0.0,
                0.0,
                0.0,
                0.0,
                0.0,
                1.0
            ]
        ],
        "confusion_matrix_labels": [
            "DoS/DDoS",
            "Info_Gathering",
            "Injection",
            "MITM",
            "Malware",
            "Normal"
        ],
        "round_time": 12.084218263626099,
        "round_start_time": 1764807648.3844962,
        "round_end_time": 1764807660.4687145,
        "evaluate_time": 0.5834808349609375,
        "inference_time": 0.1173093318939209
    },
    "12": {
        "trees_by_client": 130,
        "first_server_serialise_trees_size": 113578,
        "fit_time": 0.9875566959381104,
        "client_serialise_trees_size": 2502718,
        "final_server_serialise_trees_size": 12912000,
        "f1_score": 0.9726939298395809,
        "mcc": 0.9579513029577796,
        "accuracy": 0.966819973718791,
        "precision": 0.9740683827481883,
        "recall": 0.9727151693518338,
        "confusion_matrix": [
            [
                0.9843587069864442,
                0.0,
                0.01564129301355579,
                0.0,
                0.0,
                0.0
            ],
            [
                0.005012531328320802,
                0.9899749373433584,
                0.002506265664160401,
                0.0,
                0.002506265664160401,
                0.0
            ],
            [
                0.032148900169204735,
                0.0,
                0.9661590524534687,
                0.0,
                0.001692047377326565,
                0.0
            ],
            [
                0.0,
                0.0,
                0.0,
                1.0,
                0.0,
                0.0
            ],
            [
                0.0,
                0.015126050420168067,
                0.08907563025210084,
                0.0,
                0.8957983193277311,
                0.0
            ],
            [
                0.0,
                0.0,
                0.0,
                0.0,
                0.0,
                1.0
            ]
        ],
        "confusion_matrix_labels": [
            "DoS/DDoS",
            "Info_Gathering",
            "Injection",
            "MITM",
            "Malware",
            "Normal"
        ],
        "round_time": 11.789908409118652,
        "round_start_time": 1764807675.7724526,
        "round_end_time": 1764807687.562361,
        "evaluate_time": 0.5106005668640137,
        "inference_time": 0.05558943748474121
    },
    "13": {
        "trees_by_client": 140,
        "first_server_serialise_trees_size": 123405,
        "fit_time": 1.0558981895446777,
        "client_serialise_trees_size": 2683199,
        "final_server_serialise_trees_size": 13706284,
        "f1_score": 0.9735230258566986,
        "mcc": 0.9591540963973575,
        "accuracy": 0.9678055190538765,
        "precision": 0.9748302222789319,
        "recall": 0.9734179065870787,
        "confusion_matrix": [
            [
                0.9843587069864442,
                0.0,
                0.01564129301355579,
                0.0,
                0.0,
                0.0
            ],
            [
                0.007518796992481203,
                0.9874686716791979,
                0.002506265664160401,
                0.0,
                0.002506265664160401,
                0.0
            ],
            [
                0.032148900169204735,
                0.0,
                0.9661590524534687,
                0.0,
                0.001692047377326565,
                0.0
            ],
            [
                0.0,
                0.0,
                0.0,
                1.0,
                0.0,
                0.0
            ],
            [
                0.0,
                0.015126050420168067,
                0.08235294117647059,
                0.0,
                0.9025210084033614,
                0.0
            ],
            [
                0.0,
                0.0,
                0.0,
                0.0,
                0.0,
                1.0
            ]
        ],
        "confusion_matrix_labels": [
            "DoS/DDoS",
            "Info_Gathering",
            "Injection",
            "MITM",
            "Malware",
            "Normal"
        ],
        "round_time": 12.271814584732056,
        "round_start_time": 1764807702.75729,
        "round_end_time": 1764807715.0291045,
        "evaluate_time": 0.6640429496765137,
        "inference_time": 0.07745933532714844
    },
    "14": {
        "trees_by_client": 150,
        "first_server_serialise_trees_size": 132878,
        "fit_time": 1.216970682144165,
        "client_serialise_trees_size": 2896725,
        "final_server_serialise_trees_size": 14757245,
        "f1_score": 0.9715675472728084,
        "mcc": 0.9563292596660729,
        "accuracy": 0.9655059132720105,
        "precision": 0.9731400997727183,
        "recall": 0.9715947211725618,
        "confusion_matrix": [
            [
                0.9843587069864442,
                0.0,
                0.01564129301355579,
                0.0,
                0.0,
                0.0
            ],
            [
                0.005012531328320802,
                0.9899749373433584,
                0.002506265664160401,
                0.0,
                0.002506265664160401,
                0.0
            ],
            [
                0.032148900169204735,
                0.0,
                0.9661590524534687,
                0.0,
                0.001692047377326565,
                0.0
            ],
            [
                0.0,
                0.0,
                0.0,
                1.0,
                0.0,
                0.0
            ],
            [
                0.0,
                0.015126050420168067,
                0.0957983193277311,
                0.0,
                0.8890756302521008,
                0.0
            ],
            [
                0.0,
                0.0,
                0.0,
                0.0,
                0.0,
                1.0
            ]
        ],
        "confusion_matrix_labels": [
            "DoS/DDoS",
            "Info_Gathering",
            "Injection",
            "MITM",
            "Malware",
            "Normal"
        ],
        "round_time": 13.309548139572144,
        "round_start_time": 1764807730.3043153,
        "round_end_time": 1764807743.6138635,
        "evaluate_time": 0.638880729675293,
        "inference_time": 0.06783556938171387
    },
    "15": {
        "trees_by_client": 160,
        "first_server_serialise_trees_size": 141372,
        "fit_time": 1.6815388202667236,
        "client_serialise_trees_size": 3086852,
        "final_server_serialise_trees_size": 15826564,
        "f1_score": 0.9710039007513024,
        "mcc": 0.955519751019921,
        "accuracy": 0.9648488830486203,
        "precision": 0.9726802207837042,
        "recall": 0.971034497082926,
        "confusion_matrix": [
            [
                0.9843587069864442,
                0.0,
                0.01564129301355579,
                0.0,
                0.0,
                0.0
            ],
            [
                0.005012531328320802,
                0.9899749373433584,
                0.002506265664160401,
                0.0,
                0.002506265664160401,
                0.0
            ],
            [
                0.032148900169204735,
                0.0,
                0.9661590524534687,
                0.0,
                0.001692047377326565,
                0.0
            ],
            [
                0.0,
                0.0,
                0.0,
                1.0,
                0.0,
                0.0
            ],
            [
                0.0,
                0.015126050420168067,
                0.09915966386554621,
                0.0,
                0.8857142857142857,
                0.0
            ],
            [
                0.0,
                0.0,
                0.0,
                0.0,
                0.0,
                1.0
            ]
        ],
        "confusion_matrix_labels": [
            "DoS/DDoS",
            "Info_Gathering",
            "Injection",
            "MITM",
            "Malware",
            "Normal"
        ],
        "round_time": 15.922105073928833,
        "round_start_time": 1764807758.8396235,
        "round_end_time": 1764807774.7617285,
        "evaluate_time": 0.368790864944458,
        "inference_time": 0.04872465133666992
    },
    "16": {
        "trees_by_client": 170,
        "first_server_serialise_trees_size": 151368,
        "fit_time": 1.2815563678741455,
        "client_serialise_trees_size": 3272972,
        "final_server_serialise_trees_size": 16619055,
        "f1_score": 0.9715675472728084,
        "mcc": 0.9563292596660729,
        "accuracy": 0.9655059132720105,
        "precision": 0.9731400997727183,
        "recall": 0.9715947211725618,
        "confusion_matrix": [
            [
                0.9843587069864442,
                0.0,
                0.01564129301355579,
                0.0,
                0.0,
                0.0
            ],
            [
                0.005012531328320802,
                0.9899749373433584,
                0.002506265664160401,
                0.0,
                0.002506265664160401,
                0.0
            ],
            [
                0.032148900169204735,
                0.0,
                0.9661590524534687,
                0.0,
                0.001692047377326565,
                0.0
            ],
            [
                0.0,
                0.0,
                0.0,
                1.0,
                0.0,
                0.0
            ],
            [
                0.0,
                0.015126050420168067,
                0.0957983193277311,
                0.0,
                0.8890756302521008,
                0.0
            ],
            [
                0.0,
                0.0,
                0.0,
                0.0,
                0.0,
                1.0
            ]
        ],
        "confusion_matrix_labels": [
            "DoS/DDoS",
            "Info_Gathering",
            "Injection",
            "MITM",
            "Malware",
            "Normal"
        ],
        "round_time": 14.657610416412354,
        "round_start_time": 1764807789.8874927,
        "round_end_time": 1764807804.545103,
        "evaluate_time": 0.791571855545044,
        "inference_time": 0.1071007251739502
    },
    "17": {
        "trees_by_client": 180,
        "first_server_serialise_trees_size": 160349,
        "fit_time": 1.8005311489105225,
        "client_serialise_trees_size": 3492927,
        "final_server_serialise_trees_size": 17686587,
        "f1_score": 0.9724801373356301,
        "mcc": 0.9575387875208745,
        "accuracy": 0.966491458607096,
        "precision": 0.9738326423300577,
        "recall": 0.9725413772072388,
        "confusion_matrix": [
            [
                0.9833159541188738,
                0.0,
                0.016684045881126174,
                0.0,
                0.0,
                0.0
            ],
            [
                0.005012531328320802,
                0.9899749373433584,
                0.002506265664160401,
                0.0,
                0.002506265664160401,
                0.0
            ],
            [
                0.032148900169204735,
                0.0,
                0.9661590524534687,
                0.0,
                0.001692047377326565,
                0.0
            ],
            [
                0.0,
                0.0,
                0.0,
                1.0,
                0.0,
                0.0
            ],
            [
                0.0,
                0.015126050420168067,
                0.08907563025210084,
                0.0,
                0.8957983193277311,
                0.0
            ],
            [
                0.0,
                0.0,
                0.0,
                0.0,
                0.0,
                1.0
            ]
        ],
        "confusion_matrix_labels": [
            "DoS/DDoS",
            "Info_Gathering",
            "Injection",
            "MITM",
            "Malware",
            "Normal"
        ],
        "round_time": 16.90844225883484,
        "round_start_time": 1764807819.7294724,
        "round_end_time": 1764807836.6379147,
        "evaluate_time": 0.8415045738220215,
        "inference_time": 0.07076478004455566
    },
    "18": {
        "trees_by_client": 190,
        "first_server_serialise_trees_size": 170688,
        "fit_time": 1.962428331375122,
        "client_serialise_trees_size": 3678610,
        "final_server_serialise_trees_size": 18498369,
        "f1_score": 0.9732566855908781,
        "mcc": 0.9587638426142474,
        "accuracy": 0.9674770039421814,
        "precision": 0.9745368409131835,
        "recall": 0.9732753934414696,
        "confusion_matrix": [
            [
                0.9843587069864442,
                0.0,
                0.01564129301355579,
                0.0,
                0.0,
                0.0
            ],
            [
                0.005012531328320802,
                0.9899749373433584,
                0.002506265664160401,
                0.0,
                0.002506265664160401,
                0.0
            ],
            [
                0.032148900169204735,
                0.0,
                0.9661590524534687,
                0.0,
                0.001692047377326565,
                0.0
            ],
            [
                0.0,
                0.0,
                0.0,
                1.0,
                0.0,
                0.0
            ],
            [
                0.0,
                0.015126050420168067,
                0.08571428571428572,
                0.0,
                0.8991596638655462,
                0.0
            ],
            [
                0.0,
                0.0,
                0.0,
                0.0,
                0.0,
                1.0
            ]
        ],
        "confusion_matrix_labels": [
            "DoS/DDoS",
            "Info_Gathering",
            "Injection",
            "MITM",
            "Malware",
            "Normal"
        ],
        "round_time": 16.419042110443115,
        "round_start_time": 1764807851.8516705,
        "round_end_time": 1764807868.2707126,
        "evaluate_time": 0.8841924667358398,
        "inference_time": 0.11085391044616699
    },
    "19": {
        "trees_by_client": 200,
        "first_server_serialise_trees_size": 179792,
        "fit_time": 2.0219974517822266,
        "client_serialise_trees_size": 3885544,
        "final_server_serialise_trees_size": 19436517,
        "f1_score": 0.9710039007513024,
        "mcc": 0.955519751019921,
        "accuracy": 0.9648488830486203,
        "precision": 0.9726802207837042,
        "recall": 0.971034497082926,
        "confusion_matrix": [
            [
                0.9843587069864442,
                0.0,
                0.01564129301355579,
                0.0,
                0.0,
                0.0
            ],
            [
                0.005012531328320802,
                0.9899749373433584,
                0.002506265664160401,
                0.0,
                0.002506265664160401,
                0.0
            ],
            [
                0.032148900169204735,
                0.0,
                0.9661590524534687,
                0.0,
                0.001692047377326565,
                0.0
            ],
            [
                0.0,
                0.0,
                0.0,
                1.0,
                0.0,
                0.0
            ],
            [
                0.0,
                0.015126050420168067,
                0.09915966386554621,
                0.0,
                0.8857142857142857,
                0.0
            ],
            [
                0.0,
                0.0,
                0.0,
                0.0,
                0.0,
                1.0
            ]
        ],
        "confusion_matrix_labels": [
            "DoS/DDoS",
            "Info_Gathering",
            "Injection",
