{
    "0": {
        "trees_by_client": 10,
        "first_server_serialise_trees_size": 9443,
        "fit_time": 0.05097460746765137,
        "client_serialise_trees_size": 196567,
        "final_server_serialise_trees_size": 1008920,
        "f1_score": 0.9693532755520827,
        "mcc": 0.9541511601402224,
        "accuracy": 0.9638633377135348,
        "precision": 0.9723663839532416,
        "recall": 0.9682666381597108,
        "confusion_matrix": [
            [
                0.9908069458631257,
                0.0,
                0.009193054136874362,
                0.0,
                0.0,
                0.0
            ],
            [
                0.010101010101010102,
                0.9696969696969697,
                0.017676767676767676,
                0.0,
                0.0025252525252525255,
                0.0
            ],
            [
                0.02329450915141431,
                0.0016638935108153079,
                0.9700499168053245,
                0.0,
                0.004991680532445923,
                0.0
            ],
            [
                0.0,
                0.0,
                0.0,
                1.0,
                0.0,
                0.0
            ],
            [
                0.0,
                0.010221465076660987,
                0.11073253833049404,
                0.0,
                0.879045996592845,
                0.0
            ],
            [
                0.0,
                0.0,
                0.0,
                0.0,
                0.0,
                1.0
            ]
        ],
        "confusion_matrix_labels": [
            "DoS/DDoS",
            "Info_Gathering",
            "Injection",
            "MITM",
            "Malware",
            "Normal"
        ],
        "round_time": 37.108781814575195,
        "round_start_time": 1764807369.9463315,
        "round_end_time": 1764807407.0551133,
        "evaluate_time": 0.2065107822418213,
        "inference_time": 0.013311386108398438
    },
    "1": {
        "trees_by_client": 20,
        "first_server_serialise_trees_size": 9569,
        "fit_time": 0.15533018112182617,
        "client_serialise_trees_size": 389830,
        "final_server_serialise_trees_size": 1958004,
        "f1_score": 0.969473808595397,
        "mcc": 0.9542081662897183,
        "accuracy": 0.9638633377135348,
        "precision": 0.9724503716967665,
        "recall": 0.9685878596852922,
        "confusion_matrix": [
            [
                0.9877425944841676,
                0.0010214504596527069,
                0.011235955056179775,
                0.0,
                0.0,
                0.0
            ],
            [
                0.012626262626262626,
                0.9696969696969697,
                0.015151515151515152,
                0.0,
                0.0025252525252525255,
                0.0
            ],
            [
                0.021630615640599003,
                0.0016638935108153079,
                0.9750415973377704,
                0.0,
                0.0016638935108153079,
                0.0
            ],
            [
                0.0,
                0.0,
                0.0,
                1.0,
                0.0,
                0.0
            ],
            [
                0.0,
                0.010221465076660987,
                0.11073253833049404,
                0.0,
                0.879045996592845,
                0.0
            ],
            [
                0.0,
                0.0,
                0.0,
                0.0,
                0.0,
                1.0
            ]
        ],
        "confusion_matrix_labels": [
            "DoS/DDoS",
            "Info_Gathering",
            "Injection",
            "MITM",
            "Malware",
            "Normal"
        ],
        "round_time": 3.096074104309082,
        "round_start_time": 1764807425.195578,
        "round_end_time": 1764807428.2916522,
        "evaluate_time": 0.31708860397338867,
        "inference_time": 0.01996326446533203
    },
    "2": {
        "trees_by_client": 30,
        "first_server_serialise_trees_size": 18985,
        "fit_time": 0.3051750659942627,
        "client_serialise_trees_size": 573068,
        "final_server_serialise_trees_size": 2968095,
        "f1_score": 0.9716106084706656,
        "mcc": 0.9574966085106539,
        "accuracy": 0.966491458607096,
        "precision": 0.97438065054996,
        "recall": 0.9706551786778451,
        "confusion_matrix": [
            [
                0.9908069458631257,
                0.0,
                0.009193054136874362,
                0.0,
                0.0,
                0.0
            ],
            [
                0.010101010101010102,
                0.9722222222222222,
                0.015151515151515152,
                0.0,
                0.0025252525252525255,
                0.0
            ],
            [
                0.021630615640599003,
                0.0016638935108153079,
                0.9750415973377704,
                0.0,
                0.0016638935108153079,
                0.0
            ],
            [
                0.0,
                0.0,
                0.0,
                1.0,
                0.0,
                0.0
            ],
            [
                0.0,
                0.010221465076660987,
                0.10391822827938671,
                0.0,
                0.8858603066439523,
                0.0
            ],
            [
                0.0,
                0.0,
                0.0,
                0.0,
                0.0,
                1.0
            ]
        ],
        "confusion_matrix_labels": [
            "DoS/DDoS",
            "Info_Gathering",
            "Injection",
            "MITM",
            "Malware",
            "Normal"
        ],
        "round_time": 4.290017127990723,
        "round_start_time": 1764807443.4686658,
        "round_end_time": 1764807447.758683,
        "evaluate_time": 0.27920079231262207,
        "inference_time": 0.027079343795776367
    },
    "3": {
        "trees_by_client": 40,
        "first_server_serialise_trees_size": 28176,
        "fit_time": 0.40590357780456543,
        "client_serialise_trees_size": 752447,
        "final_server_serialise_trees_size": 3915415,
        "f1_score": 0.9716549326673228,
        "mcc": 0.9574567461622636,
        "accuracy": 0.966491458607096,
        "precision": 0.9742342537851085,
        "recall": 0.9707456085268071,
        "confusion_matrix": [
            [
                0.9887640449438202,
                0.0010214504596527069,
                0.010214504596527068,
                0.0,
                0.0,
                0.0
            ],
            [
                0.012626262626262626,
                0.9696969696969697,
                0.015151515151515152,
                0.0,
                0.0025252525252525255,
                0.0
            ],
            [
                0.021630615640599003,
                0.0016638935108153079,
                0.9750415973377704,
                0.0,
                0.0016638935108153079,
                0.0
            ],
            [
                0.0,
                0.0,
                0.0,
                1.0,
                0.0,
                0.0
            ],
            [
                0.0,
                0.010221465076660987,
                0.09880749574105621,
                0.0,
                0.8909710391822828,
                0.0
            ],
            [
                0.0,
                0.0,
                0.0,
                0.0,
                0.0,
                1.0
            ]
        ],
        "confusion_matrix_labels": [
            "DoS/DDoS",
            "Info_Gathering",
            "Injection",
            "MITM",
            "Malware",
            "Normal"
        ],
        "round_time": 4.90707802772522,
        "round_start_time": 1764807463.0384817,
        "round_end_time": 1764807467.9455597,
        "evaluate_time": 0.18870782852172852,
        "inference_time": 0.027547121047973633
    },
    "4": {
        "trees_by_client": 50,
        "first_server_serialise_trees_size": 37782,
        "fit_time": 0.37473559379577637,
        "client_serialise_trees_size": 947319,
        "final_server_serialise_trees_size": 4906528,
        "f1_score": 0.9697558505953778,
        "mcc": 0.9546125178775998,
        "accuracy": 0.96419185282523,
        "precision": 0.9726708133587568,
        "recall": 0.9688717892707549,
        "confusion_matrix": [
            [
                0.9877425944841676,
                0.0010214504596527069,
                0.011235955056179775,
                0.0,
                0.0,
                0.0
            ],
            [
                0.012626262626262626,
                0.9696969696969697,
                0.015151515151515152,
                0.0,
                0.0025252525252525255,
                0.0
            ],
            [
                0.021630615640599003,
                0.0016638935108153079,
                0.9750415973377704,
                0.0,
                0.0016638935108153079,
                0.0
            ],
            [
                0.0,
                0.0,
                0.0,
                1.0,
                0.0,
                0.0
            ],
            [
                0.0,
                0.010221465076660987,
                0.10902896081771721,
                0.0,
                0.8807495741056218,
                0.0
            ],
            [
                0.0,
                0.0,
                0.0,
                0.0,
                0.0,
                1.0
            ]
        ],
        "confusion_matrix_labels": [
            "DoS/DDoS",
            "Info_Gathering",
            "Injection",
            "MITM",
            "Malware",
            "Normal"
        ],
        "round_time": 5.947004795074463,
        "round_start_time": 1764807483.2444685,
        "round_end_time": 1764807489.1914732,
        "evaluate_time": 0.3122556209564209,
        "inference_time": 0.03598284721374512
    },
    "5": {
        "trees_by_client": 60,
        "first_server_serialise_trees_size": 47362,
        "fit_time": 0.6352527141571045,
        "client_serialise_trees_size": 1143915,
        "final_server_serialise_trees_size": 5831340,
        "f1_score": 0.9697558505953778,
        "mcc": 0.9546125178775998,
        "accuracy": 0.96419185282523,
        "precision": 0.9726708133587568,
        "recall": 0.9688717892707549,
        "confusion_matrix": [
            [
                0.9877425944841676,
                0.0010214504596527069,
                0.011235955056179775,
                0.0,
                0.0,
                0.0
            ],
            [
                0.012626262626262626,
                0.9696969696969697,
                0.015151515151515152,
                0.0,
                0.0025252525252525255,
                0.0
            ],
            [
                0.021630615640599003,
                0.0016638935108153079,
                0.9750415973377704,
                0.0,
                0.0016638935108153079,
                0.0
            ],
            [
                0.0,
                0.0,
                0.0,
                1.0,
                0.0,
                0.0
            ],
            [
                0.0,
                0.010221465076660987,
                0.10902896081771721,
                0.0,
                0.8807495741056218,
                0.0
            ],
            [
                0.0,
                0.0,
                0.0,
                0.0,
                0.0,
                1.0
            ]
        ],
        "confusion_matrix_labels": [
            "DoS/DDoS",
            "Info_Gathering",
            "Injection",
            "MITM",
            "Malware",
            "Normal"
        ],
        "round_time": 6.742549657821655,
        "round_start_time": 1764807504.5054662,
        "round_end_time": 1764807511.2480159,
        "evaluate_time": 0.2532613277435303,
        "inference_time": 0.035512685775756836
    },
    "6": {
        "trees_by_client": 70,
        "first_server_serialise_trees_size": 56173,
        "fit_time": 0.7505989074707031,
        "client_serialise_trees_size": 1330017,
        "final_server_serialise_trees_size": 6855329,
        "f1_score": 0.969766321502711,
        "mcc": 0.9546282122931538,
        "accuracy": 0.96419185282523,
        "precision": 0.9728710189547489,
        "recall": 0.9687581014285676,
        "confusion_matrix": [
            [
                0.9887640449438202,
                0.0,
                0.011235955056179775,
                0.0,
                0.0,
                0.0
            ],
            [
                0.012626262626262626,
                0.9696969696969697,
                0.015151515151515152,
                0.0,
                0.0025252525252525255,
                0.0
            ],
            [
                0.021630615640599003,
                0.0016638935108153079,
                0.9750415973377704,
                0.0,
                0.0016638935108153079,
                0.0
            ],
            [
                0.0,
                0.0,
                0.0,
                1.0,
                0.0,
                0.0
            ],
            [
                0.0,
                0.010221465076660987,
                0.11073253833049404,
                0.0,
                0.879045996592845,
                0.0
            ],
            [
                0.0,
                0.0,
                0.0,
                0.0,
                0.0,
                1.0
            ]
        ],
        "confusion_matrix_labels": [
            "DoS/DDoS",
            "Info_Gathering",
            "Injection",
            "MITM",
            "Malware",
            "Normal"
        ],
        "round_time": 7.142521381378174,
        "round_start_time": 1764807526.5164652,
        "round_end_time": 1764807533.6589866,
        "evaluate_time": 0.3114054203033447,
        "inference_time": 0.05498957633972168
    },
    "7": {
        "trees_by_client": 80,
        "first_server_serialise_trees_size": 66130,
        "fit_time": 0.8187530040740967,
        "client_serialise_trees_size": 1520112,
        "final_server_serialise_trees_size": 7767179,
        "f1_score": 0.9714460749743775,
        "mcc": 0.9570438644313933,
        "accuracy": 0.9661629434954008,
        "precision": 0.9740072922406148,
        "recall": 0.9705753667835317,
        "confusion_matrix": [
            [
                0.9877425944841676,
                0.0010214504596527069,
                0.011235955056179775,
                0.0,
                0.0,
                0.0
            ],
            [
                0.012626262626262626,
                0.9696969696969697,
                0.015151515151515152,
                0.0,
                0.0025252525252525255,
                0.0
            ],
            [
                0.021630615640599003,
                0.0016638935108153079,
                0.9750415973377704,
                0.0,
                0.0016638935108153079,
                0.0
            ],
            [
                0.0,
                0.0,
                0.0,
                1.0,
                0.0,
                0.0
            ],
            [
                0.0,
                0.010221465076660987,
                0.09880749574105621,
                0.0,
                0.8909710391822828,
                0.0
            ],
            [
                0.0,
                0.0,
                0.0,
                0.0,
                0.0,
                1.0
            ]
        ],
        "confusion_matrix_labels": [
            "DoS/DDoS",
            "Info_Gathering",
            "Injection",
            "MITM",
            "Malware",
            "Normal"
        ],
        "round_time": 8.165108442306519,
        "round_start_time": 1764807548.9553437,
        "round_end_time": 1764807557.1204522,
        "evaluate_time": 0.3310658931732178,
        "inference_time": 0.05231285095214844
    },
    "8": {
        "trees_by_client": 90,
        "first_server_serialise_trees_size": 75661,
        "fit_time": 0.8329460620880127,
        "client_serialise_trees_size": 1712123,
        "final_server_serialise_trees_size": 8827254,
        "f1_score": 0.9706198463563244,
        "mcc": 0.955846392067992,
        "accuracy": 0.9651773981603153,
        "precision": 0.9732885965107978,
        "recall": 0.9698605238625561,
        "confusion_matrix": [
            [
                0.9877425944841676,
                0.0010214504596527069,
                0.011235955056179775,
                0.0,
                0.0,
                0.0
            ],
            [
                0.010101010101010102,
                0.9722222222222222,
                0.015151515151515152,
                0.0,
                0.0025252525252525255,
                0.0
            ],
            [
                0.021630615640599003,
                0.0016638935108153079,
                0.9750415973377704,
                0.0,
                0.0016638935108153079,
                0.0
            ],
            [
                0.0,
                0.0,
                0.0,
                1.0,
                0.0,
                0.0
            ],
            [
                0.0,
                0.010221465076660987,
                0.10562180579216354,
                0.0,
                0.8841567291311755,
                0.0
            ],
            [
                0.0,
                0.0,
                0.0,
                0.0,
                0.0,
                1.0
            ]
        ],
        "confusion_matrix_labels": [
            "DoS/DDoS",
            "Info_Gathering",
            "Injection",
            "MITM",
            "Malware",
            "Normal"
        ],
        "round_time": 8.941603183746338,
        "round_start_time": 1764807572.320487,
        "round_end_time": 1764807581.2620902,
        "evaluate_time": 0.3073403835296631,
        "inference_time": 0.04437065124511719
    },
    "9": {
        "trees_by_client": 100,
        "first_server_serialise_trees_size": 85124,
        "fit_time": 1.0951206684112549,
        "client_serialise_trees_size": 1917555,
        "final_server_serialise_trees_size": 9768733,
        "f1_score": 0.9711646061087911,
        "mcc": 0.9566380150140557,
        "accuracy": 0.9658344283837057,
        "precision": 0.9737828842981323,
        "recall": 0.970291437198069,
        "confusion_matrix": [
            [
                0.9877425944841676,
                0.0010214504596527069,
                0.011235955056179775,
                0.0,
                0.0,
                0.0
            ],
            [
                0.012626262626262626,
                0.9696969696969697,
                0.015151515151515152,
                0.0,
                0.0025252525252525255,
                0.0
            ],
            [
                0.021630615640599003,
                0.0016638935108153079,
                0.9750415973377704,
                0.0,
                0.0016638935108153079,
                0.0
            ],
            [
                0.0,
                0.0,
                0.0,
                1.0,
                0.0,
                0.0
            ],
            [
                0.0,
                0.010221465076660987,
                0.10051107325383304,
                0.0,
                0.889267461669506,
                0.0
            ],
            [
                0.0,
                0.0,
                0.0,
                0.0,
                0.0,
                1.0
            ]
        ],
        "confusion_matrix_labels": [
            "DoS/DDoS",
            "Info_Gathering",
            "Injection",
            "MITM",
            "Malware",
            "Normal"
        ],
        "round_time": 10.061963319778442,
        "round_start_time": 1764807596.509807,
        "round_end_time": 1764807606.5717704,
        "evaluate_time": 0.5212128162384033,
        "inference_time": 0.05487561225891113
    },
    "10": {
        "trees_by_client": 110,
        "first_server_serialise_trees_size": 94537,
        "fit_time": 0.7811050415039062,
        "client_serialise_trees_size": 2081237,
        "final_server_serialise_trees_size": 10828391,
        "f1_score": 0.9710361202025705,
        "mcc": 0.9566710200414683,
        "accuracy": 0.9658344283837057,
        "precision": 0.973737475300381,
        "recall": 0.9702010073491069,
        "confusion_matrix": [
            [
                0.9897854954034729,
                0.0010214504596527069,
                0.009193054136874362,
                0.0,
                0.0,
                0.0
            ],
            [
                0.010101010101010102,
                0.9722222222222222,
                0.015151515151515152,
                0.0,
                0.0025252525252525255,
                0.0
            ],
            [
                0.021630615640599003,
                0.0016638935108153079,
                0.9750415973377704,
                0.0,
                0.0016638935108153079,
                0.0
            ],
            [
                0.0,
                0.0,
                0.0,
                1.0,
                0.0,
                0.0
            ],
            [
                0.0,
                0.010221465076660987,
                0.10562180579216354,
                0.0,
                0.8841567291311755,
                0.0
            ],
            [
                0.0,
                0.0,
                0.0,
                0.0,
                0.0,
                1.0
            ]
        ],
        "confusion_matrix_labels": [
            "DoS/DDoS",
            "Info_Gathering",
            "Injection",
            "MITM",
            "Malware",
            "Normal"
        ],
        "round_time": 12.294411182403564,
        "round_start_time": 1764807621.7866585,
        "round_end_time": 1764807634.0810697,
        "evaluate_time": 0.275341272354126,
        "inference_time": 0.03561687469482422
    },
    "11": {
        "trees_by_client": 120,
        "first_server_serialise_trees_size": 104110,
        "fit_time": 0.903632402420044,
        "client_serialise_trees_size": 2265240,
        "final_server_serialise_trees_size": 11707382,
        "f1_score": 0.9706013898479299,
        "mcc": 0.9558270670928931,
        "accuracy": 0.9651773981603153,
        "precision": 0.9733360713194955,
        "recall": 0.9697235780271433,
        "confusion_matrix": [
            [
                0.9877425944841676,
                0.0010214504596527069,
                0.011235955056179775,
                0.0,
                0.0,
                0.0
            ],
            [
                0.012626262626262626,
                0.9696969696969697,
                0.015151515151515152,
                0.0,
                0.0025252525252525255,
                0.0
            ],
            [
                0.021630615640599003,
                0.0016638935108153079,
                0.9750415973377704,
                0.0,
                0.0016638935108153079,
                0.0
            ],
            [
                0.0,
                0.0,
                0.0,
                1.0,
                0.0,
                0.0
            ],
            [
                0.0,
                0.010221465076660987,
                0.10391822827938671,
                0.0,
                0.8858603066439523,
                0.0
            ],
            [
                0.0,
                0.0,
                0.0,
                0.0,
                0.0,
                1.0
            ]
        ],
        "confusion_matrix_labels": [
            "DoS/DDoS",
            "Info_Gathering",
            "Injection",
            "MITM",
            "Malware",
            "Normal"
        ],
        "round_time": 11.204366207122803,
        "round_start_time": 1764807649.191654,
        "round_end_time": 1764807660.3960202,
        "evaluate_time": 0.5732078552246094,
        "inference_time": 0.05385255813598633
    },
    "12": {
        "trees_by_client": 130,
        "first_server_serialise_trees_size": 113578,
        "fit_time": 1.2198176383972168,
        "client_serialise_trees_size": 2502983,
        "final_server_serialise_trees_size": 12912000,
        "f1_score": 0.9711646061087911,
        "mcc": 0.9566380150140557,
        "accuracy": 0.9658344283837057,
        "precision": 0.9737828842981323,
        "recall": 0.970291437198069,
        "confusion_matrix": [
            [
                0.9877425944841676,
                0.0010214504596527069,
                0.011235955056179775,
                0.0,
                0.0,
                0.0
            ],
            [
                0.012626262626262626,
                0.9696969696969697,
                0.015151515151515152,
                0.0,
                0.0025252525252525255,
                0.0
            ],
            [
                0.021630615640599003,
                0.0016638935108153079,
                0.9750415973377704,
                0.0,
                0.0016638935108153079,
                0.0
            ],
            [
                0.0,
                0.0,
                0.0,
                1.0,
                0.0,
                0.0
            ],
            [
                0.0,
                0.010221465076660987,
                0.10051107325383304,
                0.0,
                0.889267461669506,
                0.0
            ],
            [
                0.0,
                0.0,
                0.0,
                0.0,
                0.0,
                1.0
            ]
        ],
        "confusion_matrix_labels": [
            "DoS/DDoS",
            "Info_Gathering",
            "Injection",
            "MITM",
            "Malware",
            "Normal"
        ],
        "round_time": 13.08108401298523,
        "round_start_time": 1764807675.7355456,
        "round_end_time": 1764807688.8166296,
        "evaluate_time": 0.3086228370666504,
        "inference_time": 0.04010629653930664
    },
    "13": {
        "trees_by_client": 140,
        "first_server_serialise_trees_size": 123405,
        "fit_time": 0.9412868022918701,
        "client_serialise_trees_size": 2638058,
        "final_server_serialise_trees_size": 13706284,
        "f1_score": 0.9718638975902841,
        "mcc": 0.9578699330827363,
        "accuracy": 0.966819973718791,
        "precision": 0.9744618885016743,
        "recall": 0.9709158502700826,
        "confusion_matrix": [
            [
                0.9897854954034729,
                0.0010214504596527069,
                0.009193054136874362,
                0.0,
                0.0,
                0.0
            ],
            [
                0.012626262626262626,
                0.9696969696969697,
                0.015151515151515152,
                0.0,
                0.0025252525252525255,
                0.0
            ],
            [
                0.021630615640599003,
                0.0016638935108153079,
                0.9750415973377704,
                0.0,
                0.0016638935108153079,
                0.0
            ],
            [
                0.0,
                0.0,
                0.0,
                1.0,
                0.0,
                0.0
            ],
            [
                0.0,
                0.010221465076660987,
                0.09880749574105621,
                0.0,
                0.8909710391822828,
                0.0
            ],
            [
                0.0,
                0.0,
                0.0,
                0.0,
                0.0,
                1.0
            ]
        ],
        "confusion_matrix_labels": [
            "DoS/DDoS",
            "Info_Gathering",
            "Injection",
            "MITM",
            "Malware",
            "Normal"
        ],
        "round_time": 11.144357919692993,
        "round_start_time": 1764807703.930532,
        "round_end_time": 1764807715.07489,
        "evaluate_time": 0.6359317302703857,
        "inference_time": 0.10541057586669922
    },
    "14": {
        "trees_by_client": 150,
        "first_server_serialise_trees_size": 132878,
        "fit_time": 1.539792776107788,
        "client_serialise_trees_size": 2854115,
        "final_server_serialise_trees_size": 14757245,
        "f1_score": 0.9708939027552438,
        "mcc": 0.9562472061712386,
        "accuracy": 0.9655059132720105,
        "precision": 0.9737567185774779,
        "recall": 0.9698938197704187,
        "confusion_matrix": [
            [
                0.9887640449438202,
                0.0,
                0.011235955056179775,
                0.0,
                0.0,
                0.0
            ],
            [
                0.012626262626262626,
                0.9696969696969697,
                0.015151515151515152,
                0.0,
                0.0025252525252525255,
                0.0
            ],
            [
                0.021630615640599003,
                0.0016638935108153079,
                0.9750415973377704,
                0.0,
                0.0016638935108153079,
                0.0
            ],
            [
                0.0,
                0.0,
                0.0,
                1.0,
                0.0,
                0.0
            ],
            [
                0.0,
                0.010221465076660987,
                0.10391822827938671,
                0.0,
                0.8858603066439523,
                0.0
            ],
            [
                0.0,
                0.0,
                0.0,
                0.0,
                0.0,
                1.0
            ]
        ],
        "confusion_matrix_labels": [
            "DoS/DDoS",
            "Info_Gathering",
            "Injection",
            "MITM",
            "Malware",
            "Normal"
        ],
        "round_time": 13.208648920059204,
        "round_start_time": 1764807730.38348,
        "round_end_time": 1764807743.592129,
        "evaluate_time": 0.5194480419158936,
        "inference_time": 0.10708045959472656
    },
    "15": {
        "trees_by_client": 160,
        "first_server_serialise_trees_size": 141372,
        "fit_time": 1.6764423847198486,
        "client_serialise_trees_size": 3001084,
        "final_server_serialise_trees_size": 15826564,
        "f1_score": 0.9695482561171085,
        "mcc": 0.9542007909302399,
        "accuracy": 0.9638633377135348,
        "precision": 0.9724485163737824,
        "recall": 0.9687015475274795,
        "confusion_matrix": [
            [
                0.9867211440245148,
                0.0010214504596527069,
                0.012257405515832482,
                0.0,
                0.0,
                0.0
            ],
            [
                0.012626262626262626,
                0.9696969696969697,
                0.015151515151515152,
                0.0,
                0.0025252525252525255,
                0.0
            ],
            [
                0.021630615640599003,
                0.0016638935108153079,
                0.9750415973377704,
                0.0,
                0.0016638935108153079,
                0.0
            ],
            [
                0.0,
                0.0,
                0.0,
                1.0,
                0.0,
                0.0
            ],
            [
                0.0,
                0.010221465076660987,
                0.10902896081771721,
                0.0,
                0.8807495741056218,
                0.0
            ],
            [
                0.0,
                0.0,
                0.0,
                0.0,
                0.0,
                1.0
            ]
        ],
        "confusion_matrix_labels": [
            "DoS/DDoS",
            "Info_Gathering",
            "Injection",
            "MITM",
            "Malware",
            "Normal"
        ],
        "round_time": 14.745253086090088,
        "round_start_time": 1764807758.8594673,
        "round_end_time": 1764807773.6047204,
        "evaluate_time": 0.7475597858428955,
        "inference_time": 0.09401345252990723
    },
    "16": {
        "trees_by_client": 170,
        "first_server_serialise_trees_size": 151368,
        "fit_time": 1.2630853652954102,
        "client_serialise_trees_size": 3237748,
        "final_server_serialise_trees_size": 16619055,
        "f1_score": 0.9703196399824079,
        "mcc": 0.9554219679728352,
        "accuracy": 0.9648488830486203,
        "precision": 0.9731136601642123,
        "recall": 0.9694396484416806,
        "confusion_matrix": [
            [
                0.9877425944841676,
                0.0010214504596527069,
                0.011235955056179775,
                0.0,
                0.0,
                0.0
            ],
            [
                0.012626262626262626,
                0.9696969696969697,
                0.015151515151515152,
                0.0,
                0.0025252525252525255,
                0.0
            ],
            [
                0.021630615640599003,
                0.0016638935108153079,
                0.9750415973377704,
                0.0,
                0.0016638935108153079,
                0.0
            ],
            [
                0.0,
                0.0,
                0.0,
                1.0,
                0.0,
                0.0
            ],
            [
                0.0,
                0.010221465076660987,
                0.10562180579216354,
                0.0,
                0.8841567291311755,
                0.0
            ],
            [
                0.0,
                0.0,
                0.0,
                0.0,
                0.0,
                1.0
            ]
        ],
        "confusion_matrix_labels": [
            "DoS/DDoS",
            "Info_Gathering",
            "Injection",
            "MITM",
            "Malware",
            "Normal"
        ],
        "round_time": 15.540384292602539,
        "round_start_time": 1764807788.8625255,
        "round_end_time": 1764807804.4029098,
        "evaluate_time": 0.6824970245361328,
        "inference_time": 0.10997176170349121
    },
    "17": {
        "trees_by_client": 180,
        "first_server_serialise_trees_size": 160349,
        "fit_time": 1.2839245796203613,
        "client_serialise_trees_size": 3406320,
        "final_server_serialise_trees_size": 17686587,
        "f1_score": 0.9719551403172443,
        "mcc": 0.9578808588067074,
        "accuracy": 0.966819973718791,
        "precision": 0.9744090244539735,
        "recall": 0.9711664839476826,
        "confusion_matrix": [
            [
                0.9887640449438202,
                0.0010214504596527069,
                0.010214504596527068,
                0.0,
                0.0,
                0.0
            ],
            [
                0.010101010101010102,
                0.9722222222222222,
                0.015151515151515152,
                0.0,
                0.0025252525252525255,
                0.0
            ],
            [
                0.021630615640599003,
                0.0016638935108153079,
                0.9750415973377704,
                0.0,
                0.0016638935108153079,
                0.0
            ],
            [
                0.0,
                0.0,
                0.0,
                1.0,
                0.0,
                0.0
            ],
            [
                0.0,
                0.010221465076660987,
                0.09880749574105621,
                0.0,
                0.8909710391822828,
                0.0
            ],
            [
                0.0,
                0.0,
                0.0,
                0.0,
                0.0,
                1.0
            ]
        ],
        "confusion_matrix_labels": [
            "DoS/DDoS",
            "Info_Gathering",
            "Injection",
            "MITM",
            "Malware",
            "Normal"
        ],
        "round_time": 17.025627374649048,
        "round_start_time": 1764807819.6534753,
        "round_end_time": 1764807836.6791027,
        "evaluate_time": 0.7560601234436035,
        "inference_time": 0.1168220043182373
    },
    "18": {
        "trees_by_client": 190,
        "first_server_serialise_trees_size": 170688,
        "fit_time": 1.5496611595153809,
        "client_serialise_trees_size": 3629090,
        "final_server_serialise_trees_size": 18498369,
        "f1_score": 0.9716549326673228,
        "mcc": 0.9574567461622636,
        "accuracy": 0.966491458607096,
        "precision": 0.9742342537851085,
        "recall": 0.9707456085268071,
        "confusion_matrix": [
            [
                0.9887640449438202,
                0.0010214504596527069,
                0.010214504596527068,
                0.0,
                0.0,
                0.0
            ],
            [
                0.012626262626262626,
                0.9696969696969697,
                0.015151515151515152,
                0.0,
                0.0025252525252525255,
                0.0
            ],
            [
                0.021630615640599003,
                0.0016638935108153079,
                0.9750415973377704,
                0.0,
                0.0016638935108153079,
                0.0
            ],
            [
                0.0,
                0.0,
                0.0,
                1.0,
                0.0,
                0.0
            ],
            [
                0.0,
                0.010221465076660987,
                0.09880749574105621,
                0.0,
                0.8909710391822828,
                0.0
            ],
            [
                0.0,
                0.0,
                0.0,
                0.0,
                0.0,
                1.0
            ]
        ],
        "confusion_matrix_labels": [
            "DoS/DDoS",
            "Info_Gathering",
            "Injection",
            "MITM",
            "Malware",
            "Normal"
        ],
        "round_time": 16.308677196502686,
        "round_start_time": 1764807851.943469,
        "round_end_time": 1764807868.2521462,
        "evaluate_time": 0.6976077556610107,
        "inference_time": 0.11345696449279785
    },
    "19": {
        "trees_by_client": 200,
        "first_server_serialise_trees_size": 179792,
        "fit_time": 1.9531733989715576,
        "client_serialise_trees_size": 3774713,
        "final_server_serialise_trees_size": 19436517,
        "f1_score": 0.9698889261003103,
        "mcc": 0.9550322481888698,
        "accuracy": 0.9645203679369251,
        "precision": 0.9728956051144501,
        "recall": 0.968928343171843,
        "confusion_matrix": [
            [
                0.9897854954034729,
                0.0010214504596527069,
                0.009193054136874362,
                0.0,
                0.0,
                0.0
            ],
            [
                0.012626262626262626,
                0.9696969696969697,
                0.015151515151515152,
                0.0,
                0.0025252525252525255,
                0.0
            ],
            [
                0.021630615640599003,
                0.0016638935108153079,
                0.9750415973377704,
                0.0,
                0.0016638935108153079,
