{
    "0": {
        "trees_by_client": 10,
        "first_server_serialise_trees_size": 11029,
        "fit_time": 0.06539607048034668,
        "client_serialise_trees_size": 226181,
        "final_server_serialise_trees_size": 1144433,
        "f1_score": 0.9421563954625501,
        "mcc": 0.9694856118260432,
        "accuracy": 0.9732283464566929,
        "precision": 0.9315138650079154,
        "recall": 0.9592593755748355,
        "confusion_matrix": [
            [
                1.0,
                0.0,
                0.0,
                0.0,
                0.0,
                0.0,
                0.0,
                0.0,
                0.0,
                0.0
            ],
            [
                0.0,
                0.9626865671641791,
                0.0024875621890547263,
                0.012437810945273632,
                0.0,
                0.007462686567164179,
                0.0,
                0.007462686567164179,
                0.0,
                0.007462686567164179
            ],
            [
                0.0,
                0.0,
                0.9617346938775511,
                0.0,
                0.02040816326530612,
                0.00510204081632653,
                0.002551020408163265,
                0.0,
                0.01020408163265306,
                0.0
            ],
            [
                0.0,
                0.007481296758104738,
                0.0,
                0.9625935162094763,
                0.0024937655860349127,
                0.0,
                0.0,
                0.004987531172069825,
                0.007481296758104738,
                0.014962593516209476
            ],
            [
                0.0,
                0.0,
                0.0,
                0.047619047619047616,
                0.8571428571428571,
                0.0,
                0.047619047619047616,
                0.0,
                0.0,
                0.047619047619047616
            ],
            [
                0.0,
                0.0035971223021582736,
                0.0,
                0.0,
                0.001199040767386091,
                0.9904076738609112,
                0.0,
                0.0,
                0.001199040767386091,
                0.0035971223021582736
            ],
            [
                0.0,
                0.0,
                0.002577319587628866,
                0.002577319587628866,
                0.005154639175257732,
                0.0,
                0.9819587628865979,
                0.0,
                0.0,
                0.007731958762886598
            ],
            [
                0.0,
                0.0,
                0.0,
                0.0,
                0.0,
                0.00684931506849315,
                0.0,
                0.976027397260274,
                0.0,
                0.017123287671232876
            ],
            [
                0.0,
                0.0,
                0.0,
                0.0024813895781637717,
                0.004962779156327543,
                0.0,
                0.0,
                0.0024813895781637717,
                0.9900744416873449,
                0.0
            ],
            [
                0.0,
                0.0,
                0.0,
                0.01929260450160772,
                0.0,
                0.0,
                0.0,
                0.0707395498392283,
                0.0,
                0.909967845659164
            ]
        ],
        "confusion_matrix_labels": [
            "backdoor",
            "ddos",
            "dos",
            "injection",
            "mitm",
            "normal",
            "password",
            "ransomware",
            "scanning",
            "xss"
        ],
        "round_time": 31.794309616088867,
        "round_start_time": 1765829041.9525714,
        "round_end_time": 1765829073.746881,
        "evaluate_time": 0.2588944435119629,
        "inference_time": 0.01089930534362793
    },
    "1": {
        "trees_by_client": 20,
        "first_server_serialise_trees_size": 10921,
        "fit_time": 0.16603994369506836,
        "client_serialise_trees_size": 452770,
        "final_server_serialise_trees_size": 2416072,
        "f1_score": 0.9425818508402765,
        "mcc": 0.9685957693553944,
        "accuracy": 0.9724409448818898,
        "precision": 0.9305645766228444,
        "recall": 0.9631544872635873,
        "confusion_matrix": [
            [
                1.0,
                0.0,
                0.0,
                0.0,
                0.0,
                0.0,
                0.0,
                0.0,
                0.0,
                0.0
            ],
            [
                0.0,
                0.9577114427860697,
                0.0024875621890547263,
                0.017412935323383085,
                0.0,
                0.007462686567164179,
                0.0,
                0.007462686567164179,
                0.0,
                0.007462686567164179
            ],
            [
                0.0,
                0.0,
                0.9617346938775511,
                0.0,
                0.02295918367346939,
                0.00510204081632653,
                0.0,
                0.0,
                0.01020408163265306,
                0.0
            ],
            [
                0.0,
                0.007481296758104738,
                0.0,
                0.9600997506234414,
                0.0024937655860349127,
                0.0,
                0.0,
                0.004987531172069825,
                0.007481296758104738,
                0.017456359102244388
            ],
            [
                0.0,
                0.0,
                0.0,
                0.047619047619047616,
                0.9047619047619048,
                0.0,
                0.0,
                0.0,
                0.0,
                0.047619047619047616
            ],
            [
                0.0,
                0.0035971223021582736,
                0.0,
                0.0,
                0.001199040767386091,
                0.9892086330935251,
                0.0,
                0.001199040767386091,
                0.001199040767386091,
                0.0035971223021582736
            ],
            [
                0.0,
                0.0,
                0.0,
                0.002577319587628866,
                0.007731958762886598,
                0.0,
                0.9819587628865979,
                0.0,
                0.0,
                0.007731958762886598
            ],
            [
                0.0,
                0.0,
                0.0,
                0.0,
                0.0,
                0.00684931506849315,
                0.0,
                0.976027397260274,
                0.0,
                0.017123287671232876
            ],
            [
                0.0,
                0.0,
                0.0,
                0.0024813895781637717,
                0.0024813895781637717,
                0.0,
                0.0024813895781637717,
                0.0024813895781637717,
                0.9900744416873449,
                0.0
            ],
            [
                0.0,
                0.003215434083601286,
                0.0,
                0.01607717041800643,
                0.0,
                0.0,
                0.0,
                0.0707395498392283,
                0.0,
                0.909967845659164
            ]
        ],
        "confusion_matrix_labels": [
            "backdoor",
            "ddos",
            "dos",
            "injection",
            "mitm",
            "normal",
            "password",
            "ransomware",
            "scanning",
            "xss"
        ],
        "round_time": 3.7746853828430176,
        "round_start_time": 1765829089.8401423,
        "round_end_time": 1765829093.6148276,
        "evaluate_time": 0.2165968418121338,
        "inference_time": 0.014661312103271484
    },
    "2": {
        "trees_by_client": 30,
        "first_server_serialise_trees_size": 21784,
        "fit_time": 0.28173828125,
        "client_serialise_trees_size": 676514,
        "final_server_serialise_trees_size": 3593288,
        "f1_score": 0.9435061906711694,
        "mcc": 0.9709900641629549,
        "accuracy": 0.9745406824146982,
        "precision": 0.9312330507361997,
        "recall": 0.9651682254131823,
        "confusion_matrix": [
            [
                1.0,
                0.0,
                0.0,
                0.0,
                0.0,
                0.0,
                0.0,
                0.0,
                0.0,
                0.0
            ],
            [
                0.0,
                0.9651741293532339,
                0.0024875621890547263,
                0.009950248756218905,
                0.0,
                0.007462686567164179,
                0.0,
                0.007462686567164179,
                0.0,
                0.007462686567164179
            ],
            [
                0.0,
                0.0,
                0.9642857142857143,
                0.0,
                0.02295918367346939,
                0.002551020408163265,
                0.0,
                0.0,
                0.01020408163265306,
                0.0
            ],
            [
                0.0,
                0.007481296758104738,
                0.0,
                0.9625935162094763,
                0.0024937655860349127,
                0.0,
                0.0,
                0.004987531172069825,
                0.007481296758104738,
                0.014962593516209476
            ],
            [
                0.0,
                0.0,
                0.0,
                0.047619047619047616,
                0.9047619047619048,
                0.0,
                0.0,
                0.0,
                0.0,
                0.047619047619047616
            ],
            [
                0.0,
                0.0035971223021582736,
                0.0,
                0.0,
                0.001199040767386091,
                0.9904076738609112,
                0.0,
                0.0,
                0.001199040767386091,
                0.0035971223021582736
            ],
            [
                0.0,
                0.0,
                0.0,
                0.002577319587628866,
                0.007731958762886598,
                0.0,
                0.9819587628865979,
                0.0,
                0.0,
                0.007731958762886598
            ],
            [
                0.0,
                0.0,
                0.0,
                0.0,
                0.0,
                0.00684931506849315,
                0.0,
                0.976027397260274,
                0.0,
                0.017123287671232876
            ],
            [
                0.0,
                0.0,
                0.0,
                0.0024813895781637717,
                0.004962779156327543,
                0.0,
                0.0,
                0.0024813895781637717,
                0.9900744416873449,
                0.0
            ],
            [
                0.0,
                0.0,
                0.0,
                0.012861736334405145,
                0.0,
                0.0,
                0.0,
                0.0707395498392283,
                0.0,
                0.9163987138263665
            ]
        ],
        "confusion_matrix_labels": [
            "backdoor",
            "ddos",
            "dos",
            "injection",
            "mitm",
            "normal",
            "password",
            "ransomware",
            "scanning",
            "xss"
        ],
        "round_time": 4.531027317047119,
        "round_start_time": 1765829108.7288585,
        "round_end_time": 1765829113.2598858,
        "evaluate_time": 0.2795236110687256,
        "inference_time": 0.03209710121154785
    },
    "3": {
        "trees_by_client": 40,
        "first_server_serialise_trees_size": 32361,
        "fit_time": 0.6559343338012695,
        "client_serialise_trees_size": 880143,
        "final_server_serialise_trees_size": 4737722,
        "f1_score": 0.9439190500826321,
        "mcc": 0.9700894915938255,
        "accuracy": 0.973753280839895,
        "precision": 0.9319486032573174,
        "recall": 0.964414990594857,
        "confusion_matrix": [
            [
                1.0,
                0.0,
                0.0,
                0.0,
                0.0,
                0.0,
                0.0,
                0.0,
                0.0,
                0.0
            ],
            [
                0.0,
                0.9626865671641791,
                0.0024875621890547263,
                0.014925373134328358,
                0.0,
                0.007462686567164179,
                0.0,
                0.007462686567164179,
                0.0,
                0.004975124378109453
            ],
            [
                0.0,
                0.0,
                0.9617346938775511,
                0.0,
                0.02040816326530612,
                0.00510204081632653,
                0.002551020408163265,
                0.0,
                0.01020408163265306,
                0.0
            ],
            [
                0.0,
                0.007481296758104738,
                0.0,
                0.9600997506234414,
                0.0024937655860349127,
                0.0,
                0.0,
                0.004987531172069825,
                0.007481296758104738,
                0.017456359102244388
            ],
            [
                0.0,
                0.0,
                0.0,
                0.047619047619047616,
                0.9047619047619048,
                0.0,
                0.0,
                0.0,
                0.0,
                0.047619047619047616
            ],
            [
                0.0,
                0.0035971223021582736,
                0.0,
                0.0,
                0.001199040767386091,
                0.9904076738609112,
                0.0,
                0.0,
                0.001199040767386091,
                0.0035971223021582736
            ],
            [
                0.0,
                0.0,
                0.0,
                0.002577319587628866,
                0.007731958762886598,
                0.0,
                0.9819587628865979,
                0.0,
                0.0,
                0.007731958762886598
            ],
            [
                0.0,
                0.0,
                0.0,
                0.0,
                0.0,
                0.00684931506849315,
                0.0,
                0.976027397260274,
                0.0,
                0.017123287671232876
            ],
            [
                0.0,
                0.0,
                0.0,
                0.0024813895781637717,
                0.004962779156327543,
                0.0,
                0.0,
                0.0024813895781637717,
                0.9900744416873449,
                0.0
            ],
            [
                0.0,
                0.0,
                0.0,
                0.012861736334405145,
                0.0,
                0.0,
                0.0,
                0.0707395498392283,
                0.0,
                0.9163987138263665
            ]
        ],
        "confusion_matrix_labels": [
            "backdoor",
            "ddos",
            "dos",
            "injection",
            "mitm",
            "normal",
            "password",
            "ransomware",
            "scanning",
            "xss"
        ],
        "round_time": 5.674731016159058,
        "round_start_time": 1765829128.4078617,
        "round_end_time": 1765829134.0825927,
        "evaluate_time": 0.45567965507507324,
        "inference_time": 0.026372432708740234
    },
    "4": {
        "trees_by_client": 50,
        "first_server_serialise_trees_size": 43504,
        "fit_time": 0.6503341197967529,
        "client_serialise_trees_size": 1127542,
        "final_server_serialise_trees_size": 5896416,
        "f1_score": 0.9445495308704658,
        "mcc": 0.9694897352944146,
        "accuracy": 0.9732283464566929,
        "precision": 0.9328471515727597,
        "recall": 0.9639174781570461,
        "confusion_matrix": [
            [
                1.0,
                0.0,
                0.0,
                0.0,
                0.0,
                0.0,
                0.0,
                0.0,
                0.0,
                0.0
            ],
            [
                0.0,
                0.9577114427860697,
                0.0024875621890547263,
                0.01990049751243781,
                0.0,
                0.007462686567164179,
                0.0,
                0.007462686567164179,
                0.0,
                0.004975124378109453
            ],
            [
                0.0,
                0.0,
                0.9617346938775511,
                0.0,
                0.017857142857142856,
                0.00510204081632653,
                0.002551020408163265,
                0.0,
                0.01020408163265306,
                0.002551020408163265
            ],
            [
                0.0,
                0.007481296758104738,
                0.0,
                0.9600997506234414,
                0.0024937655860349127,
                0.0,
                0.0,
                0.004987531172069825,
                0.007481296758104738,
                0.017456359102244388
            ],
            [
                0.0,
                0.0,
                0.0,
                0.047619047619047616,
                0.9047619047619048,
                0.0,
                0.0,
                0.0,
                0.0,
                0.047619047619047616
            ],
            [
                0.0,
                0.0035971223021582736,
                0.0,
                0.0,
                0.001199040767386091,
                0.9904076738609112,
                0.0,
                0.0,
                0.001199040767386091,
                0.0035971223021582736
            ],
            [
                0.0,
                0.0,
                0.0,
                0.002577319587628866,
                0.007731958762886598,
                0.0,
                0.9819587628865979,
                0.0,
                0.0,
                0.007731958762886598
            ],
            [
                0.0,
                0.0,
                0.0,
                0.0,
                0.0,
                0.00684931506849315,
                0.0,
                0.976027397260274,
                0.0,
                0.017123287671232876
            ],
            [
                0.0,
                0.0,
                0.0,
                0.0024813895781637717,
                0.004962779156327543,
                0.0,
                0.0,
                0.0024813895781637717,
                0.9900744416873449,
                0.0
            ],
            [
                0.0,
                0.0,
                0.0,
                0.012861736334405145,
                0.0,
                0.0,
                0.0,
                0.0707395498392283,
                0.0,
                0.9163987138263665
            ]
        ],
        "confusion_matrix_labels": [
            "backdoor",
            "ddos",
            "dos",
            "injection",
            "mitm",
            "normal",
            "password",
            "ransomware",
            "scanning",
            "xss"
        ],
        "round_time": 6.176215171813965,
        "round_start_time": 1765829149.208808,
        "round_end_time": 1765829155.385023,
        "evaluate_time": 0.45829105377197266,
        "inference_time": 0.03352952003479004
    },
    "5": {
        "trees_by_client": 60,
        "first_server_serialise_trees_size": 54352,
        "fit_time": 0.890784502029419,
        "client_serialise_trees_size": 1330936,
        "final_server_serialise_trees_size": 7057088,
        "f1_score": 0.9410876958603941,
        "mcc": 0.9694888504599805,
        "accuracy": 0.9732283464566929,
        "precision": 0.9300440183867107,
        "recall": 0.9594043296140468,
        "confusion_matrix": [
            [
                1.0,
                0.0,
                0.0,
                0.0,
                0.0,
                0.0,
                0.0,
                0.0,
                0.0,
                0.0
            ],
            [
                0.0,
                0.9601990049751243,
                0.0024875621890547263,
                0.014925373134328358,
                0.0,
                0.007462686567164179,
                0.0,
                0.007462686567164179,
                0.0,
                0.007462686567164179
            ],
            [
                0.0,
                0.0,
                0.9617346938775511,
                0.0,
                0.02040816326530612,
                0.00510204081632653,
                0.002551020408163265,
                0.0,
                0.01020408163265306,
                0.0
            ],
            [
                0.0,
                0.007481296758104738,
                0.0,
                0.9600997506234414,
                0.0024937655860349127,
                0.0,
                0.0,
                0.004987531172069825,
                0.007481296758104738,
                0.017456359102244388
            ],
            [
                0.0,
                0.0,
                0.0,
                0.047619047619047616,
                0.8571428571428571,
                0.0,
                0.047619047619047616,
                0.0,
                0.0,
                0.047619047619047616
            ],
            [
                0.0,
                0.0035971223021582736,
                0.0,
                0.0,
                0.001199040767386091,
                0.9904076738609112,
                0.0,
                0.0,
                0.001199040767386091,
                0.0035971223021582736
            ],
            [
                0.0,
                0.0,
                0.0,
                0.002577319587628866,
                0.007731958762886598,
                0.0,
                0.9819587628865979,
                0.0,
                0.0,
                0.007731958762886598
            ],
            [
                0.0,
                0.0,
                0.0,
                0.0,
                0.0,
                0.00684931506849315,
                0.0,
                0.976027397260274,
                0.0,
                0.017123287671232876
            ],
            [
                0.0,
                0.0,
                0.0,
                0.0024813895781637717,
                0.004962779156327543,
                0.0,
                0.0,
                0.0024813895781637717,
                0.9900744416873449,
                0.0
            ],
            [
                0.0,
                0.0,
                0.0,
                0.012861736334405145,
                0.0,
                0.0,
                0.0,
                0.0707395498392283,
                0.0,
                0.9163987138263665
            ]
        ],
        "confusion_matrix_labels": [
            "backdoor",
            "ddos",
            "dos",
            "injection",
            "mitm",
            "normal",
            "password",
            "ransomware",
            "scanning",
            "xss"
        ],
        "round_time": 7.380849838256836,
        "round_start_time": 1765829170.5119333,
        "round_end_time": 1765829177.8927832,
        "evaluate_time": 0.4587726593017578,
        "inference_time": 0.03405499458312988
    },
    "6": {
        "trees_by_client": 70,
        "first_server_serialise_trees_size": 64943,
        "fit_time": 1.245995283126831,
        "client_serialise_trees_size": 1576196,
        "final_server_serialise_trees_size": 8263563,
        "f1_score": 0.9453218176670566,
        "mcc": 0.970386120812053,
        "accuracy": 0.974015748031496,
        "precision": 0.9336301099523677,
        "recall": 0.9646643671534605,
        "confusion_matrix": [
            [
                1.0,
                0.0,
                0.0,
                0.0,
                0.0,
                0.0,
                0.0,
                0.0,
                0.0,
                0.0
            ],
            [
                0.0,
                0.9626865671641791,
                0.0024875621890547263,
                0.012437810945273632,
                0.0,
                0.007462686567164179,
                0.0,
                0.007462686567164179,
                0.0,
                0.007462686567164179
            ],
            [
                0.0,
                0.0,
                0.9617346938775511,
                0.0,
                0.02040816326530612,
                0.00510204081632653,
                0.002551020408163265,
                0.0,
                0.01020408163265306,
                0.0
            ],
            [
                0.0,
                0.007481296758104738,
                0.0,
                0.9625935162094763,
                0.0024937655860349127,
                0.0,
                0.0,
                0.004987531172069825,
                0.007481296758104738,
                0.014962593516209476
            ],
            [
                0.0,
                0.0,
                0.0,
                0.047619047619047616,
                0.9047619047619048,
                0.0,
                0.0,
                0.0,
                0.0,
                0.047619047619047616
            ],
            [
                0.0,
                0.0035971223021582736,
                0.0,
                0.0,
                0.001199040767386091,
                0.9904076738609112,
                0.0,
                0.0,
                0.001199040767386091,
                0.0035971223021582736
            ],
            [
                0.0,
                0.0,
                0.002577319587628866,
                0.002577319587628866,
                0.005154639175257732,
                0.0,
                0.9819587628865979,
                0.0,
                0.0,
                0.007731958762886598
            ],
            [
                0.0,
                0.0,
                0.0,
                0.0,
                0.0,
                0.00684931506849315,
                0.0,
                0.976027397260274,
                0.0,
                0.017123287671232876
            ],
            [
                0.0,
                0.0,
                0.0,
                0.0024813895781637717,
                0.004962779156327543,
                0.0,
                0.0,
                0.0024813895781637717,
                0.9900744416873449,
                0.0
            ],
            [
                0.0,
                0.0,
                0.0,
                0.012861736334405145,
                0.0,
                0.0,
                0.0,
                0.0707395498392283,
                0.0,
                0.9163987138263665
            ]
        ],
        "confusion_matrix_labels": [
            "backdoor",
            "ddos",
            "dos",
            "injection",
            "mitm",
            "normal",
            "password",
            "ransomware",
            "scanning",
            "xss"
        ],
        "round_time": 9.283749103546143,
        "round_start_time": 1765829193.0428474,
        "round_end_time": 1765829202.3265965,
        "evaluate_time": 0.25473833084106445,
        "inference_time": 0.023787975311279297
    },
    "7": {
        "trees_by_client": 80,
        "first_server_serialise_trees_size": 76183,
        "fit_time": 0.58243727684021,
        "client_serialise_trees_size": 1769138,
        "final_server_serialise_trees_size": 9341954,
        "f1_score": 0.9436693155813225,
        "mcc": 0.9697905381443848,
        "accuracy": 0.9734908136482939,
        "precision": 0.9317022682981383,
        "recall": 0.9641662343759515,
        "confusion_matrix": [
            [
                1.0,
                0.0,
                0.0,
                0.0,
                0.0,
                0.0,
                0.0,
                0.0,
                0.0,
                0.0
            ],
            [
                0.0,
                0.9601990049751243,
                0.0024875621890547263,
                0.017412935323383085,
                0.0,
                0.007462686567164179,
                0.0,
                0.007462686567164179,
                0.0,
                0.004975124378109453
            ],
            [
                0.0,
                0.0,
                0.9617346938775511,
                0.0,
                0.02040816326530612,
                0.00510204081632653,
                0.002551020408163265,
                0.0,
                0.01020408163265306,
                0.0
            ],
            [
                0.0,
                0.007481296758104738,
                0.0,
                0.9600997506234414,
                0.0024937655860349127,
                0.0,
                0.0,
                0.004987531172069825,
                0.007481296758104738,
                0.017456359102244388
            ],
            [
                0.0,
                0.0,
                0.0,
                0.047619047619047616,
                0.9047619047619048,
                0.0,
                0.0,
                0.0,
                0.0,
                0.047619047619047616
            ],
            [
                0.0,
                0.0035971223021582736,
                0.0,
                0.0,
                0.001199040767386091,
                0.9904076738609112,
                0.0,
                0.0,
                0.001199040767386091,
                0.0035971223021582736
            ],
            [
                0.0,
                0.0,
                0.0,
                0.002577319587628866,
                0.007731958762886598,
                0.0,
                0.9819587628865979,
                0.0,
                0.0,
                0.007731958762886598
            ],
            [
                0.0,
                0.0,
                0.0,
                0.0,
                0.0,
                0.00684931506849315,
                0.0,
                0.976027397260274,
                0.0,
                0.017123287671232876
            ],
            [
                0.0,
                0.0,
                0.0,
                0.0024813895781637717,
                0.004962779156327543,
                0.0,
                0.0,
                0.0024813895781637717,
                0.9900744416873449,
                0.0
            ],
            [
                0.0,
                0.0,
                0.0,
                0.012861736334405145,
                0.0,
                0.0,
                0.0,
                0.0707395498392283,
                0.0,
                0.9163987138263665
            ]
        ],
        "confusion_matrix_labels": [
            "backdoor",
            "ddos",
            "dos",
            "injection",
            "mitm",
            "normal",
            "password",
            "ransomware",
            "scanning",
            "xss"
        ],
        "round_time": 9.295625925064087,
        "round_start_time": 1765829217.4055731,
        "round_end_time": 1765829226.701199,
        "evaluate_time": 0.2845888137817383,
        "inference_time": 0.026510000228881836
    },
    "8": {
        "trees_by_client": 90,
        "first_server_serialise_trees_size": 86863,
        "fit_time": 0.7675178050994873,
        "client_serialise_trees_size": 2012527,
        "final_server_serialise_trees_size": 10562286,
        "f1_score": 0.943823393275388,
        "mcc": 0.9700898201513666,
        "accuracy": 0.973753280839895,
        "precision": 0.9318941773528738,
        "recall": 0.9642861384526901,
        "confusion_matrix": [
            [
                1.0,
                0.0,
                0.0,
                0.0,
                0.0,
                0.0,
                0.0,
                0.0,
                0.0,
                0.0
            ],
            [
                0.0,
                0.9601990049751243,
                0.0024875621890547263,
                0.014925373134328358,
                0.0,
                0.007462686567164179,
                0.0,
                0.007462686567164179,
                0.0,
                0.007462686567164179
            ],
            [
                0.0,
                0.0,
                0.9617346938775511,
                0.0,
                0.02040816326530612,
                0.00510204081632653,
                0.002551020408163265,
                0.0,
                0.01020408163265306,
                0.0
            ],
            [
                0.0,
                0.007481296758104738,
                0.0,
                0.9600997506234414,
                0.0024937655860349127,
                0.0,
                0.0,
                0.004987531172069825,
                0.007481296758104738,
                0.017456359102244388
            ],
            [
                0.0,
                0.0,
                0.0,
                0.047619047619047616,
                0.9047619047619048,
                0.0,
                0.0,
                0.0,
                0.0,
                0.047619047619047616
            ],
            [
                0.0,
                0.002398081534772182,
                0.0,
                0.0,
                0.001199040767386091,
                0.9916067146282974,
                0.0,
                0.0,
                0.001199040767386091,
                0.0035971223021582736
            ],
            [
                0.0,
                0.0,
                0.0,
                0.002577319587628866,
                0.007731958762886598,
                0.0,
                0.9819587628865979,
                0.0,
                0.0,
                0.007731958762886598
            ],
            [
                0.0,
                0.0,
                0.0,
                0.0,
                0.0,
                0.00684931506849315,
                0.0,
                0.976027397260274,
                0.0,
                0.017123287671232876
            ],
            [
                0.0,
                0.0,
                0.0,
                0.0024813895781637717,
                0.004962779156327543,
                0.0,
                0.0,
                0.0024813895781637717,
                0.9900744416873449,
                0.0
            ],
            [
                0.0,
                0.0,
                0.0,
                0.012861736334405145,
                0.0,
                0.0,
                0.0,
                0.0707395498392283,
                0.0,
                0.9163987138263665
            ]
        ],
        "confusion_matrix_labels": [
            "backdoor",
            "ddos",
            "dos",
            "injection",
            "mitm",
            "normal",
            "password",
            "ransomware",
            "scanning",
            "xss"
        ],
        "round_time": 9.206998825073242,
        "round_start_time": 1765829241.7829304,
        "round_end_time": 1765829250.9899292,
        "evaluate_time": 0.9294276237487793,
        "inference_time": 0.04489469528198242
    },
    "9": {
        "trees_by_client": 100,
        "first_server_serialise_trees_size": 97636,
        "fit_time": 0.967637300491333,
        "client_serialise_trees_size": 2245387,
        "final_server_serialise_trees_size": 11748521,
        "f1_score": 0.9428070619928937,
        "mcc": 0.9700911671862683,
        "accuracy": 0.973753280839895,
        "precision": 0.9305934286364227,
        "recall": 0.964414990594857,
        "confusion_matrix": [
            [
                1.0,
                0.0,
                0.0,
                0.0,
                0.0,
                0.0,
                0.0,
                0.0,
                0.0,
                0.0
            ],
            [
                0.0,
                0.9626865671641791,
                0.0024875621890547263,
                0.014925373134328358,
                0.0,
                0.007462686567164179,
                0.0,
                0.007462686567164179,
                0.0,
                0.004975124378109453
            ],
            [
                0.0,
                0.0,
                0.9617346938775511,
                0.0,
                0.02040816326530612,
                0.00510204081632653,
                0.002551020408163265,
                0.0,
                0.01020408163265306,
                0.0
            ],
            [
                0.0,
                0.007481296758104738,
                0.0,
                0.9600997506234414,
                0.0024937655860349127,
                0.0,
                0.0,
                0.004987531172069825,
                0.007481296758104738,
                0.017456359102244388
            ],
            [
                0.0,
                0.0,
                0.0,
                0.047619047619047616,
                0.9047619047619048,
                0.0,
                0.0,
                0.0,
                0.0,
                0.047619047619047616
            ],
            [
                0.0,
                0.0035971223021582736,
                0.0,
                0.0,
                0.002398081534772182,
                0.9904076738609112,
                0.0,
                0.0,
                0.0,
                0.0035971223021582736
            ],
            [
                0.0,
                0.0,
                0.0,
                0.002577319587628866,
                0.007731958762886598,
                0.0,
                0.9819587628865979,
                0.0,
                0.0,
                0.007731958762886598
            ],
            [
                0.0,
                0.0,
                0.0,
                0.0,
                0.0,
                0.00684931506849315,
                0.0,
                0.976027397260274,
                0.0,
                0.017123287671232876
            ],
            [
                0.0,
                0.0,
                0.0,
                0.0024813895781637717,
                0.004962779156327543,
                0.0,
                0.0,
                0.0024813895781637717,
                0.9900744416873449,
                0.0
            ],
            [
                0.0,
                0.0,
                0.0,
                0.012861736334405145,
                0.0,
                0.0,
                0.0,
                0.0707395498392283,
                0.0,
                0.9163987138263665
            ]
        ],
        "confusion_matrix_labels": [
            "backdoor",
            "ddos",
            "dos",
            "injection",
            "mitm",
            "normal",
            "password",
            "ransomware",
            "scanning",
            "xss"
        ],
        "round_time": 10.648852109909058,
        "round_start_time": 1765829266.1420856,
        "round_end_time": 1765829276.7909377,
        "evaluate_time": 0.9036557674407959,
