{
    "0": {
        "trees_by_client": 10,
        "first_server_serialise_trees_size": 9511,
        "fit_time": 0.14583134651184082,
        "client_serialise_trees_size": 280165,
        "final_server_serialise_trees_size": 525448,
        "f1_score": 0.9681475350721112,
        "mcc": 0.9540142224875677,
        "accuracy": 0.9642579642579643,
        "precision": 0.9729656765671731,
        "recall": 0.9646566982914196,
        "confusion_matrix": [
            [
                0.9748520710059172,
                0.004437869822485207,
                0.020710059171597635,
                0.0,
                0.0,
                0.0
            ],
            [
                0.01078582434514638,
                0.9645608628659477,
                0.012326656394453005,
                0.0,
                0.012326656394453005,
                0.0
            ],
            [
                0.02891566265060241,
                0.0014457831325301205,
                0.9691566265060241,
                0.0,
                0.00048192771084337347,
                0.0
            ],
            [
                0.0,
                0.0,
                0.0,
                1.0,
                0.0,
                0.0
            ],
            [
                0.0,
                0.013111888111888112,
                0.10751748251748251,
                0.0,
                0.8793706293706294,
                0.0
            ],
            [
                0.0,
                0.0,
                0.0,
                0.0,
                0.0,
                1.0
            ]
        ],
        "confusion_matrix_labels": [
            "DoS/DDoS",
            "Info_Gathering",
            "Injection",
            "MITM",
            "Malware",
            "Normal"
        ],
        "round_time": 36.485048055648804,
        "round_start_time": 1769712134.6612792,
        "round_end_time": 1769712171.1463273,
        "evaluate_time": 0.6914718151092529,
        "inference_time": 0.011723518371582031
    },
    "1": {
        "trees_by_client": 20,
        "first_server_serialise_trees_size": 9307,
        "fit_time": 0.36124610900878906,
        "client_serialise_trees_size": 523137,
        "final_server_serialise_trees_size": 488588,
        "f1_score": 0.968564489814277,
        "mcc": 0.9548455905342773,
        "accuracy": 0.9649054649054649,
        "precision": 0.9734177521438402,
        "recall": 0.9650554430960411,
        "confusion_matrix": [
            [
                0.9792899408284024,
                0.0034516765285996054,
                0.01725838264299803,
                0.0,
                0.0,
                0.0
            ],
            [
                0.01078582434514638,
                0.9661016949152542,
                0.01078582434514638,
                0.0,
                0.012326656394453005,
                0.0
            ],
            [
                0.02891566265060241,
                0.0019277108433734939,
                0.9681927710843373,
                0.0,
                0.0009638554216867469,
                0.0
            ],
            [
                0.0,
                0.0,
                0.0,
                1.0,
                0.0,
                0.0
            ],
            [
                0.0,
                0.013111888111888112,
                0.11013986013986014,
                0.0,
                0.8767482517482518,
                0.0
            ],
            [
                0.0,
                0.0,
                0.0,
                0.0,
                0.0,
                1.0
            ]
        ],
        "confusion_matrix_labels": [
            "DoS/DDoS",
            "Info_Gathering",
            "Injection",
            "MITM",
            "Malware",
            "Normal"
        ],
        "round_time": 3.686497688293457,
        "round_start_time": 1769712186.6387286,
        "round_end_time": 1769712190.3252263,
        "evaluate_time": 0.437455415725708,
        "inference_time": 0.0075566768646240234
    },
    "2": {
        "trees_by_client": 30,
        "first_server_serialise_trees_size": 18794,
        "fit_time": 0.5475115776062012,
        "client_serialise_trees_size": 824247,
        "final_server_serialise_trees_size": 1520549,
        "f1_score": 0.9680470129465498,
        "mcc": 0.9538568309377418,
        "accuracy": 0.9641284641284641,
        "precision": 0.9731637529226688,
        "recall": 0.9643204960321405,
        "confusion_matrix": [
            [
                0.9763313609467456,
                0.0029585798816568047,
                0.020710059171597635,
                0.0,
                0.0,
                0.0
            ],
            [
                0.012326656394453005,
                0.9645608628659477,
                0.01078582434514638,
                0.0,
                0.012326656394453005,
                0.0
            ],
            [
                0.027951807228915663,
                0.0019277108433734939,
                0.9691566265060241,
                0.0,
                0.0009638554216867469,
                0.0
            ],
            [
                0.0,
                0.0,
                0.0,
                1.0,
                0.0,
                0.0
            ],
            [
                0.0,
                0.013111888111888112,
                0.11101398601398602,
                0.0,
                0.8758741258741258,
                0.0
            ],
            [
                0.0,
                0.0,
                0.0,
                0.0,
                0.0,
                1.0
            ]
        ],
        "confusion_matrix_labels": [
            "DoS/DDoS",
            "Info_Gathering",
            "Injection",
            "MITM",
            "Malware",
            "Normal"
        ],
        "round_time": 4.536283016204834,
        "round_start_time": 1769712205.4218013,
        "round_end_time": 1769712209.9580843,
        "evaluate_time": 0.5062034130096436,
        "inference_time": 0.01042032241821289
    },
    "3": {
        "trees_by_client": 40,
        "first_server_serialise_trees_size": 28447,
        "fit_time": 0.6878964900970459,
        "client_serialise_trees_size": 1120204,
        "final_server_serialise_trees_size": 1446709,
        "f1_score": 0.9673326435338492,
        "mcc": 0.9527063423898894,
        "accuracy": 0.9632219632219632,
        "precision": 0.972856693402453,
        "recall": 0.9631784591952904,
        "confusion_matrix": [
            [
                0.9699211045364892,
                0.002465483234714004,
                0.027613412228796843,
                0.0,
                0.0,
                0.0
            ],
            [
                0.012326656394453005,
                0.9568567026194145,
                0.015408320493066256,
                0.0,
                0.015408320493066256,
                0.0
            ],
            [
                0.026024096385542168,
                0.0019277108433734939,
                0.9720481927710843,
                0.0,
                0.0,
                0.0
            ],
            [
                0.0,
                0.0,
                0.0,
                1.0,
                0.0,
                0.0
            ],
            [
                0.0,
                0.013111888111888112,
                0.10664335664335664,
                0.0,
                0.8802447552447552,
                0.0
            ],
            [
                0.0,
                0.0,
                0.0,
                0.0,
                0.0,
                1.0
            ]
        ],
        "confusion_matrix_labels": [
            "DoS/DDoS",
            "Info_Gathering",
            "Injection",
            "MITM",
            "Malware",
            "Normal"
        ],
        "round_time": 5.027957916259766,
        "round_start_time": 1769712225.0487711,
        "round_end_time": 1769712230.076729,
        "evaluate_time": 0.5650928020477295,
        "inference_time": 0.011769533157348633
    },
    "4": {
        "trees_by_client": 50,
        "first_server_serialise_trees_size": 37908,
        "fit_time": 0.860194206237793,
        "client_serialise_trees_size": 1360379,
        "final_server_serialise_trees_size": 2391325,
        "f1_score": 0.9670216570984507,
        "mcc": 0.9528672468249896,
        "accuracy": 0.9633514633514634,
        "precision": 0.9721133845847584,
        "recall": 0.9634342010901835,
        "confusion_matrix": [
            [
                0.9783037475345168,
                0.0029585798816568047,
                0.01873767258382643,
                0.0,
                0.0,
                0.0
            ],
            [
                0.01078582434514638,
                0.9661016949152542,
                0.01078582434514638,
                0.0,
                0.012326656394453005,
                0.0
            ],
            [
                0.027951807228915663,
                0.0014457831325301205,
                0.9681927710843373,
                0.0,
                0.0024096385542168677,
                0.0
            ],
            [
                0.0,
                0.0,
                0.0,
                1.0,
                0.0,
                0.0
            ],
            [
                0.0,
                0.015734265734265736,
                0.11625874125874126,
                0.0,
                0.868006993006993,
                0.0
            ],
            [
                0.0,
                0.0,
                0.0,
                0.0,
                0.0,
                1.0
            ]
        ],
        "confusion_matrix_labels": [
            "DoS/DDoS",
            "Info_Gathering",
            "Injection",
            "MITM",
            "Malware",
            "Normal"
        ],
        "round_time": 6.3556904792785645,
        "round_start_time": 1769712245.1688573,
        "round_end_time": 1769712251.5245478,
        "evaluate_time": 0.7095630168914795,
        "inference_time": 0.005540132522583008
    },
    "5": {
        "trees_by_client": 60,
        "first_server_serialise_trees_size": 47171,
        "fit_time": 0.9739298820495605,
        "client_serialise_trees_size": 1597281,
        "final_server_serialise_trees_size": 3068756,
        "f1_score": 0.9686092310166586,
        "mcc": 0.954368239380365,
        "accuracy": 0.9645169645169646,
        "precision": 0.973939231339649,
        "recall": 0.9646884696299566,
        "confusion_matrix": [
            [
                0.97534516765286,
                0.002465483234714004,
                0.022189349112426034,
                0.0,
                0.0,
                0.0
            ],
            [
                0.01078582434514638,
                0.9645608628659477,
                0.012326656394453005,
                0.0,
                0.012326656394453005,
                0.0
            ],
            [
                0.027951807228915663,
                0.0014457831325301205,
                0.9706024096385543,
                0.0,
                0.0,
                0.0
            ],
            [
                0.0,
                0.0,
                0.0,
                1.0,
                0.0,
                0.0
            ],
            [
                0.0,
                0.013111888111888112,
                0.10926573426573427,
                0.0,
                0.8776223776223776,
                0.0
            ],
            [
                0.0,
                0.0,
                0.0,
                0.0,
                0.0,
                1.0
            ]
        ],
        "confusion_matrix_labels": [
            "DoS/DDoS",
            "Info_Gathering",
            "Injection",
            "MITM",
            "Malware",
            "Normal"
        ],
        "round_time": 7.182853937149048,
        "round_start_time": 1769712266.617869,
        "round_end_time": 1769712273.8007228,
        "evaluate_time": 0.7196359634399414,
        "inference_time": 0.022919893264770508
    },
    "6": {
        "trees_by_client": 70,
        "first_server_serialise_trees_size": 56535,
        "fit_time": 1.1558773517608643,
        "client_serialise_trees_size": 1900013,
        "final_server_serialise_trees_size": 3385598,
        "f1_score": 0.9669475415468375,
        "mcc": 0.9532254893979876,
        "accuracy": 0.9636104636104637,
        "precision": 0.9724528757026635,
        "recall": 0.9631008352480682,
        "confusion_matrix": [
            [
                0.9807692307692307,
                0.002465483234714004,
                0.016765285996055226,
                0.0,
                0.0,
                0.0
            ],
            [
                0.012326656394453005,
                0.9645608628659477,
                0.01078582434514638,
                0.0,
                0.012326656394453005,
                0.0
            ],
            [
                0.02746987951807229,
                0.0014457831325301205,
                0.9696385542168675,
                0.0,
                0.0014457831325301205,
                0.0
            ],
            [
                0.0,
                0.0,
                0.0,
                1.0,
                0.0,
                0.0
            ],
            [
                0.0,
                0.016608391608391608,
                0.11975524475524475,
                0.0,
                0.8636363636363636,
                0.0
            ],
            [
                0.0,
                0.0,
                0.0,
                0.0,
                0.0,
                1.0
            ]
        ],
        "confusion_matrix_labels": [
            "DoS/DDoS",
            "Info_Gathering",
            "Injection",
            "MITM",
            "Malware",
            "Normal"
        ],
        "round_time": 8.364718914031982,
        "round_start_time": 1769712288.9137428,
        "round_end_time": 1769712297.2784617,
        "evaluate_time": 0.8469295501708984,
        "inference_time": 0.006340980529785156
    },
    "7": {
        "trees_by_client": 80,
        "first_server_serialise_trees_size": 66458,
        "fit_time": 1.3028345108032227,
        "client_serialise_trees_size": 2164453,
        "final_server_serialise_trees_size": 3321256,
        "f1_score": 0.9684506328953523,
        "mcc": 0.9543859483102193,
        "accuracy": 0.9645169645169646,
        "precision": 0.9743075147412453,
        "recall": 0.9641328178357128,
        "confusion_matrix": [
            [
                0.9787968441814595,
                0.0009861932938856016,
                0.02021696252465483,
                0.0,
                0.0,
                0.0
            ],
            [
                0.01078582434514638,
                0.963020030816641,
                0.01386748844375963,
                0.0,
                0.012326656394453005,
                0.0
            ],
            [
                0.02746987951807229,
                0.0019277108433734939,
                0.9706024096385543,
                0.0,
                0.0,
                0.0
            ],
            [
                0.0,
                0.0,
                0.0,
                1.0,
                0.0,
                0.0
            ],
            [
                0.0,
                0.013111888111888112,
                0.1145104895104895,
                0.0,
                0.8723776223776224,
                0.0
            ],
            [
                0.0,
                0.0,
                0.0,
                0.0,
                0.0,
                1.0
            ]
        ],
        "confusion_matrix_labels": [
            "DoS/DDoS",
            "Info_Gathering",
            "Injection",
            "MITM",
            "Malware",
            "Normal"
        ],
        "round_time": 8.798518419265747,
        "round_start_time": 1769712312.3647566,
        "round_end_time": 1769712321.163275,
        "evaluate_time": 0.813798189163208,
        "inference_time": 0.025096654891967773
    },
    "8": {
        "trees_by_client": 90,
        "first_server_serialise_trees_size": 75592,
        "fit_time": 1.4227094650268555,
        "client_serialise_trees_size": 2483178,
        "final_server_serialise_trees_size": 4632158,
        "f1_score": 0.9693216600728246,
        "mcc": 0.9556886548588884,
        "accuracy": 0.9655529655529655,
        "precision": 0.9743558652996507,
        "recall": 0.965599951310669,
        "confusion_matrix": [
            [
                0.9773175542406312,
                0.002465483234714004,
                0.02021696252465483,
                0.0,
                0.0,
                0.0
            ],
            [
                0.009244992295839754,
                0.9645608628659477,
                0.01386748844375963,
                0.0,
                0.012326656394453005,
                0.0
            ],
            [
                0.02746987951807229,
                0.0019277108433734939,
                0.9706024096385543,
                0.0,
                0.0,
                0.0
            ],
            [
                0.0,
                0.0,
                0.0,
                1.0,
                0.0,
                0.0
            ],
            [
                0.0,
                0.013111888111888112,
                0.10576923076923077,
                0.0,
                0.8811188811188811,
                0.0
            ],
            [
                0.0,
                0.0,
                0.0,
                0.0,
                0.0,
                1.0
            ]
        ],
        "confusion_matrix_labels": [
            "DoS/DDoS",
            "Info_Gathering",
            "Injection",
            "MITM",
            "Malware",
            "Normal"
        ],
        "round_time": 10.48979377746582,
        "round_start_time": 1769712336.2858036,
        "round_end_time": 1769712346.7755973,
        "evaluate_time": 1.140129566192627,
        "inference_time": 0.03385424613952637
    },
    "9": {
        "trees_by_client": 100,
        "first_server_serialise_trees_size": 85476,
        "fit_time": 1.6084246635437012,
        "client_serialise_trees_size": 2727089,
        "final_server_serialise_trees_size": 5129072,
        "f1_score": 0.9688892516721141,
        "mcc": 0.9550197999894124,
        "accuracy": 0.965034965034965,
        "precision": 0.9737846503785669,
        "recall": 0.9653206945267233,
        "confusion_matrix": [
            [
                0.9763313609467456,
                0.0034516765285996054,
                0.02021696252465483,
                0.0,
                0.0,
                0.0
            ],
            [
                0.01078582434514638,
                0.9661016949152542,
                0.01078582434514638,
                0.0,
                0.012326656394453005,
                0.0
            ],
            [
                0.027951807228915663,
                0.0014457831325301205,
                0.9701204819277108,
                0.0,
                0.00048192771084337347,
                0.0
            ],
            [
                0.0,
                0.0,
                0.0,
                1.0,
                0.0,
                0.0
            ],
            [
                0.0,
                0.013111888111888112,
                0.10751748251748251,
                0.0,
                0.8793706293706294,
                0.0
            ],
            [
                0.0,
                0.0,
                0.0,
                0.0,
                0.0,
                1.0
            ]
        ],
        "confusion_matrix_labels": [
            "DoS/DDoS",
            "Info_Gathering",
            "Injection",
            "MITM",
            "Malware",
            "Normal"
        ],
        "round_time": 11.010749340057373,
        "round_start_time": 1769712361.8981817,
        "round_end_time": 1769712372.908931,
        "evaluate_time": 1.138030767440796,
        "inference_time": 0.03727245330810547
    },
    "10": {
        "trees_by_client": 110,
        "first_server_serialise_trees_size": 94066,
        "fit_time": 1.799116849899292,
        "client_serialise_trees_size": 2941978,
        "final_server_serialise_trees_size": 5218985,
        "f1_score": 0.967749680173971,
        "mcc": 0.9529032475604698,
        "accuracy": 0.9633514633514634,
        "precision": 0.9734394953863394,
        "recall": 0.9635762415214906,
        "confusion_matrix": [
            [
                0.9709072978303748,
                0.0019723865877712033,
                0.027120315581854043,
                0.0,
                0.0,
                0.0
            ],
            [
                0.009244992295839754,
                0.963020030816641,
                0.01386748844375963,
                0.0,
                0.01386748844375963,
                0.0
            ],
            [
                0.026024096385542168,
                0.0014457831325301205,
                0.9725301204819277,
                0.0,
                0.0,
                0.0
            ],
            [
                0.0,
                0.0,
                0.0,
                1.0,
                0.0,
                0.0
            ],
            [
                0.0,
                0.013111888111888112,
                0.11188811188811189,
                0.0,
                0.875,
                0.0
            ],
            [
                0.0,
                0.0,
                0.0,
                0.0,
                0.0,
                1.0
            ]
        ],
        "confusion_matrix_labels": [
            "DoS/DDoS",
            "Info_Gathering",
            "Injection",
            "MITM",
            "Malware",
            "Normal"
        ],
        "round_time": 12.111894369125366,
        "round_start_time": 1769712388.0167315,
        "round_end_time": 1769712400.1286259,
        "evaluate_time": 1.1970818042755127,
        "inference_time": 0.038344621658325195
    },
    "11": {
        "trees_by_client": 120,
        "first_server_serialise_trees_size": 103887,
        "fit_time": 1.9446361064910889,
        "client_serialise_trees_size": 3276866,
        "final_server_serialise_trees_size": 6193097,
        "f1_score": 0.9684588153822792,
        "mcc": 0.9540381422955728,
        "accuracy": 0.9642579642579643,
        "precision": 0.9737907300690886,
        "recall": 0.9645735783949917,
        "confusion_matrix": [
            [
                0.97534516765286,
                0.002465483234714004,
                0.022189349112426034,
                0.0,
                0.0,
                0.0
            ],
            [
                0.01078582434514638,
                0.9661016949152542,
                0.01078582434514638,
                0.0,
                0.012326656394453005,
                0.0
            ],
            [
                0.028433734939759037,
                0.0014457831325301205,
                0.9701204819277108,
                0.0,
                0.0,
                0.0
            ],
            [
                0.0,
                0.0,
                0.0,
                1.0,
                0.0,
                0.0
            ],
            [
                0.0,
                0.013111888111888112,
                0.11101398601398602,
                0.0,
                0.8758741258741258,
                0.0
            ],
            [
                0.0,
                0.0,
                0.0,
                0.0,
                0.0,
                1.0
            ]
        ],
        "confusion_matrix_labels": [
            "DoS/DDoS",
            "Info_Gathering",
            "Injection",
            "MITM",
            "Malware",
            "Normal"
        ],
        "round_time": 13.041961431503296,
        "round_start_time": 1769712415.2397661,
        "round_end_time": 1769712428.2817276,
        "evaluate_time": 1.1619768142700195,
        "inference_time": 0.04256248474121094
    },
    "12": {
        "trees_by_client": 130,
        "first_server_serialise_trees_size": 113862,
        "fit_time": 2.138256072998047,
        "client_serialise_trees_size": 3584913,
        "final_server_serialise_trees_size": 5749886,
        "f1_score": 0.9676222867999137,
        "mcc": 0.9538853197131366,
        "accuracy": 0.9641284641284641,
        "precision": 0.9730256154471859,
        "recall": 0.9637928420373324,
        "confusion_matrix": [
            [
                0.980276134122288,
                0.0019723865877712033,
                0.01775147928994083,
                0.0,
                0.0,
                0.0
            ],
            [
                0.01078582434514638,
                0.9661016949152542,
                0.01078582434514638,
                0.0,
                0.012326656394453005,
                0.0
            ],
            [
                0.026987951807228915,
                0.0009638554216867469,
                0.9701204819277108,
                0.0,
                0.0019277108433734939,
                0.0
            ],
            [
                0.0,
                0.0,
                0.0,
                1.0,
                0.0,
                0.0
            ],
            [
                0.0,
                0.016608391608391608,
                0.11713286713286714,
                0.0,
                0.8662587412587412,
                0.0
            ],
            [
                0.0,
                0.0,
                0.0,
                0.0,
                0.0,
                1.0
            ]
        ],
        "confusion_matrix_labels": [
            "DoS/DDoS",
            "Info_Gathering",
            "Injection",
            "MITM",
            "Malware",
            "Normal"
        ],
        "round_time": 13.533071041107178,
        "round_start_time": 1769712443.3957841,
        "round_end_time": 1769712456.9288552,
        "evaluate_time": 1.2397935390472412,
        "inference_time": 0.010663032531738281
    },
    "13": {
        "trees_by_client": 140,
        "first_server_serialise_trees_size": 122819,
        "fit_time": 2.29716420173645,
        "client_serialise_trees_size": 3870362,
        "final_server_serialise_trees_size": 6762970,
        "f1_score": 0.9672795987636275,
        "mcc": 0.9537253578237501,
        "accuracy": 0.963998963998964,
        "precision": 0.9723747596974522,
        "recall": 0.9637704411553392,
        "confusion_matrix": [
            [
                0.9783037475345168,
                0.0034516765285996054,
                0.01824457593688363,
                0.0,
                0.0,
                0.0
            ],
            [
                0.01078582434514638,
                0.9661016949152542,
                0.01078582434514638,
                0.0,
                0.012326656394453005,
                0.0
            ],
            [
                0.026024096385542168,
                0.0014457831325301205,
                0.9710843373493976,
                0.0,
                0.0014457831325301205,
                0.0
            ],
            [
                0.0,
                0.0,
                0.0,
                1.0,
                0.0,
                0.0
            ],
            [
                0.0,
                0.016608391608391608,
                0.11625874125874126,
                0.0,
                0.8671328671328671,
                0.0
            ],
            [
                0.0,
                0.0,
                0.0,
                0.0,
                0.0,
                1.0
            ]
        ],
        "confusion_matrix_labels": [
            "DoS/DDoS",
            "Info_Gathering",
            "Injection",
            "MITM",
            "Malware",
            "Normal"
        ],
        "round_time": 14.747153282165527,
        "round_start_time": 1769712472.0117383,
        "round_end_time": 1769712486.7588916,
        "evaluate_time": 1.232893466949463,
        "inference_time": 0.012600898742675781
    },
    "14": {
        "trees_by_client": 150,
        "first_server_serialise_trees_size": 131855,
        "fit_time": 2.4176459312438965,
        "client_serialise_trees_size": 4056981,
        "final_server_serialise_trees_size": 7180454,
        "f1_score": 0.9675359467858238,
        "mcc": 0.9527361748954845,
        "accuracy": 0.9632219632219632,
        "precision": 0.9733520426855993,
        "recall": 0.9632559313087423,
        "confusion_matrix": [
            [
                0.9714003944773175,
                0.0019723865877712033,
                0.026627218934911243,
                0.0,
                0.0,
                0.0
            ],
            [
                0.01078582434514638,
                0.9614791987673343,
                0.01386748844375963,
                0.0,
                0.01386748844375963,
                0.0
            ],
            [
                0.026024096385542168,
                0.0014457831325301205,
                0.9725301204819277,
                0.0,
                0.0,
                0.0
            ],
            [
                0.0,
                0.0,
                0.0,
                1.0,
                0.0,
                0.0
            ],
            [
                0.0,
                0.013111888111888112,
                0.11276223776223776,
                0.0,
                0.8741258741258742,
                0.0
            ],
            [
                0.0,
                0.0,
                0.0,
                0.0,
                0.0,
                1.0
            ]
        ],
        "confusion_matrix_labels": [
            "DoS/DDoS",
            "Info_Gathering",
            "Injection",
            "MITM",
            "Malware",
            "Normal"
        ],
        "round_time": 15.440374374389648,
        "round_start_time": 1769712501.854754,
        "round_end_time": 1769712517.2951283,
        "evaluate_time": 1.420459270477295,
        "inference_time": 0.04807758331298828
    },
    "15": {
        "trees_by_client": 160,
        "first_server_serialise_trees_size": 141761,
        "fit_time": 2.550387382507324,
        "client_serialise_trees_size": 4338641,
        "final_server_serialise_trees_size": 7691108,
        "f1_score": 0.9667546430515049,
        "mcc": 0.9529218447951545,
        "accuracy": 0.9633514633514634,
        "precision": 0.9724536956569211,
        "recall": 0.9628514883133095,
        "confusion_matrix": [
            [
                0.9797830374753451,
                0.002465483234714004,
                0.01775147928994083,
                0.0,
                0.0,
                0.0
            ],
            [
                0.01078582434514638,
                0.9661016949152542,
                0.01078582434514638,
                0.0,
                0.012326656394453005,
                0.0
            ],
            [
                0.02650602409638554,
                0.0014457831325301205,
                0.9710843373493976,
                0.0,
                0.0009638554216867469,
                0.0
            ],
            [
                0.0,
                0.0,
                0.0,
                1.0,
                0.0,
                0.0
            ],
            [
                0.0,
                0.016608391608391608,
                0.12325174825174826,
                0.0,
                0.8601398601398601,
                0.0
            ],
            [
                0.0,
                0.0,
                0.0,
                0.0,
                0.0,
                1.0
            ]
        ],
        "confusion_matrix_labels": [
            "DoS/DDoS",
            "Info_Gathering",
            "Injection",
            "MITM",
            "Malware",
            "Normal"
        ],
        "round_time": 16.60130763053894,
        "round_start_time": 1769712532.4076998,
        "round_end_time": 1769712549.0090075,
        "evaluate_time": 1.6135625839233398,
        "inference_time": 0.013801336288452148
    },
    "16": {
        "trees_by_client": 170,
        "first_server_serialise_trees_size": 151985,
        "fit_time": 2.6951990127563477,
        "client_serialise_trees_size": 4560789,
        "final_server_serialise_trees_size": 8156937,
        "f1_score": 0.9668419773196179,
        "mcc": 0.9528990260968146,
        "accuracy": 0.9633514633514634,
        "precision": 0.97232565365581,
        "recall": 0.9630475873949508,
        "confusion_matrix": [
            [
                0.9797830374753451,
                0.002465483234714004,
                0.01775147928994083,
                0.0,
                0.0,
                0.0
            ],
            [
                0.01078582434514638,
                0.9661016949152542,
                0.01078582434514638,
                0.0,
                0.012326656394453005,
                0.0
            ],
            [
                0.02746987951807229,
                0.0014457831325301205,
                0.9696385542168675,
                0.0,
                0.0014457831325301205,
                0.0
            ],
            [
                0.0,
                0.0,
                0.0,
                1.0,
                0.0,
                0.0
            ],
            [
                0.0,
                0.016608391608391608,
                0.12062937062937062,
                0.0,
                0.8627622377622378,
                0.0
            ],
            [
                0.0,
                0.0,
                0.0,
                0.0,
                0.0,
                1.0
            ]
        ],
        "confusion_matrix_labels": [
            "DoS/DDoS",
            "Info_Gathering",
            "Injection",
            "MITM",
            "Malware",
            "Normal"
        ],
        "round_time": 17.725009441375732,
        "round_start_time": 1769712564.0967321,
        "round_end_time": 1769712581.8217416,
        "evaluate_time": 1.4024553298950195,
        "inference_time": 0.01363372802734375
    },
    "17": {
        "trees_by_client": 180,
        "first_server_serialise_trees_size": 160705,
        "fit_time": 2.9131598472595215,
        "client_serialise_trees_size": 4837682,
        "final_server_serialise_trees_size": 8513090,
        "f1_score": 0.967088569492264,
        "mcc": 0.9532130038440856,
        "accuracy": 0.9636104636104637,
        "precision": 0.9723576299772722,
        "recall": 0.9634061905362231,
        "confusion_matrix": [
            [
                0.980276134122288,
                0.002465483234714004,
                0.01725838264299803,
                0.0,
                0.0,
                0.0
            ],
            [
                0.01078582434514638,
                0.9661016949152542,
                0.01078582434514638,
                0.0,
                0.012326656394453005,
                0.0
            ],
            [
                0.027951807228915663,
                0.0014457831325301205,
                0.9686746987951808,
                0.0,
                0.0019277108433734939,
                0.0
            ],
            [
                0.0,
                0.0,
                0.0,
                1.0,
                0.0,
                0.0
            ],
            [
                0.0,
                0.016608391608391608,
                0.11800699300699301,
                0.0,
                0.8653846153846154,
                0.0
            ],
            [
                0.0,
                0.0,
                0.0,
                0.0,
                0.0,
                1.0
            ]
        ],
        "confusion_matrix_labels": [
            "DoS/DDoS",
            "Info_Gathering",
            "Injection",
            "MITM",
            "Malware",
            "Normal"
        ],
        "round_time": 19.445940017700195,
        "round_start_time": 1769712596.9140954,
        "round_end_time": 1769712616.3600354,
        "evaluate_time": 0.8837559223175049,
        "inference_time": 0.013715028762817383
    },
    "18": {
        "trees_by_client": 190,
        "first_server_serialise_trees_size": 170656,
        "fit_time": 2.9065401554107666,
        "client_serialise_trees_size": 5154115,
        "final_server_serialise_trees_size": 9192328,
        "f1_score": 0.9675578567208433,
        "mcc": 0.9540665621113923,
        "accuracy": 0.9642579642579643,
        "precision": 0.9729539197847948,
        "recall": 0.9638077969619259,
        "confusion_matrix": [
            [
                0.980276134122288,
                0.002465483234714004,
                0.01725838264299803,
                0.0,
                0.0,
                0.0
            ],
            [
                0.01078582434514638,
                0.9661016949152542,
                0.01078582434514638,
                0.0,
                0.012326656394453005,
                0.0
            ],
            [
                0.02650602409638554,
                0.0014457831325301205,
                0.9710843373493976,
                0.0,
                0.0009638554216867469,
                0.0
            ],
            [
                0.0,
                0.0,
                0.0,
                1.0,
                0.0,
                0.0
            ],
            [
                0.0,
                0.016608391608391608,
                0.11800699300699301,
                0.0,
                0.8653846153846154,
                0.0
            ],
            [
                0.0,
                0.0,
                0.0,
                0.0,
                0.0,
                1.0
            ]
        ],
        "confusion_matrix_labels": [
            "DoS/DDoS",
            "Info_Gathering",
            "Injection",
            "MITM",
            "Malware",
            "Normal"
        ],
        "round_time": 18.9460666179657,
        "round_start_time": 1769712631.4507408,
        "round_end_time": 1769712650.3968074,
        "evaluate_time": 1.4915153980255127,
        "inference_time": 0.01392674446105957
    },
    "19": {
        "trees_by_client": 200,
        "first_server_serialise_trees_size": 180431,
        "fit_time": 3.2428715229034424,
        "client_serialise_trees_size": 5531674,
        "final_server_serialise_trees_size": 9611895,
        "f1_score": 0.9670093987941614,
        "mcc": 0.953223361352723,
        "accuracy": 0.9636104636104637,
        "precision": 0.9722211749796615,
        "recall": 0.9634006060681733,
        "confusion_matrix": [
            [
                0.9787968441814595,
                0.0029585798816568047,
                0.01824457593688363,
                0.0,
                0.0,
                0.0
            ],
            [
                0.01078582434514638,
                0.9661016949152542,
                0.01078582434514638,
                0.0,
                0.012326656394453005,
                0.0
            ],
            [
                0.02650602409638554,
                0.0014457831325301205,
                0.9701204819277108,
                0.0,
                0.0019277108433734939,
                0.0
            ],
            [
                0.0,
                0.0,
                0.0,
                1.0,
                0.0,
