{
    "0": {
        "trees_by_client": 10,
        "first_server_serialise_trees_size": 9443,
        "fit_time": 0.0530695915222168,
        "client_serialise_trees_size": 194311,
        "final_server_serialise_trees_size": 1008920,
        "f1_score": 0.9708321904552836,
        "mcc": 0.9564831344049131,
        "accuracy": 0.9655059132720105,
        "precision": 0.9738554140856501,
        "recall": 0.9700611999141987,
        "confusion_matrix": [
            [
                0.9916579770594369,
                0.0,
                0.008342022940563087,
                0.0,
                0.0,
                0.0
            ],
            [
                0.017632241813602016,
                0.9697732997481109,
                0.005037783375314861,
                0.0,
                0.007556675062972292,
                0.0
            ],
            [
                0.016891891891891893,
                0.0,
                0.9831081081081081,
                0.0,
                0.0,
                0.0
            ],
            [
                0.0,
                0.0,
                0.0,
                1.0,
                0.0,
                0.0
            ],
            [
                0.0,
                0.008278145695364239,
                0.11589403973509933,
                0.0,
                0.8758278145695364,
                0.0
            ],
            [
                0.0,
                0.0,
                0.0,
                0.0,
                0.0,
                1.0
            ]
        ],
        "confusion_matrix_labels": [
            "DoS/DDoS",
            "Info_Gathering",
            "Injection",
            "MITM",
            "Malware",
            "Normal"
        ],
        "round_time": 32.052515745162964,
        "round_start_time": 1764807374.8945465,
        "round_end_time": 1764807406.9470623,
        "evaluate_time": 0.1129152774810791,
        "inference_time": 0.0057103633880615234
    },
    "1": {
        "trees_by_client": 20,
        "first_server_serialise_trees_size": 9569,
        "fit_time": 0.16679644584655762,
        "client_serialise_trees_size": 387820,
        "final_server_serialise_trees_size": 1958004,
        "f1_score": 0.9716416442149826,
        "mcc": 0.9577394340770818,
        "accuracy": 0.966491458607096,
        "precision": 0.9744534101081018,
        "recall": 0.971038484916852,
        "confusion_matrix": [
            [
                0.9916579770594369,
                0.0,
                0.008342022940563087,
                0.0,
                0.0,
                0.0
            ],
            [
                0.015113350125944584,
                0.9722921914357683,
                0.005037783375314861,
                0.0,
                0.007556675062972292,
                0.0
            ],
            [
                0.015202702702702704,
                0.0,
                0.9847972972972973,
                0.0,
                0.0,
                0.0
            ],
            [
                0.0,
                0.0,
                0.0,
                1.0,
                0.0,
                0.0
            ],
            [
                0.0,
                0.008278145695364239,
                0.11423841059602649,
                0.0,
                0.8774834437086093,
                0.0
            ],
            [
                0.0,
                0.0,
                0.0,
                0.0,
                0.0,
                1.0
            ]
        ],
        "confusion_matrix_labels": [
            "DoS/DDoS",
            "Info_Gathering",
            "Injection",
            "MITM",
            "Malware",
            "Normal"
        ],
        "round_time": 2.970797300338745,
        "round_start_time": 1764807425.2615826,
        "round_end_time": 1764807428.23238,
        "evaluate_time": 0.2697606086730957,
        "inference_time": 0.01847243309020996
    },
    "2": {
        "trees_by_client": 30,
        "first_server_serialise_trees_size": 18985,
        "fit_time": 0.2445201873779297,
        "client_serialise_trees_size": 581916,
        "final_server_serialise_trees_size": 2968095,
        "f1_score": 0.9716201221787397,
        "mcc": 0.9577194487666904,
        "accuracy": 0.966491458607096,
        "precision": 0.9745020775530864,
        "recall": 0.9708946078254211,
        "confusion_matrix": [
            [
                0.9916579770594369,
                0.0,
                0.008342022940563087,
                0.0,
                0.0,
                0.0
            ],
            [
                0.017632241813602016,
                0.9697732997481109,
                0.005037783375314861,
                0.0,
                0.007556675062972292,
                0.0
            ],
            [
                0.015202702702702704,
                0.0,
                0.9847972972972973,
                0.0,
                0.0,
                0.0
            ],
            [
                0.0,
                0.0,
                0.0,
                1.0,
                0.0,
                0.0
            ],
            [
                0.0,
                0.008278145695364239,
                0.11258278145695365,
                0.0,
                0.8791390728476821,
                0.0
            ],
            [
                0.0,
                0.0,
                0.0,
                0.0,
                0.0,
                1.0
            ]
        ],
        "confusion_matrix_labels": [
            "DoS/DDoS",
            "Info_Gathering",
            "Injection",
            "MITM",
            "Malware",
            "Normal"
        ],
        "round_time": 5.146113395690918,
        "round_start_time": 1764807443.4524808,
        "round_end_time": 1764807448.5985942,
        "evaluate_time": 0.12548255920410156,
        "inference_time": 0.01018071174621582
    },
    "3": {
        "trees_by_client": 40,
        "first_server_serialise_trees_size": 28176,
        "fit_time": 0.2770247459411621,
        "client_serialise_trees_size": 753598,
        "final_server_serialise_trees_size": 3915415,
        "f1_score": 0.9719751403901352,
        "mcc": 0.9581173163841568,
        "accuracy": 0.966819973718791,
        "precision": 0.9744783383306461,
        "recall": 0.9715187151971983,
        "confusion_matrix": [
            [
                0.9895724713242962,
                0.0010427528675703858,
                0.009384775808133473,
                0.0,
                0.0,
                0.0
            ],
            [
                0.015113350125944584,
                0.9722921914357683,
                0.005037783375314861,
                0.0,
                0.007556675062972292,
                0.0
            ],
            [
                0.015202702702702704,
                0.0,
                0.9847972972972973,
                0.0,
                0.0,
                0.0
            ],
            [
                0.0,
                0.0,
                0.0,
                1.0,
                0.0,
                0.0
            ],
            [
                0.0,
                0.008278145695364239,
                0.10927152317880795,
                0.0,
                0.8824503311258278,
                0.0
            ],
            [
                0.0,
                0.0,
                0.0,
                0.0,
                0.0,
                1.0
            ]
        ],
        "confusion_matrix_labels": [
            "DoS/DDoS",
            "Info_Gathering",
            "Injection",
            "MITM",
            "Malware",
            "Normal"
        ],
        "round_time": 4.400238513946533,
        "round_start_time": 1764807463.6905103,
        "round_end_time": 1764807468.0907488,
        "evaluate_time": 0.32186079025268555,
        "inference_time": 0.03846311569213867
    },
    "4": {
        "trees_by_client": 50,
        "first_server_serialise_trees_size": 37782,
        "fit_time": 0.5791358947753906,
        "client_serialise_trees_size": 959195,
        "final_server_serialise_trees_size": 4906528,
        "f1_score": 0.9708705507457737,
        "mcc": 0.9565249874693695,
        "accuracy": 0.9655059132720105,
        "precision": 0.9737850410955401,
        "recall": 0.970312816392566,
        "confusion_matrix": [
            [
                0.9906152241918665,
                0.0,
                0.009384775808133473,
                0.0,
                0.0,
                0.0
            ],
            [
                0.015113350125944584,
                0.9722921914357683,
                0.005037783375314861,
                0.0,
                0.007556675062972292,
                0.0
            ],
            [
                0.015202702702702704,
                0.0,
                0.9847972972972973,
                0.0,
                0.0,
                0.0
            ],
            [
                0.0,
                0.0,
                0.0,
                1.0,
                0.0,
                0.0
            ],
            [
                0.0,
                0.008278145695364239,
                0.11754966887417219,
                0.0,
                0.8741721854304636,
                0.0
            ],
            [
                0.0,
                0.0,
                0.0,
                0.0,
                0.0,
                1.0
            ]
        ],
        "confusion_matrix_labels": [
            "DoS/DDoS",
            "Info_Gathering",
            "Injection",
            "MITM",
            "Malware",
            "Normal"
        ],
        "round_time": 6.808273792266846,
        "round_start_time": 1764807483.3036058,
        "round_end_time": 1764807490.1118796,
        "evaluate_time": 0.1588897705078125,
        "inference_time": 0.016167163848876953
    },
    "5": {
        "trees_by_client": 60,
        "first_server_serialise_trees_size": 47362,
        "fit_time": 0.485304594039917,
        "client_serialise_trees_size": 1207348,
        "final_server_serialise_trees_size": 5831340,
        "f1_score": 0.971150566035278,
        "mcc": 0.956926823131535,
        "accuracy": 0.9658344283837057,
        "precision": 0.9740068642020777,
        "recall": 0.9705887545824115,
        "confusion_matrix": [
            [
                0.9906152241918665,
                0.0,
                0.009384775808133473,
                0.0,
                0.0,
                0.0
            ],
            [
                0.015113350125944584,
                0.9722921914357683,
                0.005037783375314861,
                0.0,
                0.007556675062972292,
                0.0
            ],
            [
                0.015202702702702704,
                0.0,
                0.9847972972972973,
                0.0,
                0.0,
                0.0
            ],
            [
                0.0,
                0.0,
                0.0,
                1.0,
                0.0,
                0.0
            ],
            [
                0.0,
                0.008278145695364239,
                0.11589403973509933,
                0.0,
                0.8758278145695364,
                0.0
            ],
            [
                0.0,
                0.0,
                0.0,
                0.0,
                0.0,
                1.0
            ]
        ],
        "confusion_matrix_labels": [
            "DoS/DDoS",
            "Info_Gathering",
            "Injection",
            "MITM",
            "Malware",
            "Normal"
        ],
        "round_time": 6.1403961181640625,
        "round_start_time": 1764807505.2114732,
        "round_end_time": 1764807511.3518693,
        "evaluate_time": 0.3892087936401367,
        "inference_time": 0.03764820098876953
    },
    "6": {
        "trees_by_client": 70,
        "first_server_serialise_trees_size": 56173,
        "fit_time": 0.7025120258331299,
        "client_serialise_trees_size": 1347855,
        "final_server_serialise_trees_size": 6855329,
        "f1_score": 0.9708705507457737,
        "mcc": 0.9565249874693695,
        "accuracy": 0.9655059132720105,
        "precision": 0.9737850410955401,
        "recall": 0.970312816392566,
        "confusion_matrix": [
            [
                0.9906152241918665,
                0.0,
                0.009384775808133473,
                0.0,
                0.0,
                0.0
            ],
            [
                0.015113350125944584,
                0.9722921914357683,
                0.005037783375314861,
                0.0,
                0.007556675062972292,
                0.0
            ],
            [
                0.015202702702702704,
                0.0,
                0.9847972972972973,
                0.0,
                0.0,
                0.0
            ],
            [
                0.0,
                0.0,
                0.0,
                1.0,
                0.0,
                0.0
            ],
            [
                0.0,
                0.008278145695364239,
                0.11754966887417219,
                0.0,
                0.8741721854304636,
                0.0
            ],
            [
                0.0,
                0.0,
                0.0,
                0.0,
                0.0,
                1.0
            ]
        ],
        "confusion_matrix_labels": [
            "DoS/DDoS",
            "Info_Gathering",
            "Injection",
            "MITM",
            "Malware",
            "Normal"
        ],
        "round_time": 7.032310962677002,
        "round_start_time": 1764807526.5954812,
        "round_end_time": 1764807533.6277921,
        "evaluate_time": 0.37111377716064453,
        "inference_time": 0.04788517951965332
    },
    "7": {
        "trees_by_client": 80,
        "first_server_serialise_trees_size": 66130,
        "fit_time": 0.8606231212615967,
        "client_serialise_trees_size": 1568490,
        "final_server_serialise_trees_size": 7767179,
        "f1_score": 0.9725494682822333,
        "mcc": 0.9589397676886756,
        "accuracy": 0.9674770039421814,
        "precision": 0.9751258984480787,
        "recall": 0.9719684455316387,
        "confusion_matrix": [
            [
                0.9906152241918665,
                0.0,
                0.009384775808133473,
                0.0,
                0.0,
                0.0
            ],
            [
                0.015113350125944584,
                0.9722921914357683,
                0.005037783375314861,
                0.0,
                0.007556675062972292,
                0.0
            ],
            [
                0.015202702702702704,
                0.0,
                0.9847972972972973,
                0.0,
                0.0,
                0.0
            ],
            [
                0.0,
                0.0,
                0.0,
                1.0,
                0.0,
                0.0
            ],
            [
                0.0,
                0.008278145695364239,
                0.1076158940397351,
                0.0,
                0.8841059602649006,
                0.0
            ],
            [
                0.0,
                0.0,
                0.0,
                0.0,
                0.0,
                1.0
            ]
        ],
        "confusion_matrix_labels": [
            "DoS/DDoS",
            "Info_Gathering",
            "Injection",
            "MITM",
            "Malware",
            "Normal"
        ],
        "round_time": 8.47723913192749,
        "round_start_time": 1764807548.9405587,
        "round_end_time": 1764807557.4177978,
        "evaluate_time": 0.4715430736541748,
        "inference_time": 0.051731109619140625
    },
    "8": {
        "trees_by_client": 90,
        "first_server_serialise_trees_size": 75661,
        "fit_time": 0.7472708225250244,
        "client_serialise_trees_size": 1771743,
        "final_server_serialise_trees_size": 8827254,
        "f1_score": 0.9708705507457737,
        "mcc": 0.9565249874693695,
        "accuracy": 0.9655059132720105,
        "precision": 0.9737850410955401,
        "recall": 0.970312816392566,
        "confusion_matrix": [
            [
                0.9906152241918665,
                0.0,
                0.009384775808133473,
                0.0,
                0.0,
                0.0
            ],
            [
                0.015113350125944584,
                0.9722921914357683,
                0.005037783375314861,
                0.0,
                0.007556675062972292,
                0.0
            ],
            [
                0.015202702702702704,
                0.0,
                0.9847972972972973,
                0.0,
                0.0,
                0.0
            ],
            [
                0.0,
                0.0,
                0.0,
                1.0,
                0.0,
                0.0
            ],
            [
                0.0,
                0.008278145695364239,
                0.11754966887417219,
                0.0,
                0.8741721854304636,
                0.0
            ],
            [
                0.0,
                0.0,
                0.0,
                0.0,
                0.0,
                1.0
            ]
        ],
        "confusion_matrix_labels": [
            "DoS/DDoS",
            "Info_Gathering",
            "Injection",
            "MITM",
            "Malware",
            "Normal"
        ],
        "round_time": 8.77155065536499,
        "round_start_time": 1764807572.6385672,
        "round_end_time": 1764807581.4101179,
        "evaluate_time": 0.442180871963501,
        "inference_time": 0.0584111213684082
    },
    "9": {
        "trees_by_client": 100,
        "first_server_serialise_trees_size": 85124,
        "fit_time": 0.9229297637939453,
        "client_serialise_trees_size": 1927868,
        "final_server_serialise_trees_size": 9768733,
        "f1_score": 0.9727614022840955,
        "mcc": 0.9593508598249473,
        "accuracy": 0.9678055190538765,
        "precision": 0.9753526618012618,
        "recall": 0.9721422376762338,
        "confusion_matrix": [
            [
                0.9916579770594369,
                0.0,
                0.008342022940563087,
                0.0,
                0.0,
                0.0
            ],
            [
                0.015113350125944584,
                0.9722921914357683,
                0.005037783375314861,
                0.0,
                0.007556675062972292,
                0.0
            ],
            [
                0.015202702702702704,
                0.0,
                0.9847972972972973,
                0.0,
                0.0,
                0.0
            ],
            [
                0.0,
                0.0,
                0.0,
                1.0,
                0.0,
                0.0
            ],
            [
                0.0,
                0.008278145695364239,
                0.1076158940397351,
                0.0,
                0.8841059602649006,
                0.0
            ],
            [
                0.0,
                0.0,
                0.0,
                0.0,
                0.0,
                1.0
            ]
        ],
        "confusion_matrix_labels": [
            "DoS/DDoS",
            "Info_Gathering",
            "Injection",
            "MITM",
            "Malware",
            "Normal"
        ],
        "round_time": 10.078919887542725,
        "round_start_time": 1764807596.6428516,
        "round_end_time": 1764807606.7217715,
        "evaluate_time": 0.566941499710083,
        "inference_time": 0.08354496955871582
    },
    "10": {
        "trees_by_client": 110,
        "first_server_serialise_trees_size": 94537,
        "fit_time": 0.9149577617645264,
        "client_serialise_trees_size": 2136836,
        "final_server_serialise_trees_size": 10828391,
        "f1_score": 0.9722016748768715,
        "mcc": 0.9585446432864129,
        "accuracy": 0.9671484888304862,
        "precision": 0.974901697100349,
        "recall": 0.9715903612965429,
        "confusion_matrix": [
            [
                0.9916579770594369,
                0.0,
                0.008342022940563087,
                0.0,
                0.0,
                0.0
            ],
            [
                0.015113350125944584,
                0.9722921914357683,
                0.005037783375314861,
                0.0,
                0.007556675062972292,
                0.0
            ],
            [
                0.015202702702702704,
                0.0,
                0.9847972972972973,
                0.0,
                0.0,
                0.0
            ],
            [
                0.0,
                0.0,
                0.0,
                1.0,
                0.0,
                0.0
            ],
            [
                0.0,
                0.008278145695364239,
                0.11092715231788079,
                0.0,
                0.8807947019867549,
                0.0
            ],
            [
                0.0,
                0.0,
                0.0,
                0.0,
                0.0,
                1.0
            ]
        ],
        "confusion_matrix_labels": [
            "DoS/DDoS",
            "Info_Gathering",
            "Injection",
            "MITM",
            "Malware",
            "Normal"
        ],
        "round_time": 11.19414234161377,
        "round_start_time": 1764807621.9935155,
        "round_end_time": 1764807633.1876578,
        "evaluate_time": 0.5451674461364746,
        "inference_time": 0.0843665599822998
    },
    "11": {
        "trees_by_client": 120,
        "first_server_serialise_trees_size": 104110,
        "fit_time": 1.1006219387054443,
        "client_serialise_trees_size": 2376173,
        "final_server_serialise_trees_size": 11707382,
        "f1_score": 0.971150566035278,
        "mcc": 0.956926823131535,
        "accuracy": 0.9658344283837057,
        "precision": 0.9740068642020777,
        "recall": 0.9705887545824115,
        "confusion_matrix": [
            [
                0.9906152241918665,
                0.0,
                0.009384775808133473,
                0.0,
                0.0,
                0.0
            ],
            [
                0.015113350125944584,
                0.9722921914357683,
                0.005037783375314861,
                0.0,
                0.007556675062972292,
                0.0
            ],
            [
                0.015202702702702704,
                0.0,
                0.9847972972972973,
                0.0,
                0.0,
                0.0
            ],
            [
                0.0,
                0.0,
                0.0,
                1.0,
                0.0,
                0.0
            ],
            [
                0.0,
                0.008278145695364239,
                0.11589403973509933,
                0.0,
                0.8758278145695364,
                0.0
            ],
            [
                0.0,
                0.0,
                0.0,
                0.0,
                0.0,
                1.0
            ]
        ],
        "confusion_matrix_labels": [
            "DoS/DDoS",
            "Info_Gathering",
            "Injection",
            "MITM",
            "Malware",
            "Normal"
        ],
        "round_time": 11.727898120880127,
        "round_start_time": 1764807648.391545,
        "round_end_time": 1764807660.1194432,
        "evaluate_time": 0.4309694766998291,
        "inference_time": 0.06231069564819336
    },
    "12": {
        "trees_by_client": 130,
        "first_server_serialise_trees_size": 113578,
        "fit_time": 1.3794198036193848,
        "client_serialise_trees_size": 2493690,
        "final_server_serialise_trees_size": 12912000,
        "f1_score": 0.9719901374409602,
        "mcc": 0.9581338353879685,
        "accuracy": 0.966819973718791,
        "precision": 0.974676288734989,
        "recall": 0.9714165691519479,
        "confusion_matrix": [
            [
                0.9906152241918665,
                0.0,
                0.009384775808133473,
                0.0,
                0.0,
                0.0
            ],
            [
                0.015113350125944584,
                0.9722921914357683,
                0.005037783375314861,
                0.0,
                0.007556675062972292,
                0.0
            ],
            [
                0.015202702702702704,
                0.0,
                0.9847972972972973,
                0.0,
                0.0,
                0.0
            ],
            [
                0.0,
                0.0,
                0.0,
                1.0,
                0.0,
                0.0
            ],
            [
                0.0,
                0.008278145695364239,
                0.11092715231788079,
                0.0,
                0.8807947019867549,
                0.0
            ],
            [
                0.0,
                0.0,
                0.0,
                0.0,
                0.0,
                1.0
            ]
        ],
        "confusion_matrix_labels": [
            "DoS/DDoS",
            "Info_Gathering",
            "Injection",
            "MITM",
            "Malware",
            "Normal"
        ],
        "round_time": 12.214941263198853,
        "round_start_time": 1764807675.339095,
        "round_end_time": 1764807687.5540364,
        "evaluate_time": 0.4559612274169922,
        "inference_time": 0.0565187931060791
    },
    "13": {
        "trees_by_client": 140,
        "first_server_serialise_trees_size": 123405,
        "fit_time": 1.4301612377166748,
        "client_serialise_trees_size": 2687533,
        "final_server_serialise_trees_size": 13706284,
        "f1_score": 0.9725494682822333,
        "mcc": 0.9589397676886756,
        "accuracy": 0.9674770039421814,
        "precision": 0.9751258984480787,
        "recall": 0.9719684455316387,
        "confusion_matrix": [
            [
                0.9906152241918665,
                0.0,
                0.009384775808133473,
                0.0,
                0.0,
                0.0
            ],
            [
                0.015113350125944584,
                0.9722921914357683,
                0.005037783375314861,
                0.0,
                0.007556675062972292,
                0.0
            ],
            [
                0.015202702702702704,
                0.0,
                0.9847972972972973,
                0.0,
                0.0,
                0.0
            ],
            [
                0.0,
                0.0,
                0.0,
                1.0,
                0.0,
                0.0
            ],
            [
                0.0,
                0.008278145695364239,
                0.1076158940397351,
                0.0,
                0.8841059602649006,
                0.0
            ],
            [
                0.0,
                0.0,
                0.0,
                0.0,
                0.0,
                1.0
            ]
        ],
        "confusion_matrix_labels": [
            "DoS/DDoS",
            "Info_Gathering",
            "Injection",
            "MITM",
            "Malware",
            "Normal"
        ],
        "round_time": 12.261886596679688,
        "round_start_time": 1764807702.7585354,
        "round_end_time": 1764807715.020422,
        "evaluate_time": 0.6725142002105713,
        "inference_time": 0.09282779693603516
    },
    "14": {
        "trees_by_client": 150,
        "first_server_serialise_trees_size": 132878,
        "fit_time": 1.5327000617980957,
        "client_serialise_trees_size": 2913696,
        "final_server_serialise_trees_size": 14757245,
        "f1_score": 0.9710813007232567,
        "mcc": 0.9569352297359246,
        "accuracy": 0.9658344283837057,
        "precision": 0.9740077760971536,
        "recall": 0.970486608537161,
        "confusion_matrix": [
            [
                0.9916579770594369,
                0.0,
                0.008342022940563087,
                0.0,
                0.0,
                0.0
            ],
            [
                0.015113350125944584,
                0.9722921914357683,
                0.005037783375314861,
                0.0,
                0.007556675062972292,
                0.0
            ],
            [
                0.015202702702702704,
                0.0,
                0.9847972972972973,
                0.0,
                0.0,
                0.0
            ],
            [
                0.0,
                0.0,
                0.0,
                1.0,
                0.0,
                0.0
            ],
            [
                0.0,
                0.008278145695364239,
                0.11754966887417219,
                0.0,
                0.8741721854304636,
                0.0
            ],
            [
                0.0,
                0.0,
                0.0,
                0.0,
                0.0,
                1.0
            ]
        ],
        "confusion_matrix_labels": [
            "DoS/DDoS",
            "Info_Gathering",
            "Injection",
            "MITM",
            "Malware",
            "Normal"
        ],
        "round_time": 13.26745343208313,
        "round_start_time": 1764807730.3314655,
        "round_end_time": 1764807743.598919,
        "evaluate_time": 0.5631668567657471,
        "inference_time": 0.07553386688232422
    },
    "15": {
        "trees_by_client": 160,
        "first_server_serialise_trees_size": 141372,
        "fit_time": 1.2200627326965332,
        "client_serialise_trees_size": 3123370,
        "final_server_serialise_trees_size": 15826564,
        "f1_score": 0.9708705507457737,
        "mcc": 0.9565249874693695,
        "accuracy": 0.9655059132720105,
        "precision": 0.9737850410955401,
        "recall": 0.970312816392566,
        "confusion_matrix": [
            [
                0.9906152241918665,
                0.0,
                0.009384775808133473,
                0.0,
                0.0,
                0.0
            ],
            [
                0.015113350125944584,
                0.9722921914357683,
                0.005037783375314861,
                0.0,
                0.007556675062972292,
                0.0
            ],
            [
                0.015202702702702704,
                0.0,
                0.9847972972972973,
                0.0,
                0.0,
                0.0
            ],
            [
                0.0,
                0.0,
                0.0,
                1.0,
                0.0,
                0.0
            ],
            [
                0.0,
                0.008278145695364239,
                0.11754966887417219,
                0.0,
                0.8741721854304636,
                0.0
            ],
            [
                0.0,
                0.0,
                0.0,
                0.0,
                0.0,
                1.0
            ]
        ],
        "confusion_matrix_labels": [
            "DoS/DDoS",
            "Info_Gathering",
            "Injection",
            "MITM",
            "Malware",
            "Normal"
        ],
        "round_time": 14.880383729934692,
        "round_start_time": 1764807758.8484802,
        "round_end_time": 1764807773.728864,
        "evaluate_time": 0.6323873996734619,
        "inference_time": 0.07973933219909668
    },
    "16": {
        "trees_by_client": 170,
        "first_server_serialise_trees_size": 151368,
        "fit_time": 1.3435144424438477,
        "client_serialise_trees_size": 3294335,
        "final_server_serialise_trees_size": 16619055,
        "f1_score": 0.971150566035278,
        "mcc": 0.956926823131535,
        "accuracy": 0.9658344283837057,
        "precision": 0.9740068642020777,
        "recall": 0.9705887545824115,
        "confusion_matrix": [
            [
                0.9906152241918665,
                0.0,
                0.009384775808133473,
                0.0,
                0.0,
                0.0
            ],
            [
                0.015113350125944584,
                0.9722921914357683,
                0.005037783375314861,
                0.0,
                0.007556675062972292,
                0.0
            ],
            [
                0.015202702702702704,
                0.0,
                0.9847972972972973,
                0.0,
                0.0,
                0.0
            ],
            [
                0.0,
                0.0,
                0.0,
                1.0,
                0.0,
                0.0
            ],
            [
                0.0,
                0.008278145695364239,
                0.11589403973509933,
                0.0,
                0.8758278145695364,
                0.0
            ],
            [
                0.0,
                0.0,
                0.0,
                0.0,
                0.0,
                1.0
            ]
        ],
        "confusion_matrix_labels": [
            "DoS/DDoS",
            "Info_Gathering",
            "Injection",
            "MITM",
            "Malware",
            "Normal"
        ],
        "round_time": 16.33481788635254,
        "round_start_time": 1764807788.990506,
        "round_end_time": 1764807805.3253238,
        "evaluate_time": 0.38277530670166016,
        "inference_time": 0.0516815185546875
    },
    "17": {
        "trees_by_client": 180,
        "first_server_serialise_trees_size": 160349,
        "fit_time": 1.5735900402069092,
        "client_serialise_trees_size": 3565482,
        "final_server_serialise_trees_size": 17686587,
        "f1_score": 0.9725494682822333,
        "mcc": 0.9589397676886756,
        "accuracy": 0.9674770039421814,
        "precision": 0.9751258984480787,
        "recall": 0.9719684455316387,
        "confusion_matrix": [
            [
                0.9906152241918665,
                0.0,
                0.009384775808133473,
                0.0,
                0.0,
                0.0
            ],
            [
                0.015113350125944584,
                0.9722921914357683,
                0.005037783375314861,
                0.0,
                0.007556675062972292,
                0.0
            ],
            [
                0.015202702702702704,
                0.0,
                0.9847972972972973,
                0.0,
                0.0,
                0.0
            ],
            [
                0.0,
                0.0,
                0.0,
                1.0,
                0.0,
                0.0
            ],
            [
                0.0,
                0.008278145695364239,
                0.1076158940397351,
                0.0,
                0.8841059602649006,
                0.0
            ],
            [
                0.0,
                0.0,
                0.0,
                0.0,
                0.0,
                1.0
            ]
        ],
        "confusion_matrix_labels": [
            "DoS/DDoS",
            "Info_Gathering",
            "Injection",
            "MITM",
            "Malware",
            "Normal"
        ],
        "round_time": 17.07379460334778,
        "round_start_time": 1764807820.4579906,
        "round_end_time": 1764807837.5317852,
        "evaluate_time": 0.40471887588500977,
        "inference_time": 0.056062936782836914
    },
    "18": {
        "trees_by_client": 190,
        "first_server_serialise_trees_size": 170688,
        "fit_time": 1.41159987449646,
        "client_serialise_trees_size": 3767029,
        "final_server_serialise_trees_size": 18498369,
        "f1_score": 0.9727614022840955,
        "mcc": 0.9593508598249473,
        "accuracy": 0.9678055190538765,
        "precision": 0.9753526618012618,
        "recall": 0.9721422376762338,
        "confusion_matrix": [
            [
                0.9916579770594369,
                0.0,
                0.008342022940563087,
                0.0,
                0.0,
                0.0
            ],
            [
                0.015113350125944584,
                0.9722921914357683,
                0.005037783375314861,
                0.0,
                0.007556675062972292,
                0.0
            ],
            [
                0.015202702702702704,
                0.0,
                0.9847972972972973,
                0.0,
                0.0,
                0.0
            ],
            [
                0.0,
                0.0,
                0.0,
                1.0,
                0.0,
                0.0
            ],
            [
                0.0,
                0.008278145695364239,
                0.1076158940397351,
                0.0,
                0.8841059602649006,
                0.0
            ],
            [
                0.0,
                0.0,
                0.0,
                0.0,
                0.0,
                1.0
            ]
        ],
        "confusion_matrix_labels": [
            "DoS/DDoS",
            "Info_Gathering",
            "Injection",
            "MITM",
            "Malware",
            "Normal"
        ],
        "round_time": 15.635454177856445,
        "round_start_time": 1764807852.6684763,
        "round_end_time": 1764807868.3039305,
        "evaluate_time": 0.792914628982544,
        "inference_time": 0.12568068504333496
    },
    "19": {
        "trees_by_client": 200,
        "first_server_serialise_trees_size": 179792,
        "fit_time": 1.8071694374084473,
        "client_serialise_trees_size": 3887987,
        "final_server_serialise_trees_size": 19436517,
        "f1_score": 0.9708705507457737,
        "mcc": 0.9565249874693695,
        "accuracy": 0.9655059132720105,
        "precision": 0.9737850410955401,
        "recall": 0.970312816392566,
        "confusion_matrix": [
            [
                0.9906152241918665,
                0.0,
                0.009384775808133473,
                0.0,
                0.0,
                0.0
            ],
            [
                0.015113350125944584,
                0.9722921914357683,
                0.005037783375314861,
                0.0,
                0.007556675062972292,
                0.0
            ],
            [
                0.015202702702702704,
                0.0,
                0.9847972972972973,
                0.0,
                0.0,
                0.0
            ],
            [
                0.0,
                0.0,
                0.0,
                1.0,
                0.0,
                0.0
            ],
            [
                0.0,
                0.008278145695364239,
                0.11754966887417219,
                0.0,
                0.8741721854304636,
                0.0
            ],
            [
                0.0,
                0.0,
                0.0,
                0.0,
                0.0,
                1.0
            ]
        ],
        "confusion_matrix_labels": [
            "DoS/DDoS",
            "Info_Gathering",
            "Injection",
            "MITM",
            "Malware",
            "Normal"
        ],
        "round_time": 18.31860589981079,
        "round_start_time": 1764807883.549528,
        "round_end_time": 1764807901.8681338,
        "evaluate_time": 0.8576850891113281,
        "inference_time": 0.08880949020385742
    },
    "20": {
        "trees_by_client": 210,
