{
    "0": {
        "trees_by_client": 10,
        "first_server_serialise_trees_size": 9501,
        "fit_time": 0.05957603454589844,
        "client_serialise_trees_size": 187029,
        "final_server_serialise_trees_size": 836123,
        "f1_score": 0.9404868315354249,
        "mcc": 0.9742094814656014,
        "accuracy": 0.9868044864745986,
        "precision": 0.9288548498136763,
        "recall": 0.9546167034836417,
        "confusion_matrix": [
            [
                0.9377431906614786,
                0.007782101167315175,
                0.054474708171206226,
                0.0,
                0.0,
                0.0
            ],
            [
                0.009433962264150943,
                0.9599056603773585,
                0.01768867924528302,
                0.0,
                0.012971698113207548,
                0.0
            ],
            [
                0.010958904109589041,
                0.0027397260273972603,
                0.9863013698630136,
                0.0,
                0.0,
                0.0
            ],
            [
                0.0,
                0.0,
                0.0,
                1.0,
                0.0,
                0.0
            ],
            [
                0.0,
                0.0,
                0.15625,
                0.0,
                0.84375,
                0.0
            ],
            [
                0.0,
                0.0,
                0.0,
                0.0,
                0.0,
                1.0
            ]
        ],
        "confusion_matrix_labels": [
            "DoS/DDoS",
            "Info_Gathering",
            "Injection",
            "MITM",
            "Malware",
            "Normal"
        ],
        "round_time": 17.051841497421265,
        "round_start_time": 1771785342.9638486,
        "round_end_time": 1771785360.01569,
        "evaluate_time": 0.34400367736816406,
        "inference_time": 0.013223886489868164
    },
    "1": {
        "trees_by_client": 20,
        "first_server_serialise_trees_size": 9360,
        "fit_time": 0.14385223388671875,
        "client_serialise_trees_size": 357644,
        "final_server_serialise_trees_size": 1669425,
        "f1_score": 0.9448134655479662,
        "mcc": 0.9754826479348059,
        "accuracy": 0.9874642621508687,
        "precision": 0.9314829188983507,
        "recall": 0.9611220536781943,
        "confusion_matrix": [
            [
                0.9455252918287937,
                0.01556420233463035,
                0.038910505836575876,
                0.0,
                0.0,
                0.0
            ],
            [
                0.01061320754716981,
                0.9599056603773585,
                0.01650943396226415,
                0.0,
                0.012971698113207548,
                0.0
            ],
            [
                0.010958904109589041,
                0.0027397260273972603,
                0.9863013698630136,
                0.0,
                0.0,
                0.0
            ],
            [
                0.0,
                0.0,
                0.0,
                1.0,
                0.0,
                0.0
            ],
            [
                0.0,
                0.0,
                0.125,
                0.0,
                0.875,
                0.0
            ],
            [
                0.0,
                0.0,
                0.0,
                0.0,
                0.0,
                1.0
            ]
        ],
        "confusion_matrix_labels": [
            "DoS/DDoS",
            "Info_Gathering",
            "Injection",
            "MITM",
            "Malware",
            "Normal"
        ],
        "round_time": 3.1459708213806152,
        "round_start_time": 1771785375.6669617,
        "round_end_time": 1771785378.8129325,
        "evaluate_time": 0.289959192276001,
        "inference_time": 0.008812904357910156
    },
    "2": {
        "trees_by_client": 30,
        "first_server_serialise_trees_size": 19038,
        "fit_time": 0.3112199306488037,
        "client_serialise_trees_size": 540998,
        "final_server_serialise_trees_size": 2543664,
        "f1_score": 0.9440738843768867,
        "mcc": 0.974638911543704,
        "accuracy": 0.987024411700022,
        "precision": 0.9304969366160623,
        "recall": 0.9607289719171881,
        "confusion_matrix": [
            [
                0.9455252918287937,
                0.011673151750972763,
                0.042801556420233464,
                0.0,
                0.0,
                0.0
            ],
            [
                0.01061320754716981,
                0.9575471698113207,
                0.018867924528301886,
                0.0,
                0.012971698113207548,
                0.0
            ],
            [
                0.010958904109589041,
                0.0027397260273972603,
                0.9863013698630136,
                0.0,
                0.0,
                0.0
            ],
            [
                0.0,
                0.0,
                0.0,
                1.0,
                0.0,
                0.0
            ],
            [
                0.0,
                0.0,
                0.125,
                0.0,
                0.875,
                0.0
            ],
            [
                0.0,
                0.0,
                0.0,
                0.0,
                0.0,
                1.0
            ]
        ],
        "confusion_matrix_labels": [
            "DoS/DDoS",
            "Info_Gathering",
            "Injection",
            "MITM",
            "Malware",
            "Normal"
        ],
        "round_time": 3.552438497543335,
        "round_start_time": 1771785393.913014,
        "round_end_time": 1771785397.4654524,
        "evaluate_time": 0.2591564655303955,
        "inference_time": 0.011820554733276367
    },
    "3": {
        "trees_by_client": 40,
        "first_server_serialise_trees_size": 28089,
        "fit_time": 0.38553810119628906,
        "client_serialise_trees_size": 724766,
        "final_server_serialise_trees_size": 3258375,
        "f1_score": 0.9446957998350789,
        "mcc": 0.9759044295743102,
        "accuracy": 0.987684187376292,
        "precision": 0.9324917178137105,
        "recall": 0.9599626919083781,
        "confusion_matrix": [
            [
                0.933852140077821,
                0.01556420233463035,
                0.05058365758754864,
                0.0,
                0.0,
                0.0
            ],
            [
                0.007075471698113208,
                0.964622641509434,
                0.015330188679245283,
                0.0,
                0.012971698113207548,
                0.0
            ],
            [
                0.010958904109589041,
                0.0027397260273972603,
                0.9863013698630136,
                0.0,
                0.0,
                0.0
            ],
            [
                0.0,
                0.0,
                0.0,
                1.0,
                0.0,
                0.0
            ],
            [
                0.0,
                0.0,
                0.125,
                0.0,
                0.875,
                0.0
            ],
            [
                0.0,
                0.0,
                0.0,
                0.0,
                0.0,
                1.0
            ]
        ],
        "confusion_matrix_labels": [
            "DoS/DDoS",
            "Info_Gathering",
            "Injection",
            "MITM",
            "Malware",
            "Normal"
        ],
        "round_time": 4.445193529129028,
        "round_start_time": 1771785412.5550518,
        "round_end_time": 1771785417.0002453,
        "evaluate_time": 0.36989450454711914,
        "inference_time": 0.015204429626464844
    },
    "4": {
        "trees_by_client": 50,
        "first_server_serialise_trees_size": 37835,
        "fit_time": 0.4543609619140625,
        "client_serialise_trees_size": 913727,
        "final_server_serialise_trees_size": 4086166,
        "f1_score": 0.9447569007078012,
        "mcc": 0.9759182618529223,
        "accuracy": 0.987684187376292,
        "precision": 0.9316864238124082,
        "recall": 0.960866627008591,
        "confusion_matrix": [
            [
                0.9416342412451362,
                0.007782101167315175,
                0.05058365758754864,
                0.0,
                0.0,
                0.0
            ],
            [
                0.009433962264150943,
                0.9622641509433962,
                0.015330188679245283,
                0.0,
                0.012971698113207548,
                0.0
            ],
            [
                0.010958904109589041,
                0.0027397260273972603,
                0.9863013698630136,
                0.0,
                0.0,
                0.0
            ],
            [
                0.0,
                0.0,
                0.0,
                1.0,
                0.0,
                0.0
            ],
            [
                0.0,
                0.0,
                0.125,
                0.0,
                0.875,
                0.0
            ],
            [
                0.0,
                0.0,
                0.0,
                0.0,
                0.0,
                1.0
            ]
        ],
        "confusion_matrix_labels": [
            "DoS/DDoS",
            "Info_Gathering",
            "Injection",
            "MITM",
            "Malware",
            "Normal"
        ],
        "round_time": 5.564728260040283,
        "round_start_time": 1771785432.1049886,
        "round_end_time": 1771785437.6697168,
        "evaluate_time": 0.38776540756225586,
        "inference_time": 0.017609596252441406
    },
    "5": {
        "trees_by_client": 60,
        "first_server_serialise_trees_size": 47285,
        "fit_time": 0.6827645301818848,
        "client_serialise_trees_size": 1077173,
        "final_server_serialise_trees_size": 4957843,
        "f1_score": 0.9432081354431925,
        "mcc": 0.9690924344705788,
        "accuracy": 0.9841653837695183,
        "precision": 0.9306005982870141,
        "recall": 0.9575855875245013,
        "confusion_matrix": [
            [
                0.9494163424124513,
                0.007782101167315175,
                0.042801556420233464,
                0.0,
                0.0,
                0.0
            ],
            [
                0.02830188679245283,
                0.9457547169811321,
                0.01768867924528302,
                0.0,
                0.008254716981132075,
                0.0
            ],
            [
                0.019178082191780823,
                0.0027397260273972603,
                0.9753424657534246,
                0.0,
                0.0027397260273972603,
                0.0
            ],
            [
                0.0,
                0.0,
                0.0,
                1.0,
                0.0,
                0.0
            ],
            [
                0.0,
                0.0,
                0.125,
                0.0,
                0.875,
                0.0
            ],
            [
                0.0,
                0.0,
                0.0,
                0.0,
                0.0,
                1.0
            ]
        ],
        "confusion_matrix_labels": [
            "DoS/DDoS",
            "Info_Gathering",
            "Injection",
            "MITM",
            "Malware",
            "Normal"
        ],
        "round_time": 6.0437562465667725,
        "round_start_time": 1771785452.752959,
        "round_end_time": 1771785458.7967153,
        "evaluate_time": 0.41657447814941406,
        "inference_time": 0.00487065315246582
    },
    "6": {
        "trees_by_client": 70,
        "first_server_serialise_trees_size": 56954,
        "fit_time": 0.6758632659912109,
        "client_serialise_trees_size": 1281504,
        "final_server_serialise_trees_size": 5755380,
        "f1_score": 0.942607618825773,
        "mcc": 0.9712092283438931,
        "accuracy": 0.9852650098966351,
        "precision": 0.9327923679298018,
        "recall": 0.9535564994741869,
        "confusion_matrix": [
            [
                0.9494163424124513,
                0.007782101167315175,
                0.042801556420233464,
                0.0,
                0.0,
                0.0
            ],
            [
                0.018867924528301886,
                0.9528301886792453,
                0.020047169811320754,
                0.0,
                0.008254716981132075,
                0.0
            ],
            [
                0.019178082191780823,
                0.0027397260273972603,
                0.9753424657534246,
                0.0,
                0.0027397260273972603,
                0.0
            ],
            [
                0.0,
                0.0,
                0.0,
                1.0,
                0.0,
                0.0
            ],
            [
                0.0,
                0.0,
                0.15625,
                0.0,
                0.84375,
                0.0
            ],
            [
                0.0,
                0.0,
                0.0,
                0.0,
                0.0,
                1.0
            ]
        ],
        "confusion_matrix_labels": [
            "DoS/DDoS",
            "Info_Gathering",
            "Injection",
            "MITM",
            "Malware",
            "Normal"
        ],
        "round_time": 7.215243816375732,
        "round_start_time": 1771785473.8616204,
        "round_end_time": 1771785481.0768642,
        "evaluate_time": 0.4443809986114502,
        "inference_time": 0.0076923370361328125
    },
    "7": {
        "trees_by_client": 80,
        "first_server_serialise_trees_size": 66398,
        "fit_time": 0.9814863204956055,
        "client_serialise_trees_size": 1407144,
        "final_server_serialise_trees_size": 6599468,
        "f1_score": 0.9448395805503157,
        "mcc": 0.9759050921651046,
        "accuracy": 0.987684187376292,
        "precision": 0.9322775117837322,
        "recall": 0.9604146594584845,
        "confusion_matrix": [
            [
                0.9377431906614786,
                0.01556420233463035,
                0.04669260700389105,
                0.0,
                0.0,
                0.0
            ],
            [
                0.008254716981132075,
                0.9634433962264151,
                0.015330188679245283,
                0.0,
                0.012971698113207548,
                0.0
            ],
            [
                0.010958904109589041,
                0.0027397260273972603,
                0.9863013698630136,
                0.0,
                0.0,
                0.0
            ],
            [
                0.0,
                0.0,
                0.0,
                1.0,
                0.0,
                0.0
            ],
            [
                0.0,
                0.0,
                0.125,
                0.0,
                0.875,
                0.0
            ],
            [
                0.0,
                0.0,
                0.0,
                0.0,
                0.0,
                1.0
            ]
        ],
        "confusion_matrix_labels": [
            "DoS/DDoS",
            "Info_Gathering",
            "Injection",
            "MITM",
            "Malware",
            "Normal"
        ],
        "round_time": 7.618678569793701,
        "round_start_time": 1771785496.1560736,
        "round_end_time": 1771785503.7747521,
        "evaluate_time": 0.4889070987701416,
        "inference_time": 0.027898550033569336
    },
    "8": {
        "trees_by_client": 90,
        "first_server_serialise_trees_size": 75950,
        "fit_time": 0.7992343902587891,
        "client_serialise_trees_size": 1607637,
        "final_server_serialise_trees_size": 7438105,
        "f1_score": 0.9429233166100751,
        "mcc": 0.9741867623847126,
        "accuracy": 0.9868044864745986,
        "precision": 0.9299353706857966,
        "recall": 0.9589164482623026,
        "confusion_matrix": [
            [
                0.933852140077821,
                0.01556420233463035,
                0.05058365758754864,
                0.0,
                0.0,
                0.0
            ],
            [
                0.01061320754716981,
                0.9610849056603774,
                0.015330188679245283,
                0.0,
                0.012971698113207548,
                0.0
            ],
            [
                0.0136986301369863,
                0.0027397260273972603,
                0.9835616438356164,
                0.0,
                0.0,
                0.0
            ],
            [
                0.0,
                0.0,
                0.0,
                1.0,
                0.0,
                0.0
            ],
            [
                0.0,
                0.0,
                0.125,
                0.0,
                0.875,
                0.0
            ],
            [
                0.0,
                0.0,
                0.0,
                0.0,
                0.0,
                1.0
            ]
        ],
        "confusion_matrix_labels": [
            "DoS/DDoS",
            "Info_Gathering",
            "Injection",
            "MITM",
            "Malware",
            "Normal"
        ],
        "round_time": 8.110492944717407,
        "round_start_time": 1771785518.8690944,
        "round_end_time": 1771785526.9795873,
        "evaluate_time": 0.43491578102111816,
        "inference_time": 0.03324723243713379
    },
    "9": {
        "trees_by_client": 100,
        "first_server_serialise_trees_size": 85074,
        "fit_time": 0.8951461315155029,
        "client_serialise_trees_size": 1773120,
        "final_server_serialise_trees_size": 8220901,
        "f1_score": 0.9456222035216326,
        "mcc": 0.976345886393526,
        "accuracy": 0.9879041126017154,
        "precision": 0.9327703167575914,
        "recall": 0.9615151354392006,
        "confusion_matrix": [
            [
                0.9455252918287937,
                0.011673151750972763,
                0.042801556420233464,
                0.0,
                0.0,
                0.0
            ],
            [
                0.007075471698113208,
                0.9622641509433962,
                0.01768867924528302,
                0.0,
                0.012971698113207548,
                0.0
            ],
            [
                0.010958904109589041,
                0.0027397260273972603,
                0.9863013698630136,
                0.0,
                0.0,
                0.0
            ],
            [
                0.0,
                0.0,
                0.0,
                1.0,
                0.0,
                0.0
            ],
            [
                0.0,
                0.0,
                0.125,
                0.0,
                0.875,
                0.0
            ],
            [
                0.0,
                0.0,
                0.0,
                0.0,
                0.0,
                1.0
            ]
        ],
        "confusion_matrix_labels": [
            "DoS/DDoS",
            "Info_Gathering",
            "Injection",
            "MITM",
            "Malware",
            "Normal"
        ],
        "round_time": 9.104471921920776,
        "round_start_time": 1771785542.0960615,
        "round_end_time": 1771785551.2005334,
        "evaluate_time": 0.6137294769287109,
        "inference_time": 0.03278017044067383
    },
    "10": {
        "trees_by_client": 110,
        "first_server_serialise_trees_size": 94873,
        "fit_time": 0.956984281539917,
        "client_serialise_trees_size": 1976930,
        "final_server_serialise_trees_size": 9082709,
        "f1_score": 0.9451830918002896,
        "mcc": 0.9720717128739182,
        "accuracy": 0.9857048603474818,
        "precision": 0.9368329592344568,
        "recall": 0.9544015487852997,
        "confusion_matrix": [
            [
                0.953307392996109,
                0.0038910505836575876,
                0.042801556420233464,
                0.0,
                0.0,
                0.0
            ],
            [
                0.018867924528301886,
                0.9540094339622641,
                0.020047169811320754,
                0.0,
                0.007075471698113208,
                0.0
            ],
            [
                0.019178082191780823,
                0.0027397260273972603,
                0.9753424657534246,
                0.0,
                0.0027397260273972603,
                0.0
            ],
            [
                0.0,
                0.0,
                0.0,
                1.0,
                0.0,
                0.0
            ],
            [
                0.0,
                0.0,
                0.15625,
                0.0,
                0.84375,
                0.0
            ],
            [
                0.0,
                0.0,
                0.0,
                0.0,
                0.0,
                1.0
            ]
        ],
        "confusion_matrix_labels": [
            "DoS/DDoS",
            "Info_Gathering",
            "Injection",
            "MITM",
            "Malware",
            "Normal"
        ],
        "round_time": 10.445462942123413,
        "round_start_time": 1771785566.3199537,
        "round_end_time": 1771785576.7654166,
        "evaluate_time": 0.31409382820129395,
        "inference_time": 0.007332801818847656
    },
    "11": {
        "trees_by_client": 120,
        "first_server_serialise_trees_size": 104484,
        "fit_time": 0.9280269145965576,
        "client_serialise_trees_size": 2097417,
        "final_server_serialise_trees_size": 9695901,
        "f1_score": 0.9455658472180927,
        "mcc": 0.9716444140766294,
        "accuracy": 0.9854849351220585,
        "precision": 0.9337341947589501,
        "recall": 0.9589567202335636,
        "confusion_matrix": [
            [
                0.953307392996109,
                0.0038910505836575876,
                0.042801556420233464,
                0.0,
                0.0,
                0.0
            ],
            [
                0.020047169811320754,
                0.9528301886792453,
                0.018867924528301886,
                0.0,
                0.008254716981132075,
                0.0
            ],
            [
                0.021917808219178082,
                0.0027397260273972603,
                0.9726027397260274,
                0.0,
                0.0027397260273972603,
                0.0
            ],
            [
                0.0,
                0.0,
                0.0,
                1.0,
                0.0,
                0.0
            ],
            [
                0.0,
                0.0,
                0.125,
                0.0,
                0.875,
                0.0
            ],
            [
                0.0,
                0.0,
                0.0,
                0.0,
                0.0,
                1.0
            ]
        ],
        "confusion_matrix_labels": [
            "DoS/DDoS",
            "Info_Gathering",
            "Injection",
            "MITM",
            "Malware",
            "Normal"
        ],
        "round_time": 10.099214315414429,
        "round_start_time": 1771785591.8269799,
        "round_end_time": 1771785601.9261942,
        "evaluate_time": 0.6571722030639648,
        "inference_time": 0.00950479507446289
    },
    "12": {
        "trees_by_client": 130,
        "first_server_serialise_trees_size": 113543,
        "fit_time": 1.0860154628753662,
        "client_serialise_trees_size": 2309417,
        "final_server_serialise_trees_size": 10607381,
        "f1_score": 0.9455313707602243,
        "mcc": 0.9716506472372461,
        "accuracy": 0.9854849351220585,
        "precision": 0.9334527014474117,
        "recall": 0.9592168003576266,
        "confusion_matrix": [
            [
                0.953307392996109,
                0.0038910505836575876,
                0.042801556420233464,
                0.0,
                0.0,
                0.0
            ],
            [
                0.02358490566037736,
                0.9516509433962265,
                0.01650943396226415,
                0.0,
                0.008254716981132075,
                0.0
            ],
            [
                0.019178082191780823,
                0.0027397260273972603,
                0.9753424657534246,
                0.0,
                0.0027397260273972603,
                0.0
            ],
            [
                0.0,
                0.0,
                0.0,
                1.0,
                0.0,
                0.0
            ],
            [
                0.0,
                0.0,
                0.125,
                0.0,
                0.875,
                0.0
            ],
            [
                0.0,
                0.0,
                0.0,
                0.0,
                0.0,
                1.0
            ]
        ],
        "confusion_matrix_labels": [
            "DoS/DDoS",
            "Info_Gathering",
            "Injection",
            "MITM",
            "Malware",
            "Normal"
        ],
        "round_time": 11.380131244659424,
        "round_start_time": 1771785617.0119748,
        "round_end_time": 1771785628.392106,
        "evaluate_time": 0.6830830574035645,
        "inference_time": 0.010623693466186523
    },
    "13": {
        "trees_by_client": 140,
        "first_server_serialise_trees_size": 122908,
        "fit_time": 1.199148416519165,
        "client_serialise_trees_size": 2521751,
        "final_server_serialise_trees_size": 11476550,
        "f1_score": 0.9449835260557151,
        "mcc": 0.9759063138328181,
        "accuracy": 0.987684187376292,
        "precision": 0.9320749235039956,
        "recall": 0.960866627008591,
        "confusion_matrix": [
            [
                0.9416342412451362,
                0.01556420233463035,
                0.042801556420233464,
                0.0,
                0.0,
                0.0
            ],
            [
                0.009433962264150943,
                0.9622641509433962,
                0.015330188679245283,
                0.0,
                0.012971698113207548,
                0.0
            ],
            [
                0.010958904109589041,
                0.0027397260273972603,
                0.9863013698630136,
                0.0,
                0.0,
                0.0
            ],
            [
                0.0,
                0.0,
                0.0,
                1.0,
                0.0,
                0.0
            ],
            [
                0.0,
                0.0,
                0.125,
                0.0,
                0.875,
                0.0
            ],
            [
                0.0,
                0.0,
                0.0,
                0.0,
                0.0,
                1.0
            ]
        ],
        "confusion_matrix_labels": [
            "DoS/DDoS",
            "Info_Gathering",
            "Injection",
            "MITM",
            "Malware",
            "Normal"
        ],
        "round_time": 12.679904222488403,
        "round_start_time": 1771785643.4881725,
        "round_end_time": 1771785656.1680768,
        "evaluate_time": 0.6019012928009033,
        "inference_time": 0.054608821868896484
    },
    "14": {
        "trees_by_client": 150,
        "first_server_serialise_trees_size": 132858,
        "fit_time": 1.336669683456421,
        "client_serialise_trees_size": 2665583,
        "final_server_serialise_trees_size": 11048648,
        "f1_score": 0.9414834476649067,
        "mcc": 0.9703577230336805,
        "accuracy": 0.9848251594457884,
        "precision": 0.9310280846745619,
        "recall": 0.9531634177131806,
        "confusion_matrix": [
            [
                0.9494163424124513,
                0.007782101167315175,
                0.042801556420233464,
                0.0,
                0.0,
                0.0
            ],
            [
                0.025943396226415096,
                0.9504716981132075,
                0.015330188679245283,
                0.0,
                0.008254716981132075,
                0.0
            ],
            [
                0.019178082191780823,
                0.0027397260273972603,
                0.9753424657534246,
                0.0,
                0.0027397260273972603,
                0.0
            ],
            [
                0.0,
                0.0,
                0.0,
                1.0,
                0.0,
                0.0
            ],
            [
                0.0,
                0.0,
                0.15625,
                0.0,
                0.84375,
                0.0
            ],
            [
                0.0,
                0.0,
                0.0,
                0.0,
                0.0,
                1.0
            ]
        ],
        "confusion_matrix_labels": [
            "DoS/DDoS",
            "Info_Gathering",
            "Injection",
            "MITM",
            "Malware",
            "Normal"
        ],
        "round_time": 12.612223386764526,
        "round_start_time": 1771785671.2861297,
        "round_end_time": 1771785683.898353,
        "evaluate_time": 0.7006564140319824,
        "inference_time": 0.010268926620483398
    },
    "15": {
        "trees_by_client": 160,
        "first_server_serialise_trees_size": 141656,
        "fit_time": 1.4438321590423584,
        "client_serialise_trees_size": 2863576,
        "final_server_serialise_trees_size": 13037283,
        "f1_score": 0.9454899535967919,
        "mcc": 0.9716376979896925,
        "accuracy": 0.9854849351220585,
        "precision": 0.933742944881457,
        "recall": 0.9587648328075202,
        "confusion_matrix": [
            [
                0.9494163424124513,
                0.007782101167315175,
                0.042801556420233464,
                0.0,
                0.0,
                0.0
            ],
            [
                0.02240566037735849,
                0.9528301886792453,
                0.01650943396226415,
                0.0,
                0.008254716981132075,
                0.0
            ],
            [
                0.019178082191780823,
                0.0027397260273972603,
                0.9753424657534246,
                0.0,
                0.0027397260273972603,
                0.0
            ],
            [
                0.0,
                0.0,
                0.0,
                1.0,
                0.0,
                0.0
            ],
            [
                0.0,
                0.0,
                0.125,
                0.0,
                0.875,
                0.0
            ],
            [
                0.0,
                0.0,
                0.0,
                0.0,
                0.0,
                1.0
            ]
        ],
        "confusion_matrix_labels": [
            "DoS/DDoS",
            "Info_Gathering",
            "Injection",
            "MITM",
            "Malware",
            "Normal"
        ],
        "round_time": 14.147656440734863,
        "round_start_time": 1771785698.980948,
        "round_end_time": 1771785713.1286044,
        "evaluate_time": 0.8278756141662598,
        "inference_time": 0.01143026351928711
    },
    "16": {
        "trees_by_client": 170,
        "first_server_serialise_trees_size": 152193,
        "fit_time": 1.418708086013794,
        "client_serialise_trees_size": 3032951,
        "final_server_serialise_trees_size": 13830546,
        "f1_score": 0.9440026375125021,
        "mcc": 0.9750579894023305,
        "accuracy": 0.9872443369254453,
        "precision": 0.9310583325928595,
        "recall": 0.9600215776974782,
        "confusion_matrix": [
            [
                0.9377431906614786,
                0.011673151750972763,
                0.05058365758754864,
                0.0,
                0.0,
                0.0
            ],
            [
                0.009433962264150943,
                0.9610849056603774,
                0.01650943396226415,
                0.0,
                0.012971698113207548,
                0.0
            ],
            [
                0.010958904109589041,
                0.0027397260273972603,
                0.9863013698630136,
                0.0,
                0.0,
                0.0
            ],
            [
                0.0,
                0.0,
                0.0,
                1.0,
                0.0,
                0.0
            ],
            [
                0.0,
                0.0,
                0.125,
                0.0,
                0.875,
                0.0
            ],
            [
                0.0,
                0.0,
                0.0,
                0.0,
                0.0,
                1.0
            ]
        ],
        "confusion_matrix_labels": [
            "DoS/DDoS",
            "Info_Gathering",
            "Injection",
            "MITM",
            "Malware",
            "Normal"
        ],
        "round_time": 14.57886290550232,
        "round_start_time": 1771785728.212051,
        "round_end_time": 1771785742.7909138,
        "evaluate_time": 0.7195777893066406,
        "inference_time": 0.051796913146972656
    },
    "17": {
        "trees_by_client": 180,
        "first_server_serialise_trees_size": 161007,
        "fit_time": 1.4891748428344727,
        "client_serialise_trees_size": 3235960,
        "final_server_serialise_trees_size": 14876272,
        "f1_score": 0.9448804715255572,
        "mcc": 0.9720636005460181,
        "accuracy": 0.9857048603474818,
        "precision": 0.9364585199083373,
        "recall": 0.9541414686612365,
        "confusion_matrix": [
            [
                0.953307392996109,
                0.0038910505836575876,
                0.042801556420233464,
                0.0,
                0.0,
                0.0
            ],
            [
                0.020047169811320754,
                0.9551886792452831,
                0.01768867924528302,
                0.0,
                0.007075471698113208,
                0.0
            ],
            [
                0.021917808219178082,
                0.0027397260273972603,
                0.9726027397260274,
                0.0,
                0.0027397260273972603,
                0.0
            ],
            [
                0.0,
                0.0,
                0.0,
                1.0,
                0.0,
                0.0
            ],
            [
                0.0,
                0.0,
                0.15625,
                0.0,
                0.84375,
                0.0
            ],
            [
                0.0,
                0.0,
                0.0,
                0.0,
                0.0,
                1.0
            ]
        ],
        "confusion_matrix_labels": [
            "DoS/DDoS",
            "Info_Gathering",
            "Injection",
            "MITM",
            "Malware",
            "Normal"
        ],
        "round_time": 15.646981239318848,
        "round_start_time": 1771785757.8999867,
        "round_end_time": 1771785773.546968,
        "evaluate_time": 0.7875328063964844,
        "inference_time": 0.011410713195800781
    },
    "18": {
        "trees_by_client": 190,
        "first_server_serialise_trees_size": 170020,
        "fit_time": 1.660862684249878,
        "client_serialise_trees_size": 3356047,
        "final_server_serialise_trees_size": 15486032,
        "f1_score": 0.9425209765241213,
        "mcc": 0.9712083459679115,
        "accuracy": 0.9852650098966351,
        "precision": 0.9326171614917356,
        "recall": 0.9535564994741869,
        "confusion_matrix": [
            [
                0.9494163424124513,
                0.007782101167315175,
                0.042801556420233464,
                0.0,
                0.0,
                0.0
            ],
            [
                0.020047169811320754,
                0.9528301886792453,
                0.018867924528301886,
                0.0,
                0.008254716981132075,
                0.0
            ],
            [
                0.019178082191780823,
                0.0027397260273972603,
                0.9753424657534246,
                0.0,
                0.0027397260273972603,
                0.0
            ],
            [
                0.0,
                0.0,
                0.0,
                1.0,
                0.0,
                0.0
            ],
            [
                0.0,
                0.0,
                0.15625,
                0.0,
                0.84375,
                0.0
            ],
            [
                0.0,
                0.0,
                0.0,
                0.0,
                0.0,
                1.0
            ]
        ],
        "confusion_matrix_labels": [
            "DoS/DDoS",
            "Info_Gathering",
            "Injection",
            "MITM",
            "Malware",
            "Normal"
        ],
        "round_time": 17.11053991317749,
        "round_start_time": 1771785788.6170201,
        "round_end_time": 1771785805.72756,
        "evaluate_time": 0.5138905048370361,
        "inference_time": 0.011553525924682617
    },
    "19": {
        "trees_by_client": 200,
        "first_server_serialise_trees_size": 178721,
        "fit_time": 1.6957855224609375,
        "client_serialise_trees_size": 3606951,
        "final_server_serialise_trees_size": 16444667,
        "f1_score": 0.945835562167976,
        "mcc": 0.9767690653600766,
        "accuracy": 0.9881240378271388,
        "precision": 0.9329340959490965,
        "recall": 0.9617116763197037,
        "confusion_matrix": [
            [
                0.9455252918287937,
                0.011673151750972763,
                0.042801556420233464,
                0.0,
                0.0,
                0.0
            ],
            [
                0.008254716981132075,
                0.9634433962264151,
                0.015330188679245283,
                0.0,
                0.012971698113207548,
                0.0
            ],
            [
                0.010958904109589041,
                0.0027397260273972603,
                0.9863013698630136,
                0.0,
                0.0,
                0.0
            ],
            [
                0.0,
                0.0,
                0.0,
                1.0,
                0.0,
                0.0
            ],
            [
                0.0,
                0.0,
                0.125,
                0.0,
                0.875,
                0.0
            ],
            [
                0.0,
                0.0,
                0.0,
                0.0,
                0.0,
                1.0
            ]
        ],
        "confusion_matrix_labels": [
            "DoS/DDoS",
            "Info_Gathering",
            "Injection",
            "MITM",
            "Malware",
            "Normal"
        ],
        "round_time": 15.925478219985962,
        "round_start_time": 1771785820.7899945,
        "round_end_time": 1771785836.7154727,
        "evaluate_time": 0.9394333362579346,
        "inference_time": 0.06623363494873047
    },
    "20": {
        "trees_by_client": 210,
