{
    "0": {
        "trees_by_client": 10,
        "first_server_serialise_trees_size": 9474,
        "fit_time": 0.031423330307006836,
        "client_serialise_trees_size": 127335,
        "final_server_serialise_trees_size": 543952,
        "f1_score": 0.9524806552997402,
        "mcc": 0.9166649369028625,
        "accuracy": 0.9424307036247335,
        "precision": 0.9386907116853059,
        "recall": 0.971782783398314,
        "confusion_matrix": [
            [
                0.9873417721518988,
                0.0,
                0.012658227848101266,
                0.0,
                0.0
            ],
            [
                0.0,
                0.9863013698630136,
                0.0136986301369863,
                0.0,
                0.0
            ],
            [
                0.010416666666666666,
                0.0,
                0.9861111111111112,
                0.0,
                0.003472222222222222
            ],
            [
                0.0,
                0.0,
                0.0,
                1.0,
                0.0
            ],
            [
                0.0,
                0.011204481792717087,
                0.0896358543417367,
                0.0,
                0.8991596638655462
            ]
        ],
        "confusion_matrix_labels": null,
        "round_time": 47.89411687850952,
        "round_start_time": 1768418823.9726849,
        "round_end_time": 1768418871.8668017,
        "evaluate_time": 0.20879626274108887,
        "inference_time": 0.033388614654541016
    },
    "1": {
        "trees_by_client": 20,
        "first_server_serialise_trees_size": 9400,
        "fit_time": 0.17714214324951172,
        "client_serialise_trees_size": 270540,
        "final_server_serialise_trees_size": 983757,
        "f1_score": 0.9526271917043868,
        "mcc": 0.9190632618087112,
        "accuracy": 0.9445628997867804,
        "precision": 0.940031388546035,
        "recall": 0.969749173150562,
        "confusion_matrix": [
            [
                0.9873417721518988,
                0.0,
                0.012658227848101266,
                0.0,
                0.0
            ],
            [
                0.0,
                0.9726027397260274,
                0.0136986301369863,
                0.0,
                0.0136986301369863
            ],
            [
                0.010416666666666666,
                0.0,
                0.9826388888888888,
                0.0,
                0.006944444444444444
            ],
            [
                0.0,
                0.0,
                0.0,
                1.0,
                0.0
            ],
            [
                0.0,
                0.011204481792717087,
                0.08263305322128851,
                0.0,
                0.9061624649859944
            ]
        ],
        "confusion_matrix_labels": null,
        "round_time": 5.109010696411133,
        "round_start_time": 1768418887.996192,
        "round_end_time": 1768418893.1052027,
        "evaluate_time": 0.13507723808288574,
        "inference_time": 0.017055273056030273
    },
    "2": {
        "trees_by_client": 30,
        "first_server_serialise_trees_size": 18858,
        "fit_time": 0.1847243309020996,
        "client_serialise_trees_size": 420212,
        "final_server_serialise_trees_size": 1462537,
        "f1_score": 0.9489771088960213,
        "mcc": 0.9098165241629101,
        "accuracy": 0.937455579246624,
        "precision": 0.9355417118093173,
        "recall": 0.968763601041827,
        "confusion_matrix": [
            [
                0.9778481012658228,
                0.0,
                0.022151898734177215,
                0.0,
                0.0
            ],
            [
                0.0,
                0.9863013698630136,
                0.0136986301369863,
                0.0,
                0.0
            ],
            [
                0.010416666666666666,
                0.0,
                0.9861111111111112,
                0.0,
                0.003472222222222222
            ],
            [
                0.0,
                0.0,
                0.0,
                1.0,
                0.0
            ],
            [
                0.0,
                0.011204481792717087,
                0.09523809523809523,
                0.0,
                0.8935574229691877
            ]
        ],
        "confusion_matrix_labels": null,
        "round_time": 5.1704041957855225,
        "round_start_time": 1768418909.029051,
        "round_end_time": 1768418914.1994553,
        "evaluate_time": 0.19690942764282227,
        "inference_time": 0.024639368057250977
    },
    "3": {
        "trees_by_client": 40,
        "first_server_serialise_trees_size": 28332,
        "fit_time": 0.22955632209777832,
        "client_serialise_trees_size": 530966,
        "final_server_serialise_trees_size": 2070466,
        "f1_score": 0.9521478383710956,
        "mcc": 0.9165094943509032,
        "accuracy": 0.9424307036247335,
        "precision": 0.9386795051540086,
        "recall": 0.9710771847031398,
        "confusion_matrix": [
            [
                0.9810126582278481,
                0.0,
                0.0189873417721519,
                0.0,
                0.0
            ],
            [
                0.0,
                0.9863013698630136,
                0.0136986301369863,
                0.0,
                0.0
            ],
            [
                0.010416666666666666,
                0.0,
                0.9861111111111112,
                0.0,
                0.003472222222222222
            ],
            [
                0.0,
                0.0,
                0.0,
                1.0,
                0.0
            ],
            [
                0.0,
                0.011204481792717087,
                0.08683473389355742,
                0.0,
                0.9019607843137255
            ]
        ],
        "confusion_matrix_labels": null,
        "round_time": 6.709941864013672,
        "round_start_time": 1768418930.3270764,
        "round_end_time": 1768418937.0370183,
        "evaluate_time": 0.2911713123321533,
        "inference_time": 0.03333401679992676
    },
    "4": {
        "trees_by_client": 50,
        "first_server_serialise_trees_size": 37730,
        "fit_time": 0.48096537590026855,
        "client_serialise_trees_size": 676722,
        "final_server_serialise_trees_size": 2627129,
        "f1_score": 0.9473379707477415,
        "mcc": 0.9079998538909754,
        "accuracy": 0.9360341151385928,
        "precision": 0.9328870996832311,
        "recall": 0.9685561762997782,
        "confusion_matrix": [
            [
                0.9810126582278481,
                0.0031645569620253164,
                0.015822784810126583,
                0.0,
                0.0
            ],
            [
                0.0,
                0.9863013698630136,
                0.0136986301369863,
                0.0,
                0.0
            ],
            [
                0.010416666666666666,
                0.0,
                0.9861111111111112,
                0.0,
                0.003472222222222222
            ],
            [
                0.0,
                0.0,
                0.0,
                1.0,
                0.0
            ],
            [
                0.0,
                0.011204481792717087,
                0.09943977591036414,
                0.0,
                0.8893557422969187
            ]
        ],
        "confusion_matrix_labels": null,
        "round_time": 9.712416648864746,
        "round_start_time": 1768418952.9983027,
        "round_end_time": 1768418962.7107193,
        "evaluate_time": 0.28025126457214355,
        "inference_time": 0.14975523948669434
    },
    "5": {
        "trees_by_client": 60,
        "first_server_serialise_trees_size": 47057,
        "fit_time": 0.37706899642944336,
        "client_serialise_trees_size": 812321,
        "final_server_serialise_trees_size": 3096477,
        "f1_score": 0.9494637933303812,
        "mcc": 0.9148233779093726,
        "accuracy": 0.9410092395167022,
        "precision": 0.9342562034719029,
        "recall": 0.9709312930131304,
        "confusion_matrix": [
            [
                0.9810126582278481,
                0.006329113924050633,
                0.012658227848101266,
                0.0,
                0.0
            ],
            [
                0.0,
                0.9863013698630136,
                0.0136986301369863,
                0.0,
                0.0
            ],
            [
                0.010416666666666666,
                0.0,
                0.9895833333333334,
                0.0,
                0.0
            ],
            [
                0.0,
                0.0,
                0.0,
                1.0,
                0.0
            ],
            [
                0.0,
                0.011204481792717087,
                0.09103641456582633,
                0.0,
                0.8977591036414566
            ]
        ],
        "confusion_matrix_labels": null,
        "round_time": 11.28644609451294,
        "round_start_time": 1768418978.8244066,
        "round_end_time": 1768418990.1108527,
        "evaluate_time": 0.15894412994384766,
        "inference_time": 0.027056455612182617
    },
    "6": {
        "trees_by_client": 70,
        "first_server_serialise_trees_size": 56715,
        "fit_time": 0.3482511043548584,
        "client_serialise_trees_size": 939592,
        "final_server_serialise_trees_size": 3666755,
        "f1_score": 0.9466041961854199,
        "mcc": 0.9085588793842204,
        "accuracy": 0.9367448471926084,
        "precision": 0.9316050965414308,
        "recall": 0.9680691565973826,
        "confusion_matrix": [
            [
                0.9778481012658228,
                0.006329113924050633,
                0.015822784810126583,
                0.0,
                0.0
            ],
            [
                0.0,
                0.9863013698630136,
                0.0136986301369863,
                0.0,
                0.0
            ],
            [
                0.010416666666666666,
                0.0,
                0.9826388888888888,
                0.0,
                0.006944444444444444
            ],
            [
                0.0,
                0.0,
                0.0,
                1.0,
                0.0
            ],
            [
                0.0,
                0.011204481792717087,
                0.09523809523809523,
                0.0,
                0.8935574229691877
            ]
        ],
        "confusion_matrix_labels": null,
        "round_time": 8.013463735580444,
        "round_start_time": 1768419005.464205,
        "round_end_time": 1768419013.4776688,
        "evaluate_time": 0.26163339614868164,
        "inference_time": 0.11844801902770996
    },
    "7": {
        "trees_by_client": 80,
        "first_server_serialise_trees_size": 65722,
        "fit_time": 0.5053846836090088,
        "client_serialise_trees_size": 1080287,
        "final_server_serialise_trees_size": 4073684,
        "f1_score": 0.9488821939438358,
        "mcc": 0.9116735006930696,
        "accuracy": 0.9388770433546553,
        "precision": 0.9346463298307842,
        "recall": 0.9693238251314629,
        "confusion_matrix": [
            [
                0.9778481012658228,
                0.0031645569620253164,
                0.0189873417721519,
                0.0,
                0.0
            ],
            [
                0.0,
                0.9863013698630136,
                0.0136986301369863,
                0.0,
                0.0
            ],
            [
                0.010416666666666666,
                0.0,
                0.9861111111111112,
                0.0,
                0.003472222222222222
            ],
            [
                0.0,
                0.0,
                0.0,
                1.0,
                0.0
            ],
            [
                0.0,
                0.011204481792717087,
                0.09243697478991597,
                0.0,
                0.896358543417367
            ]
        ],
        "confusion_matrix_labels": null,
        "round_time": 10.660612106323242,
        "round_start_time": 1768419029.4780898,
        "round_end_time": 1768419040.138702,
        "evaluate_time": 0.3167414665222168,
        "inference_time": 0.06510257720947266
    },
    "8": {
        "trees_by_client": 90,
        "first_server_serialise_trees_size": 75592,
        "fit_time": 0.5787155628204346,
        "client_serialise_trees_size": 1203179,
        "final_server_serialise_trees_size": 4622248,
        "f1_score": 0.9518836248103788,
        "mcc": 0.9156376388295078,
        "accuracy": 0.9417199715707179,
        "precision": 0.9382301073849835,
        "recall": 0.9711498720059089,
        "confusion_matrix": [
            [
                0.9841772151898734,
                0.0,
                0.015822784810126583,
                0.0,
                0.0
            ],
            [
                0.0,
                0.9863013698630136,
                0.0136986301369863,
                0.0,
                0.0
            ],
            [
                0.010416666666666666,
                0.0,
                0.9861111111111112,
                0.0,
                0.003472222222222222
            ],
            [
                0.0,
                0.0,
                0.0,
                1.0,
                0.0
            ],
            [
                0.0,
                0.011204481792717087,
                0.0896358543417367,
                0.0,
                0.8991596638655462
            ]
        ],
        "confusion_matrix_labels": null,
        "round_time": 11.912612915039062,
        "round_start_time": 1768419056.0000758,
        "round_end_time": 1768419067.9126887,
        "evaluate_time": 0.3523268699645996,
        "inference_time": 0.17068862915039062
    },
    "9": {
        "trees_by_client": 100,
        "first_server_serialise_trees_size": 85764,
        "fit_time": 0.5444293022155762,
        "client_serialise_trees_size": 1354962,
        "final_server_serialise_trees_size": 5200373,
        "f1_score": 0.951923378960433,
        "mcc": 0.9161875372543858,
        "accuracy": 0.9424307036247335,
        "precision": 0.938713200379867,
        "recall": 0.970310052955926,
        "confusion_matrix": [
            [
                0.9778481012658228,
                0.0,
                0.022151898734177215,
                0.0,
                0.0
            ],
            [
                0.0,
                0.9863013698630136,
                0.0136986301369863,
                0.0,
                0.0
            ],
            [
                0.010416666666666666,
                0.0,
                0.9826388888888888,
                0.0,
                0.006944444444444444
            ],
            [
                0.0,
                0.0,
                0.0,
                1.0,
                0.0
            ],
            [
                0.0,
                0.011204481792717087,
                0.08403361344537816,
                0.0,
                0.9047619047619048
            ]
        ],
        "confusion_matrix_labels": null,
        "round_time": 12.510648965835571,
        "round_start_time": 1768419083.9261594,
        "round_end_time": 1768419096.4368083,
        "evaluate_time": 0.4690227508544922,
        "inference_time": 0.11975455284118652
    },
    "10": {
        "trees_by_client": 110,
        "first_server_serialise_trees_size": 94717,
        "fit_time": 0.8862614631652832,
        "client_serialise_trees_size": 1493578,
        "final_server_serialise_trees_size": 5720136,
        "f1_score": 0.9487137918136282,
        "mcc": 0.9115944577785178,
        "accuracy": 0.9388770433546553,
        "precision": 0.9346406323044487,
        "recall": 0.9689710257838758,
        "confusion_matrix": [
            [
                0.9746835443037974,
                0.0031645569620253164,
                0.022151898734177215,
                0.0,
                0.0
            ],
            [
                0.0,
                0.9863013698630136,
                0.0136986301369863,
                0.0,
                0.0
            ],
            [
                0.010416666666666666,
                0.0,
                0.9861111111111112,
                0.0,
                0.003472222222222222
            ],
            [
                0.0,
                0.0,
                0.0,
                1.0,
                0.0
            ],
            [
                0.0,
                0.011204481792717087,
                0.09103641456582633,
                0.0,
                0.8977591036414566
            ]
        ],
        "confusion_matrix_labels": null,
        "round_time": 14.10207462310791,
        "round_start_time": 1768419112.4570394,
        "round_end_time": 1768419126.559114,
        "evaluate_time": 0.5773420333862305,
        "inference_time": 0.12412667274475098
    },
    "11": {
        "trees_by_client": 120,
        "first_server_serialise_trees_size": 104091,
        "fit_time": 0.8452105522155762,
        "client_serialise_trees_size": 1635181,
        "final_server_serialise_trees_size": 6221921,
        "f1_score": 0.9491427033450848,
        "mcc": 0.9125393572800713,
        "accuracy": 0.9395877754086709,
        "precision": 0.935088037134701,
        "recall": 0.9692511378286938,
        "confusion_matrix": [
            [
                0.9746835443037974,
                0.0031645569620253164,
                0.022151898734177215,
                0.0,
                0.0
            ],
            [
                0.0,
                0.9863013698630136,
                0.0136986301369863,
                0.0,
                0.0
            ],
            [
                0.010416666666666666,
                0.0,
                0.9861111111111112,
                0.0,
                0.003472222222222222
            ],
            [
                0.0,
                0.0,
                0.0,
                1.0,
                0.0
            ],
            [
                0.0,
                0.011204481792717087,
                0.0896358543417367,
                0.0,
                0.8991596638655462
            ]
        ],
        "confusion_matrix_labels": null,
        "round_time": 16.082310914993286,
        "round_start_time": 1768419142.4392226,
        "round_end_time": 1768419158.5215335,
        "evaluate_time": 0.45668983459472656,
        "inference_time": 0.09142780303955078
    },
    "12": {
        "trees_by_client": 130,
        "first_server_serialise_trees_size": 113822,
        "fit_time": 1.1219301223754883,
        "client_serialise_trees_size": 1740203,
        "final_server_serialise_trees_size": 6763220,
        "f1_score": 0.9478578161826581,
        "mcc": 0.9097100770038394,
        "accuracy": 0.937455579246624,
        "precision": 0.933753287522603,
        "recall": 0.96841080169424,
        "confusion_matrix": [
            [
                0.9746835443037974,
                0.0031645569620253164,
                0.022151898734177215,
                0.0,
                0.0
            ],
            [
                0.0,
                0.9863013698630136,
                0.0136986301369863,
                0.0,
                0.0
            ],
            [
                0.010416666666666666,
                0.0,
                0.9861111111111112,
                0.0,
                0.003472222222222222
            ],
            [
                0.0,
                0.0,
                0.0,
                1.0,
                0.0
            ],
            [
                0.0,
                0.011204481792717087,
                0.0938375350140056,
                0.0,
                0.8949579831932774
            ]
        ],
        "confusion_matrix_labels": null,
        "round_time": 17.755454301834106,
        "round_start_time": 1768419174.3162317,
        "round_end_time": 1768419192.071686,
        "evaluate_time": 0.4343266487121582,
        "inference_time": 0.2049577236175537
    },
    "13": {
        "trees_by_client": 140,
        "first_server_serialise_trees_size": 123615,
        "fit_time": 0.8799443244934082,
        "client_serialise_trees_size": 1871488,
        "final_server_serialise_trees_size": 7201708,
        "f1_score": 0.9499457103072624,
        "mcc": 0.9141845944145564,
        "accuracy": 0.9410092395167022,
        "precision": 0.9360257338514332,
        "recall": 0.9693970295187031,
        "confusion_matrix": [
            [
                0.9746835443037974,
                0.0031645569620253164,
                0.022151898734177215,
                0.0,
                0.0
            ],
            [
                0.0,
                0.9863013698630136,
                0.0136986301369863,
                0.0,
                0.0
            ],
            [
                0.010416666666666666,
                0.0,
                0.9826388888888888,
                0.0,
                0.006944444444444444
            ],
            [
                0.0,
                0.0,
                0.0,
                1.0,
                0.0
            ],
            [
                0.0,
                0.011204481792717087,
                0.08543417366946779,
                0.0,
                0.9033613445378151
            ]
        ],
        "confusion_matrix_labels": null,
        "round_time": 18.018592357635498,
        "round_start_time": 1768419208.0522556,
        "round_end_time": 1768419226.070848,
        "evaluate_time": 0.45495080947875977,
        "inference_time": 0.10997891426086426
    },
    "14": {
        "trees_by_client": 150,
        "first_server_serialise_trees_size": 132679,
        "fit_time": 0.8969652652740479,
        "client_serialise_trees_size": 2021854,
        "final_server_serialise_trees_size": 7796283,
        "f1_score": 0.9482268174623603,
        "mcc": 0.9103886613705233,
        "accuracy": 0.9381663113006397,
        "precision": 0.9342151973912234,
        "recall": 0.9682765813394314,
        "confusion_matrix": [
            [
                0.9746835443037974,
                0.0031645569620253164,
                0.022151898734177215,
                0.0,
                0.0
            ],
            [
                0.0,
                0.9863013698630136,
                0.0136986301369863,
                0.0,
                0.0
            ],
            [
                0.010416666666666666,
                0.0,
                0.9826388888888888,
                0.0,
                0.006944444444444444
            ],
            [
                0.0,
                0.0,
                0.0,
                1.0,
                0.0
            ],
            [
                0.0,
                0.011204481792717087,
                0.09103641456582633,
                0.0,
                0.8977591036414566
            ]
        ],
        "confusion_matrix_labels": null,
        "round_time": 19.938159227371216,
        "round_start_time": 1768419242.1242542,
        "round_end_time": 1768419262.0624135,
        "evaluate_time": 0.6556122303009033,
        "inference_time": 0.14470911026000977
    },
    "15": {
        "trees_by_client": 160,
        "first_server_serialise_trees_size": 141816,
        "fit_time": 0.8801329135894775,
        "client_serialise_trees_size": 2189077,
        "final_server_serialise_trees_size": 8262558,
        "f1_score": 0.9478578161826581,
        "mcc": 0.9097100770038394,
        "accuracy": 0.937455579246624,
        "precision": 0.933753287522603,
        "recall": 0.96841080169424,
        "confusion_matrix": [
            [
                0.9746835443037974,
                0.0031645569620253164,
                0.022151898734177215,
                0.0,
                0.0
            ],
            [
                0.0,
                0.9863013698630136,
                0.0136986301369863,
                0.0,
                0.0
            ],
            [
                0.010416666666666666,
                0.0,
                0.9861111111111112,
                0.0,
                0.003472222222222222
            ],
            [
                0.0,
                0.0,
                0.0,
                1.0,
                0.0
            ],
            [
                0.0,
                0.011204481792717087,
                0.0938375350140056,
                0.0,
                0.8949579831932774
            ]
        ],
        "confusion_matrix_labels": null,
        "round_time": 19.653611660003662,
        "round_start_time": 1768419278.0920563,
        "round_end_time": 1768419297.745668,
        "evaluate_time": 0.6385126113891602,
        "inference_time": 0.10433769226074219
    },
    "16": {
        "trees_by_client": 170,
        "first_server_serialise_trees_size": 151218,
        "fit_time": 0.9093713760375977,
        "client_serialise_trees_size": 2325387,
        "final_server_serialise_trees_size": 8706959,
        "f1_score": 0.9490850090974527,
        "mcc": 0.9122829796772904,
        "accuracy": 0.9395877754086709,
        "precision": 0.9351153679385747,
        "recall": 0.9688368054290672,
        "confusion_matrix": [
            [
                0.9746835443037974,
                0.0031645569620253164,
                0.022151898734177215,
                0.0,
                0.0
            ],
            [
                0.0,
                0.9863013698630136,
                0.0136986301369863,
                0.0,
                0.0
            ],
            [
                0.010416666666666666,
                0.0,
                0.9826388888888888,
                0.0,
                0.006944444444444444
            ],
            [
                0.0,
                0.0,
                0.0,
                1.0,
                0.0
            ],
            [
                0.0,
                0.011204481792717087,
                0.08823529411764706,
                0.0,
                0.9005602240896359
            ]
        ],
        "confusion_matrix_labels": null,
        "round_time": 20.15715193748474,
        "round_start_time": 1768419313.6841593,
        "round_end_time": 1768419333.8413112,
        "evaluate_time": 0.5238282680511475,
        "inference_time": 0.20519566535949707
    },
    "17": {
        "trees_by_client": 180,
        "first_server_serialise_trees_size": 160826,
        "fit_time": 1.3348166942596436,
        "client_serialise_trees_size": 2425987,
        "final_server_serialise_trees_size": 9321551,
        "f1_score": 0.9492409980001337,
        "mcc": 0.9144889069768646,
        "accuracy": 0.9410092395167022,
        "precision": 0.9342826357490093,
        "recall": 0.9701641612659166,
        "confusion_matrix": [
            [
                0.9778481012658228,
                0.006329113924050633,
                0.015822784810126583,
                0.0,
                0.0
            ],
            [
                0.0,
                0.9863013698630136,
                0.0136986301369863,
                0.0,
                0.0
            ],
            [
                0.010416666666666666,
                0.0,
                0.9861111111111112,
                0.0,
                0.003472222222222222
            ],
            [
                0.0,
                0.0,
                0.0,
                1.0,
                0.0
            ],
            [
                0.0,
                0.011204481792717087,
                0.08823529411764706,
                0.0,
                0.9005602240896359
            ]
        ],
        "confusion_matrix_labels": null,
        "round_time": 26.238563299179077,
        "round_start_time": 1768419349.8610508,
        "round_end_time": 1768419376.0996141,
        "evaluate_time": 0.7849547863006592,
        "inference_time": 0.17479443550109863
    },
    "18": {
        "trees_by_client": 190,
        "first_server_serialise_trees_size": 170175,
        "fit_time": 1.6848371028900146,
        "client_serialise_trees_size": 2581098,
        "final_server_serialise_trees_size": 9117399,
        "f1_score": 0.9479572914185918,
        "mcc": 0.9078593078160272,
        "accuracy": 0.9360341151385928,
        "precision": 0.9346633372740811,
        "recall": 0.9678505776046041,
        "confusion_matrix": [
            [
                0.9746835443037974,
                0.0,
                0.02531645569620253,
                0.0,
                0.0
            ],
            [
                0.0,
                0.9863013698630136,
                0.0136986301369863,
                0.0,
                0.0
            ],
            [
                0.010416666666666666,
                0.0,
                0.9861111111111112,
                0.0,
                0.003472222222222222
            ],
            [
                0.0,
                0.0,
                0.0,
                1.0,
                0.0
            ],
            [
                0.0,
                0.011204481792717087,
                0.09663865546218488,
                0.0,
                0.8921568627450981
            ]
        ],
        "confusion_matrix_labels": null,
        "round_time": 23.855385780334473,
        "round_start_time": 1768419391.9860742,
        "round_end_time": 1768419415.84146,
        "evaluate_time": 0.6923785209655762,
        "inference_time": 0.18433237075805664
    },
    "19": {
        "trees_by_client": 200,
        "first_server_serialise_trees_size": 179373,
        "fit_time": 1.0799133777618408,
        "client_serialise_trees_size": 2710092,
        "final_server_serialise_trees_size": 10299681,
        "f1_score": 0.9494214942009712,
        "mcc": 0.9124378212285936,
        "accuracy": 0.9395877754086709,
        "precision": 0.9351257665388095,
        "recall": 0.9695424041242415,
        "confusion_matrix": [
            [
                0.9810126582278481,
                0.0031645569620253164,
                0.015822784810126583,
                0.0,
                0.0
            ],
            [
                0.0,
                0.9863013698630136,
                0.0136986301369863,
                0.0,
                0.0
            ],
            [
                0.010416666666666666,
                0.0,
                0.9826388888888888,
                0.0,
                0.006944444444444444
            ],
            [
                0.0,
                0.0,
                0.0,
                1.0,
                0.0
            ],
            [
                0.0,
                0.011204481792717087,
                0.09103641456582633,
                0.0,
                0.8977591036414566
            ]
        ],
        "confusion_matrix_labels": null,
        "round_time": 23.796574592590332,
        "round_start_time": 1768419431.7973075,
        "round_end_time": 1768419455.593882,
        "evaluate_time": 0.6362943649291992,
        "inference_time": 0.18067097663879395
    },
    "20": {
        "trees_by_client": 210,
        "first_server_serialise_trees_size": 189611,
        "fit_time": 1.8593864440917969,
        "client_serialise_trees_size": 2796229,
        "final_server_serialise_trees_size": 10934183,
        "f1_score": 0.9495150437516033,
        "mcc": 0.9132328717295731,
        "accuracy": 0.9402985074626866,
        "precision": 0.9355692656239535,
        "recall": 0.9691169174738852,
        "confusion_matrix": [
            [
                0.9746835443037974,
                0.0031645569620253164,
                0.022151898734177215,
                0.0,
                0.0
            ],
            [
                0.0,
                0.9863013698630136,
                0.0136986301369863,
                0.0,
                0.0
            ],
            [
                0.010416666666666666,
                0.0,
                0.9826388888888888,
                0.0,
                0.006944444444444444
            ],
            [
                0.0,
                0.0,
                0.0,
                1.0,
                0.0
            ],
            [
                0.0,
                0.011204481792717087,
                0.08683473389355742,
                0.0,
                0.9019607843137255
            ]
        ],
        "confusion_matrix_labels": null,
        "round_time": 29.01206111907959,
        "round_start_time": 1768419471.4924784,
        "round_end_time": 1768419500.5045395,
        "evaluate_time": 1.0940299034118652,
        "inference_time": 0.14321446418762207
    },
    "21": {
        "trees_by_client": 220,
        "first_server_serialise_trees_size": 198085,
        "fit_time": 1.1686370372772217,
        "client_serialise_trees_size": 2934902,
        "final_server_serialise_trees_size": 11251181,
        "f1_score": 0.9487137918136282,
        "mcc": 0.9115944577785178,
        "accuracy": 0.9388770433546553,
        "precision": 0.9346406323044487,
        "recall": 0.9689710257838758,
        "confusion_matrix": [
            [
                0.9746835443037974,
                0.0031645569620253164,
                0.022151898734177215,
                0.0,
                0.0
            ],
            [
                0.0,
                0.9863013698630136,
                0.0136986301369863,
                0.0,
                0.0
            ],
            [
                0.010416666666666666,
                0.0,
                0.9861111111111112,
                0.0,
                0.003472222222222222
            ],
            [
                0.0,
                0.0,
                0.0,
                1.0,
                0.0
            ],
            [
                0.0,
                0.011204481792717087,
                0.09103641456582633,
                0.0,
                0.8977591036414566
            ]
        ],
        "confusion_matrix_labels": null,
        "round_time": 25.800880908966064,
        "round_start_time": 1768419516.358065,
        "round_end_time": 1768419542.1589458,
        "evaluate_time": 0.6972298622131348,
        "inference_time": 0.14574313163757324
    },
    "22": {
        "trees_by_client": 230,
        "first_server_serialise_trees_size": 208549,
        "fit_time": 1.172734022140503,
        "client_serialise_trees_size": 3109233,
        "final_server_serialise_trees_size": 11797485,
        "f1_score": 0.9482268174623603,
        "mcc": 0.9103886613705233,
        "accuracy": 0.9381663113006397,
        "precision": 0.9342151973912234,
        "recall": 0.9682765813394314,
        "confusion_matrix": [
            [
                0.9746835443037974,
                0.0031645569620253164,
                0.022151898734177215,
                0.0,
                0.0
            ],
            [
                0.0,
                0.9863013698630136,
                0.0136986301369863,
                0.0,
                0.0
            ],
            [
                0.010416666666666666,
                0.0,
                0.9826388888888888,
                0.0,
                0.006944444444444444
            ],
            [
                0.0,
                0.0,
                0.0,
                1.0,
                0.0
            ],
            [
                0.0,
                0.011204481792717087,
                0.09103641456582633,
                0.0,
                0.8977591036414566
            ]
        ],
        "confusion_matrix_labels": null,
        "round_time": 31.376101970672607,
        "round_start_time": 1768419557.92707,
        "round_end_time": 1768419589.3031719,
        "evaluate_time": 0.7334637641906738,
        "inference_time": 0.21238136291503906
    },
    "23": {
        "trees_by_client": 240,
        "first_server_serialise_trees_size": 217626,
        "fit_time": 1.9322030544281006,
        "client_serialise_trees_size": 3235114,
        "final_server_serialise_trees_size": 11419387,
        "f1_score": 0.9460928386352162,
        "mcc": 0.9040428676985508,
        "accuracy": 0.9331911869225302,
        "precision": 0.932940812329712,
        "recall": 0.9663773300777452,
        "confusion_matrix": [
            [
                0.9715189873417721,
                0.0,
                0.028481012658227847,
                0.0,
                0.0
            ],
            [
                0.0,
                0.9863013698630136,
                0.0136986301369863,
                0.0,
                0.0
            ],
            [
                0.010416666666666666,
                0.0,
                0.9861111111111112,
                0.0,
                0.003472222222222222
            ],
            [
                0.0,
                0.0,
                0.0,
                1.0,
                0.0
            ],
            [
                0.0,
                0.011204481792717087,
                0.10084033613445378,
                0.0,
                0.8879551820728291
            ]
        ],
        "confusion_matrix_labels": null,
        "round_time": 36.82296895980835,
        "round_start_time": 1768419605.4061663,
        "round_end_time": 1768419642.2291353,
        "evaluate_time": 0.7453036308288574,
        "inference_time": 0.26814723014831543
    },
    "24": {
        "trees_by_client": 250,
        "first_server_serialise_trees_size": 226712,
        "fit_time": 2.159296989440918,
        "client_serialise_trees_size": 3354088,
        "final_server_serialise_trees_size": 12803332,
        "f1_score": 0.9495121712188764,
        "mcc": 0.9105710126249928,
        "accuracy": 0.9381663113006397,
        "precision": 0.9360024594986001,
        "recall": 0.9689821800346057,
        "confusion_matrix": [
            [
                0.9810126582278481,
                0.0,
                0.0189873417721519,
                0.0,
                0.0
            ],
            [
                0.0,
                0.9863013698630136,
                0.0136986301369863,
                0.0,
                0.0
            ],
            [
                0.010416666666666666,
                0.0,
                0.9826388888888888,
                0.0,
                0.006944444444444444
            ],
            [
                0.0,
                0.0,
                0.0,
                1.0,
                0.0
            ],
            [
                0.0,
                0.011204481792717087,
                0.0938375350140056,
                0.0,
                0.8949579831932774
            ]
        ],
        "confusion_matrix_labels": null,
        "round_time": 33.91965675354004,
        "round_start_time": 1768419658.3213181,
        "round_end_time": 1768419692.240975,
        "evaluate_time": 1.1067941188812256,
        "inference_time": 0.2481098175048828
    },
    "25": {
        "trees_by_client": 260,
        "first_server_serialise_trees_size": 236714,
        "fit_time": 1.80816650390625,
        "client_serialise_trees_size": 3495331,
        "final_server_serialise_trees_size": 13296383,
        "f1_score": 0.9504275292096656,
        "mcc": 0.9127210906026213,
        "accuracy": 0.9395877754086709,
        "precision": 0.9368746960687352,
        "recall": 0.969956736523868,
        "confusion_matrix": [
            [
