{
    "0": {
        "trees_by_client": 10,
        "first_server_serialise_trees_size": 10420,
        "fit_time": 0.0677330493927002,
        "client_serialise_trees_size": 308547,
        "final_server_serialise_trees_size": 1676451,
        "f1_score": 0.9491856845265108,
        "mcc": 0.9774773898185242,
        "accuracy": 0.980309792596482,
        "precision": 0.9377259196673409,
        "recall": 0.9677692985199631,
        "confusion_matrix": [
            [
                1.0,
                0.0,
                0.0,
                0.0,
                0.0,
                0.0,
                0.0,
                0.0,
                0.0,
                0.0
            ],
            [
                0.0,
                0.970074812967581,
                0.0,
                0.007481296758104738,
                0.0,
                0.0,
                0.0,
                0.0199501246882793,
                0.0,
                0.0024937655860349127
            ],
            [
                0.0,
                0.0,
                0.975,
                0.005555555555555556,
                0.013888888888888888,
                0.0,
                0.0,
                0.0,
                0.005555555555555556,
                0.0
            ],
            [
                0.0,
                0.007792207792207792,
                0.0,
                0.9766233766233766,
                0.0,
                0.0,
                0.0,
                0.0,
                0.0025974025974025974,
                0.012987012987012988
            ],
            [
                0.0,
                0.0,
                0.0,
                0.0625,
                0.875,
                0.0625,
                0.0,
                0.0,
                0.0,
                0.0
            ],
            [
                0.0,
                0.0034285714285714284,
                0.0,
                0.0,
                0.001142857142857143,
                0.9931428571428571,
                0.0,
                0.0,
                0.0,
                0.002285714285714286
            ],
            [
                0.0,
                0.0,
                0.0,
                0.0,
                0.007594936708860759,
                0.007594936708860759,
                0.9822784810126582,
                0.0,
                0.0,
                0.002531645569620253
            ],
            [
                0.0,
                0.0,
                0.0,
                0.0,
                0.0,
                0.0,
                0.0,
                0.9795918367346939,
                0.0,
                0.02040816326530612
            ],
            [
                0.0,
                0.0,
                0.005263157894736842,
                0.0,
                0.005263157894736842,
                0.0,
                0.0,
                0.0,
                0.9894736842105263,
                0.0
            ],
            [
                0.0,
                0.0,
                0.0,
                0.012698412698412698,
                0.0,
                0.0031746031746031746,
                0.0,
                0.047619047619047616,
                0.0,
                0.9365079365079365
            ]
        ],
        "confusion_matrix_labels": [
            "backdoor",
            "ddos",
            "dos",
            "injection",
            "mitm",
            "normal",
            "password",
            "ransomware",
            "scanning",
            "xss"
        ],
        "round_time": 17.714871168136597,
        "round_start_time": 1771800824.5303755,
        "round_end_time": 1771800842.2452466,
        "evaluate_time": 0.4785306453704834,
        "inference_time": 0.014872312545776367
    },
    "1": {
        "trees_by_client": 20,
        "first_server_serialise_trees_size": 10972,
        "fit_time": 0.3868422508239746,
        "client_serialise_trees_size": 643838,
        "final_server_serialise_trees_size": 3394828,
        "f1_score": 0.9506769937491063,
        "mcc": 0.9744555453508099,
        "accuracy": 0.9776844316093463,
        "precision": 0.948882901550878,
        "recall": 0.9528004453485215,
        "confusion_matrix": [
            [
                1.0,
                0.0,
                0.0,
                0.0,
                0.0,
                0.0,
                0.0,
                0.0,
                0.0,
                0.0
            ],
            [
                0.0,
                0.9650872817955112,
                0.0,
                0.00997506234413965,
                0.0,
                0.0024937655860349127,
                0.0,
                0.0199501246882793,
                0.0,
                0.0024937655860349127
            ],
            [
                0.0,
                0.0,
                0.975,
                0.008333333333333333,
                0.005555555555555556,
                0.0,
                0.005555555555555556,
                0.0,
                0.002777777777777778,
                0.002777777777777778
            ],
            [
                0.0,
                0.01038961038961039,
                0.0,
                0.9766233766233766,
                0.0,
                0.0,
                0.0,
                0.0,
                0.0025974025974025974,
                0.01038961038961039
            ],
            [
                0.0,
                0.0,
                0.0,
                0.0,
                0.75,
                0.125,
                0.0625,
                0.0,
                0.0,
                0.0625
            ],
            [
                0.0,
                0.004571428571428572,
                0.0,
                0.0,
                0.001142857142857143,
                0.9931428571428571,
                0.0,
                0.0,
                0.0,
                0.001142857142857143
            ],
            [
                0.0,
                0.0,
                0.0,
                0.0,
                0.002531645569620253,
                0.007594936708860759,
                0.9873417721518988,
                0.0,
                0.0,
                0.002531645569620253
            ],
            [
                0.0,
                0.0,
                0.0,
                0.0,
                0.0,
                0.006802721088435374,
                0.0,
                0.9727891156462585,
                0.0,
                0.02040816326530612
            ],
            [
                0.0,
                0.0,
                0.005263157894736842,
                0.005263157894736842,
                0.002631578947368421,
                0.0,
                0.002631578947368421,
                0.0,
                0.9842105263157894,
                0.0
            ],
            [
                0.0,
                0.006349206349206349,
                0.0,
                0.015873015873015872,
                0.0,
                0.006349206349206349,
                0.0,
                0.047619047619047616,
                0.0,
                0.9238095238095239
            ]
        ],
        "confusion_matrix_labels": [
            "backdoor",
            "ddos",
            "dos",
            "injection",
            "mitm",
            "normal",
            "password",
            "ransomware",
            "scanning",
            "xss"
        ],
        "round_time": 4.518230676651001,
        "round_start_time": 1771800858.3463266,
        "round_end_time": 1771800862.8645573,
        "evaluate_time": 0.3246185779571533,
        "inference_time": 0.007436037063598633
    },
    "2": {
        "trees_by_client": 30,
        "first_server_serialise_trees_size": 21600,
        "fit_time": 0.5815887451171875,
        "client_serialise_trees_size": 937444,
        "final_server_serialise_trees_size": 5059531,
        "f1_score": 0.9568417667526775,
        "mcc": 0.9771598982088926,
        "accuracy": 0.9800472564977685,
        "precision": 0.9529154587134135,
        "recall": 0.9614539603704906,
        "confusion_matrix": [
            [
                1.0,
                0.0,
                0.0,
                0.0,
                0.0,
                0.0,
                0.0,
                0.0,
                0.0,
                0.0
            ],
            [
                0.0,
                0.970074812967581,
                0.0,
                0.004987531172069825,
                0.0,
                0.0024937655860349127,
                0.0,
                0.0199501246882793,
                0.0,
                0.0024937655860349127
            ],
            [
                0.0,
                0.0,
                0.975,
                0.008333333333333333,
                0.005555555555555556,
                0.0,
                0.002777777777777778,
                0.0,
                0.005555555555555556,
                0.002777777777777778
            ],
            [
                0.0,
                0.01038961038961039,
                0.0,
                0.9766233766233766,
                0.0,
                0.0,
                0.0,
                0.0,
                0.0025974025974025974,
                0.01038961038961039
            ],
            [
                0.0,
                0.0,
                0.0,
                0.0,
                0.8125,
                0.125,
                0.0625,
                0.0,
                0.0,
                0.0
            ],
            [
                0.0,
                0.004571428571428572,
                0.0,
                0.0,
                0.001142857142857143,
                0.9931428571428571,
                0.0,
                0.0,
                0.0,
                0.001142857142857143
            ],
            [
                0.0,
                0.0,
                0.0,
                0.0,
                0.002531645569620253,
                0.007594936708860759,
                0.9873417721518988,
                0.0,
                0.0,
                0.002531645569620253
            ],
            [
                0.0,
                0.0,
                0.0,
                0.0,
                0.0,
                0.006802721088435374,
                0.0,
                0.9727891156462585,
                0.0,
                0.02040816326530612
            ],
            [
                0.0,
                0.0,
                0.005263157894736842,
                0.005263157894736842,
                0.002631578947368421,
                0.0,
                0.002631578947368421,
                0.0,
                0.9842105263157894,
                0.0
            ],
            [
                0.0,
                0.0,
                0.0,
                0.0031746031746031746,
                0.0,
                0.006349206349206349,
                0.0,
                0.047619047619047616,
                0.0,
                0.9428571428571428
            ]
        ],
        "confusion_matrix_labels": [
            "backdoor",
            "ddos",
            "dos",
            "injection",
            "mitm",
            "normal",
            "password",
            "ransomware",
            "scanning",
            "xss"
        ],
        "round_time": 5.786340236663818,
        "round_start_time": 1771800877.993903,
        "round_end_time": 1771800883.7802432,
        "evaluate_time": 0.42835187911987305,
        "inference_time": 0.0037992000579833984
    },
    "3": {
        "trees_by_client": 40,
        "first_server_serialise_trees_size": 31873,
        "fit_time": 0.8456876277923584,
        "client_serialise_trees_size": 1292036,
        "final_server_serialise_trees_size": 6794536,
        "f1_score": 0.9550929765459368,
        "mcc": 0.9771597089061574,
        "accuracy": 0.9800472564977685,
        "precision": 0.9549362986049305,
        "recall": 0.9553966171653128,
        "confusion_matrix": [
            [
                1.0,
                0.0,
                0.0,
                0.0,
                0.0,
                0.0,
                0.0,
                0.0,
                0.0,
                0.0
            ],
            [
                0.0024937655860349127,
                0.9675810473815462,
                0.0,
                0.004987531172069825,
                0.0,
                0.0024937655860349127,
                0.0,
                0.0199501246882793,
                0.0,
                0.0024937655860349127
            ],
            [
                0.0,
                0.0,
                0.975,
                0.005555555555555556,
                0.005555555555555556,
                0.002777777777777778,
                0.002777777777777778,
                0.0,
                0.005555555555555556,
                0.002777777777777778
            ],
            [
                0.0,
                0.01038961038961039,
                0.0,
                0.9766233766233766,
                0.0,
                0.0,
                0.0,
                0.0,
                0.0025974025974025974,
                0.01038961038961039
            ],
            [
                0.0,
                0.0,
                0.0,
                0.0,
                0.75,
                0.125,
                0.0625,
                0.0,
                0.0,
                0.0625
            ],
            [
                0.0,
                0.004571428571428572,
                0.0,
                0.0,
                0.001142857142857143,
                0.9931428571428571,
                0.0,
                0.0,
                0.0,
                0.001142857142857143
            ],
            [
                0.0,
                0.0,
                0.0,
                0.0,
                0.002531645569620253,
                0.0,
                0.9949367088607595,
                0.0,
                0.0,
                0.002531645569620253
            ],
            [
                0.0,
                0.0,
                0.0,
                0.0,
                0.0,
                0.006802721088435374,
                0.0,
                0.9727891156462585,
                0.0,
                0.02040816326530612
            ],
            [
                0.0,
                0.0,
                0.007894736842105263,
                0.005263157894736842,
                0.0,
                0.0,
                0.002631578947368421,
                0.0,
                0.9842105263157894,
                0.0
            ],
            [
                0.0,
                0.006349206349206349,
                0.0,
                0.0031746031746031746,
                0.0,
                0.0031746031746031746,
                0.0,
                0.047619047619047616,
                0.0,
                0.9396825396825397
            ]
        ],
        "confusion_matrix_labels": [
            "backdoor",
            "ddos",
            "dos",
            "injection",
            "mitm",
            "normal",
            "password",
            "ransomware",
            "scanning",
            "xss"
        ],
        "round_time": 6.984188079833984,
        "round_start_time": 1771800898.9326632,
        "round_end_time": 1771800905.9168513,
        "evaluate_time": 0.5719451904296875,
        "inference_time": 0.007409572601318359
    },
    "4": {
        "trees_by_client": 50,
        "first_server_serialise_trees_size": 42990,
        "fit_time": 1.0583980083465576,
        "client_serialise_trees_size": 1586029,
        "final_server_serialise_trees_size": 8463970,
        "f1_score": 0.9501249736156513,
        "mcc": 0.9786819866178755,
        "accuracy": 0.9813599369913363,
        "precision": 0.9384530334942834,
        "recall": 0.9689132595937704,
        "confusion_matrix": [
            [
                1.0,
                0.0,
                0.0,
                0.0,
                0.0,
                0.0,
                0.0,
                0.0,
                0.0,
                0.0
            ],
            [
                0.0,
                0.9750623441396509,
                0.0,
                0.004987531172069825,
                0.0,
                0.0,
                0.0,
                0.0199501246882793,
                0.0,
                0.0
            ],
            [
                0.0,
                0.0,
                0.975,
                0.002777777777777778,
                0.013888888888888888,
                0.002777777777777778,
                0.0,
                0.0,
                0.005555555555555556,
                0.0
            ],
            [
                0.0,
                0.01038961038961039,
                0.0,
                0.9766233766233766,
                0.0,
                0.0,
                0.0,
                0.0,
                0.0025974025974025974,
                0.01038961038961039
            ],
            [
                0.0,
                0.0,
                0.0,
                0.0625,
                0.875,
                0.0625,
                0.0,
                0.0,
                0.0,
                0.0
            ],
            [
                0.0,
                0.004571428571428572,
                0.0,
                0.0,
                0.001142857142857143,
                0.992,
                0.0,
                0.0,
                0.0,
                0.002285714285714286
            ],
            [
                0.0,
                0.0,
                0.0,
                0.0,
                0.007594936708860759,
                0.0,
                0.9898734177215189,
                0.0,
                0.0,
                0.002531645569620253
            ],
            [
                0.0,
                0.0,
                0.0,
                0.0,
                0.0,
                0.0,
                0.0,
                0.9795918367346939,
                0.0,
                0.02040816326530612
            ],
            [
                0.0,
                0.0,
                0.005263157894736842,
                0.0,
                0.005263157894736842,
                0.0,
                0.0,
                0.0,
                0.9894736842105263,
                0.0
            ],
            [
                0.0,
                0.0,
                0.0,
                0.015873015873015872,
                0.0,
                0.0,
                0.0,
                0.047619047619047616,
                0.0,
                0.9365079365079365
            ]
        ],
        "confusion_matrix_labels": [
            "backdoor",
            "ddos",
            "dos",
            "injection",
            "mitm",
            "normal",
            "password",
            "ransomware",
            "scanning",
            "xss"
        ],
        "round_time": 8.513866424560547,
        "round_start_time": 1771800921.0519466,
        "round_end_time": 1771800929.565813,
        "evaluate_time": 0.7289538383483887,
        "inference_time": 0.05061602592468262
    },
    "5": {
        "trees_by_client": 60,
        "first_server_serialise_trees_size": 53993,
        "fit_time": 1.3129677772521973,
        "client_serialise_trees_size": 1903343,
        "final_server_serialise_trees_size": 10203952,
        "f1_score": 0.952092301043422,
        "mcc": 0.9759557927167112,
        "accuracy": 0.9789971121029142,
        "precision": 0.9503721813541949,
        "recall": 0.9541164885737917,
        "confusion_matrix": [
            [
                1.0,
                0.0,
                0.0,
                0.0,
                0.0,
                0.0,
                0.0,
                0.0,
                0.0,
                0.0
            ],
            [
                0.0024937655860349127,
                0.9675810473815462,
                0.0,
                0.004987531172069825,
                0.0,
                0.0024937655860349127,
                0.0,
                0.0199501246882793,
                0.0,
                0.0024937655860349127
            ],
            [
                0.0,
                0.0,
                0.975,
                0.005555555555555556,
                0.005555555555555556,
                0.002777777777777778,
                0.002777777777777778,
                0.0,
                0.005555555555555556,
                0.002777777777777778
            ],
            [
                0.0,
                0.01038961038961039,
                0.0,
                0.9766233766233766,
                0.0,
                0.0,
                0.0,
                0.0,
                0.0025974025974025974,
                0.01038961038961039
            ],
            [
                0.0,
                0.0,
                0.0,
                0.0,
                0.75,
                0.125,
                0.0625,
                0.0,
                0.0,
                0.0625
            ],
            [
                0.0,
                0.004571428571428572,
                0.0,
                0.0,
                0.001142857142857143,
                0.9942857142857143,
                0.0,
                0.0,
                0.0,
                0.0
            ],
            [
                0.0,
                0.0,
                0.0,
                0.0,
                0.002531645569620253,
                0.007594936708860759,
                0.9873417721518988,
                0.0,
                0.0,
                0.002531645569620253
            ],
            [
                0.0,
                0.0,
                0.0,
                0.0,
                0.0,
                0.006802721088435374,
                0.0,
                0.9727891156462585,
                0.0,
                0.02040816326530612
            ],
            [
                0.0,
                0.0,
                0.005263157894736842,
                0.005263157894736842,
                0.002631578947368421,
                0.0,
                0.002631578947368421,
                0.0,
                0.9842105263157894,
                0.0
            ],
            [
                0.0,
                0.006349206349206349,
                0.0,
                0.006349206349206349,
                0.0,
                0.006349206349206349,
                0.0,
                0.047619047619047616,
                0.0,
                0.9333333333333333
            ]
        ],
        "confusion_matrix_labels": [
            "backdoor",
            "ddos",
            "dos",
            "injection",
            "mitm",
            "normal",
            "password",
            "ransomware",
            "scanning",
            "xss"
        ],
        "round_time": 9.483814716339111,
        "round_start_time": 1771800944.744285,
        "round_end_time": 1771800954.2280998,
        "evaluate_time": 0.7989721298217773,
        "inference_time": 0.009543180465698242
    },
    "6": {
        "trees_by_client": 70,
        "first_server_serialise_trees_size": 64330,
        "fit_time": 1.6858060359954834,
        "client_serialise_trees_size": 2221929,
        "final_server_serialise_trees_size": 11934799,
        "f1_score": 0.9540400295781492,
        "mcc": 0.9756547493412442,
        "accuracy": 0.9787345760042006,
        "precision": 0.9542452276049647,
        "recall": 0.9540022028595061,
        "confusion_matrix": [
            [
                1.0,
                0.0,
                0.0,
                0.0,
                0.0,
                0.0,
                0.0,
                0.0,
                0.0,
                0.0
            ],
            [
                0.0,
                0.9675810473815462,
                0.0,
                0.00997506234413965,
                0.0,
                0.0024937655860349127,
                0.0,
                0.0199501246882793,
                0.0,
                0.0
            ],
            [
                0.0,
                0.0,
                0.975,
                0.005555555555555556,
                0.005555555555555556,
                0.002777777777777778,
                0.002777777777777778,
                0.0,
                0.005555555555555556,
                0.002777777777777778
            ],
            [
                0.0,
                0.01038961038961039,
                0.0,
                0.9766233766233766,
                0.0,
                0.0,
                0.0,
                0.0,
                0.0025974025974025974,
                0.01038961038961039
            ],
            [
                0.0,
                0.0,
                0.0,
                0.0,
                0.75,
                0.125,
                0.0625,
                0.0,
                0.0,
                0.0625
            ],
            [
                0.0,
                0.004571428571428572,
                0.0,
                0.0,
                0.001142857142857143,
                0.9931428571428571,
                0.0,
                0.0,
                0.0,
                0.001142857142857143
            ],
            [
                0.0,
                0.0,
                0.0,
                0.0,
                0.002531645569620253,
                0.007594936708860759,
                0.9873417721518988,
                0.0,
                0.0,
                0.002531645569620253
            ],
            [
                0.0,
                0.0,
                0.0,
                0.0,
                0.0,
                0.006802721088435374,
                0.0,
                0.9727891156462585,
                0.0,
                0.02040816326530612
            ],
            [
                0.0,
                0.0,
                0.007894736842105263,
                0.005263157894736842,
                0.0,
                0.0,
                0.002631578947368421,
                0.0,
                0.9842105263157894,
                0.0
            ],
            [
                0.0,
                0.0031746031746031746,
                0.0,
                0.009523809523809525,
                0.0,
                0.006349206349206349,
                0.0,
                0.047619047619047616,
                0.0,
                0.9333333333333333
            ]
        ],
        "confusion_matrix_labels": [
            "backdoor",
            "ddos",
            "dos",
            "injection",
            "mitm",
            "normal",
            "password",
            "ransomware",
            "scanning",
            "xss"
        ],
        "round_time": 11.215397834777832,
        "round_start_time": 1771800969.3850873,
        "round_end_time": 1771800980.600485,
        "evaluate_time": 0.9715864658355713,
        "inference_time": 0.012733936309814453
    },
    "7": {
        "trees_by_client": 80,
        "first_server_serialise_trees_size": 74961,
        "fit_time": 1.6823925971984863,
        "client_serialise_trees_size": 2545202,
        "final_server_serialise_trees_size": 13569522,
        "f1_score": 0.9531160288943266,
        "mcc": 0.9804837262265207,
        "accuracy": 0.9829351535836177,
        "precision": 0.9420449171150921,
        "recall": 0.9702319364162445,
        "confusion_matrix": [
            [
                1.0,
                0.0,
                0.0,
                0.0,
                0.0,
                0.0,
                0.0,
                0.0,
                0.0,
                0.0
            ],
            [
                0.0,
                0.9750623441396509,
                0.0,
                0.004987531172069825,
                0.0,
                0.0,
                0.0,
                0.0199501246882793,
                0.0,
                0.0
            ],
            [
                0.0,
                0.0,
                0.975,
                0.005555555555555556,
                0.013888888888888888,
                0.0,
                0.0,
                0.0,
                0.005555555555555556,
                0.0
            ],
            [
                0.0,
                0.007792207792207792,
                0.0,
                0.9818181818181818,
                0.0,
                0.0,
                0.0,
                0.0,
                0.0025974025974025974,
                0.007792207792207792
            ],
            [
                0.0,
                0.0,
                0.0,
                0.0625,
                0.875,
                0.0625,
                0.0,
                0.0,
                0.0,
                0.0
            ],
            [
                0.0,
                0.0034285714285714284,
                0.0,
                0.0,
                0.001142857142857143,
                0.9942857142857143,
                0.0,
                0.0,
                0.0,
                0.001142857142857143
            ],
            [
                0.0,
                0.0,
                0.0,
                0.0,
                0.005063291139240506,
                0.0,
                0.9924050632911392,
                0.0,
                0.0,
                0.002531645569620253
            ],
            [
                0.0,
                0.0,
                0.0,
                0.0,
                0.0,
                0.0,
                0.0,
                0.9795918367346939,
                0.0,
                0.02040816326530612
            ],
            [
                0.0,
                0.0,
                0.005263157894736842,
                0.0,
                0.005263157894736842,
                0.0,
                0.0,
                0.0,
                0.9894736842105263,
                0.0
            ],
            [
                0.0,
                0.0,
                0.0,
                0.012698412698412698,
                0.0,
                0.0,
                0.0,
                0.047619047619047616,
                0.0,
                0.9396825396825397
            ]
        ],
        "confusion_matrix_labels": [
            "backdoor",
            "ddos",
            "dos",
            "injection",
            "mitm",
            "normal",
            "password",
            "ransomware",
            "scanning",
            "xss"
        ],
        "round_time": 13.46720290184021,
        "round_start_time": 1771800995.777557,
        "round_end_time": 1771801009.2447598,
        "evaluate_time": 1.1302587985992432,
        "inference_time": 0.0920107364654541
    },
    "8": {
        "trees_by_client": 90,
        "first_server_serialise_trees_size": 86122,
        "fit_time": 2.069894313812256,
        "client_serialise_trees_size": 2877688,
        "final_server_serialise_trees_size": 15299490,
        "f1_score": 0.9520865428917988,
        "mcc": 0.9759559008275981,
        "accuracy": 0.9789971121029142,
        "precision": 0.9504959811742142,
        "recall": 0.9539941023922115,
        "confusion_matrix": [
            [
                1.0,
                0.0,
                0.0,
                0.0,
                0.0,
                0.0,
                0.0,
                0.0,
                0.0,
                0.0
            ],
            [
                0.0,
                0.970074812967581,
                0.0,
                0.004987531172069825,
                0.0,
                0.0024937655860349127,
                0.0,
                0.0199501246882793,
                0.0,
                0.0024937655860349127
            ],
            [
                0.0,
                0.0,
                0.975,
                0.005555555555555556,
                0.005555555555555556,
                0.002777777777777778,
                0.002777777777777778,
                0.0,
                0.005555555555555556,
                0.002777777777777778
            ],
            [
                0.0,
                0.01038961038961039,
                0.0,
                0.9766233766233766,
                0.0,
                0.0,
                0.0,
                0.0,
                0.0025974025974025974,
                0.01038961038961039
            ],
            [
                0.0,
                0.0,
                0.0,
                0.0,
                0.75,
                0.125,
                0.0625,
                0.0,
                0.0,
                0.0625
            ],
            [
                0.0,
                0.004571428571428572,
                0.0,
                0.0,
                0.001142857142857143,
                0.9942857142857143,
                0.0,
                0.0,
                0.0,
                0.0
            ],
            [
                0.0,
                0.0,
                0.0,
                0.0,
                0.002531645569620253,
                0.007594936708860759,
                0.9873417721518988,
                0.0,
                0.0,
                0.002531645569620253
            ],
            [
                0.0,
                0.0,
                0.0,
                0.0,
                0.0,
                0.006802721088435374,
                0.0,
                0.9727891156462585,
                0.0,
                0.02040816326530612
            ],
            [
                0.0,
                0.0,
                0.005263157894736842,
                0.002631578947368421,
                0.002631578947368421,
                0.0,
                0.002631578947368421,
                0.0,
                0.9868421052631579,
                0.0
            ],
            [
                0.0,
                0.006349206349206349,
                0.0,
                0.009523809523809525,
                0.0,
                0.009523809523809525,
                0.0,
                0.047619047619047616,
                0.0,
                0.926984126984127
            ]
        ],
        "confusion_matrix_labels": [
            "backdoor",
            "ddos",
            "dos",
            "injection",
            "mitm",
            "normal",
            "password",
            "ransomware",
            "scanning",
            "xss"
        ],
        "round_time": 14.32042121887207,
        "round_start_time": 1771801024.485042,
        "round_end_time": 1771801038.8054633,
        "evaluate_time": 1.0808162689208984,
        "inference_time": 0.014466524124145508
    },
    "9": {
        "trees_by_client": 100,
        "first_server_serialise_trees_size": 96092,
        "fit_time": 2.3234474658966064,
        "client_serialise_trees_size": 3199809,
        "final_server_serialise_trees_size": 17038467,
        "f1_score": 0.951389357941606,
        "mcc": 0.9750542597477155,
        "accuracy": 0.9782095038067734,
        "precision": 0.9497292415212042,
        "recall": 0.9533672822245854,
        "confusion_matrix": [
            [
                1.0,
                0.0,
                0.0,
                0.0,
                0.0,
                0.0,
                0.0,
                0.0,
                0.0,
                0.0
            ],
            [
                0.0,
                0.9675810473815462,
                0.0,
                0.007481296758104738,
                0.0,
                0.0024937655860349127,
                0.0,
                0.0199501246882793,
                0.0,
                0.0024937655860349127
            ],
            [
                0.0,
                0.0,
                0.975,
                0.002777777777777778,
                0.005555555555555556,
                0.002777777777777778,
                0.008333333333333333,
                0.0,
                0.005555555555555556,
                0.0
            ],
            [
                0.0,
                0.01038961038961039,
                0.0,
                0.9766233766233766,
                0.0,
                0.0,
                0.0,
                0.0,
                0.0025974025974025974,
                0.01038961038961039
            ],
            [
                0.0,
                0.0,
                0.0,
                0.0,
                0.75,
                0.125,
                0.0625,
                0.0,
                0.0,
                0.0625
            ],
            [
                0.0,
                0.004571428571428572,
                0.0,
                0.0,
                0.001142857142857143,
                0.9931428571428571,
                0.0,
                0.0,
                0.0,
                0.001142857142857143
            ],
            [
                0.0,
                0.0,
                0.0,
                0.0,
                0.002531645569620253,
                0.007594936708860759,
                0.9873417721518988,
                0.0,
                0.0,
                0.002531645569620253
            ],
            [
                0.0,
                0.0,
                0.0,
                0.0,
                0.0,
                0.006802721088435374,
                0.0,
                0.9727891156462585,
                0.0,
                0.02040816326530612
            ],
            [
                0.0,
                0.0,
                0.005263157894736842,
                0.005263157894736842,
                0.002631578947368421,
                0.0,
                0.002631578947368421,
                0.0,
                0.9842105263157894,
                0.0
            ],
            [
                0.0,
                0.006349206349206349,
                0.0,
                0.009523809523809525,
                0.0,
                0.009523809523809525,
                0.0,
                0.047619047619047616,
                0.0,
                0.926984126984127
            ]
        ],
        "confusion_matrix_labels": [
