{
    "0": {
        "trees_by_client": 10,
        "first_server_serialise_trees_size": 11029,
        "fit_time": 0.05600571632385254,
        "client_serialise_trees_size": 209818,
        "final_server_serialise_trees_size": 1144433,
        "f1_score": 0.9441805280987856,
        "mcc": 0.9724546108978878,
        "accuracy": 0.9758530183727034,
        "precision": 0.9350399592152682,
        "recall": 0.9584887041530621,
        "confusion_matrix": [
            [
                0.9972451790633609,
                0.0,
                0.0,
                0.0,
                0.0,
                0.0027548209366391185,
                0.0,
                0.0,
                0.0,
                0.0
            ],
            [
                0.0,
                0.9876237623762376,
                0.0,
                0.0,
                0.0049504950495049506,
                0.0024752475247524753,
                0.0,
                0.0049504950495049506,
                0.0,
                0.0
            ],
            [
                0.0,
                0.0,
                0.9706666666666667,
                0.0,
                0.010666666666666666,
                0.005333333333333333,
                0.0,
                0.0,
                0.013333333333333334,
                0.0
            ],
            [
                0.0,
                0.007481296758104738,
                0.0,
                0.9551122194513716,
                0.004987531172069825,
                0.0024937655860349127,
                0.0,
                0.0024937655860349127,
                0.004987531172069825,
                0.022443890274314215
            ],
            [
                0.0,
                0.0,
                0.041666666666666664,
                0.0,
                0.8333333333333334,
                0.041666666666666664,
                0.041666666666666664,
                0.0,
                0.041666666666666664,
                0.0
            ],
            [
                0.0,
                0.002366863905325444,
                0.0,
                0.0,
                0.002366863905325444,
                0.9952662721893492,
                0.0,
                0.0,
                0.0,
                0.0
            ],
            [
                0.0,
                0.0,
                0.0,
                0.002531645569620253,
                0.010126582278481013,
                0.0,
                0.9721518987341772,
                0.005063291139240506,
                0.0,
                0.010126582278481013
            ],
            [
                0.0,
                0.0,
                0.0,
                0.0,
                0.0,
                0.0,
                0.0,
                0.974025974025974,
                0.0,
                0.025974025974025976
            ],
            [
                0.0,
                0.0,
                0.0,
                0.0,
                0.0024875621890547263,
                0.0,
                0.0024875621890547263,
                0.0,
                0.9950248756218906,
                0.0
            ],
            [
                0.0,
                0.0,
                0.006825938566552901,
                0.017064846416382253,
                0.0,
                0.0,
                0.0,
                0.07167235494880546,
                0.0,
                0.9044368600682594
            ]
        ],
        "confusion_matrix_labels": [
            "backdoor",
            "ddos",
            "dos",
            "injection",
            "mitm",
            "normal",
            "password",
            "ransomware",
            "scanning",
            "xss"
        ],
        "round_time": 22.151448011398315,
        "round_start_time": 1765829051.608185,
        "round_end_time": 1765829073.759633,
        "evaluate_time": 0.27689051628112793,
        "inference_time": 0.011916399002075195
    },
    "1": {
        "trees_by_client": 20,
        "first_server_serialise_trees_size": 10921,
        "fit_time": 0.1957995891571045,
        "client_serialise_trees_size": 425535,
        "final_server_serialise_trees_size": 2416072,
        "f1_score": 0.9453563954863361,
        "mcc": 0.9715666678605527,
        "accuracy": 0.9750656167979003,
        "precision": 0.9338179340236874,
        "recall": 0.965591958114139,
        "confusion_matrix": [
            [
                0.9972451790633609,
                0.0,
                0.0,
                0.0,
                0.0,
                0.0027548209366391185,
                0.0,
                0.0,
                0.0,
                0.0
            ],
            [
                0.0,
                0.9900990099009901,
                0.0,
                0.0,
                0.0024752475247524753,
                0.0024752475247524753,
                0.0,
                0.0049504950495049506,
                0.0,
                0.0
            ],
            [
                0.0,
                0.0,
                0.968,
                0.0,
                0.013333333333333334,
                0.005333333333333333,
                0.0,
                0.0,
                0.013333333333333334,
                0.0
            ],
            [
                0.0,
                0.007481296758104738,
                0.0,
                0.9526184538653366,
                0.007481296758104738,
                0.0,
                0.0,
                0.0024937655860349127,
                0.004987531172069825,
                0.02493765586034913
            ],
            [
                0.0,
                0.0,
                0.041666666666666664,
                0.0,
                0.9166666666666666,
                0.0,
                0.0,
                0.0,
                0.041666666666666664,
                0.0
            ],
            [
                0.0,
                0.0035502958579881655,
                0.0,
                0.0,
                0.002366863905325444,
                0.9940828402366864,
                0.0,
                0.0,
                0.0,
                0.0
            ],
            [
                0.0,
                0.0,
                0.0,
                0.002531645569620253,
                0.012658227848101266,
                0.0,
                0.9696202531645569,
                0.005063291139240506,
                0.0,
                0.010126582278481013
            ],
            [
                0.0,
                0.0,
                0.0,
                0.0,
                0.0,
                0.0,
                0.0,
                0.974025974025974,
                0.0,
                0.025974025974025976
            ],
            [
                0.0,
                0.0,
                0.0024875621890547263,
                0.0,
                0.0024875621890547263,
                0.0024875621890547263,
                0.0,
                0.0,
                0.9925373134328358,
                0.0
            ],
            [
                0.0,
                0.0,
                0.006825938566552901,
                0.020477815699658702,
                0.0,
                0.0,
                0.0,
                0.07167235494880546,
                0.0,
                0.9010238907849829
            ]
        ],
        "confusion_matrix_labels": [
            "backdoor",
            "ddos",
            "dos",
            "injection",
            "mitm",
            "normal",
            "password",
            "ransomware",
            "scanning",
            "xss"
        ],
        "round_time": 3.788543701171875,
        "round_start_time": 1765829089.8484957,
        "round_end_time": 1765829093.6370394,
        "evaluate_time": 0.2796788215637207,
        "inference_time": 0.01337885856628418
    },
    "2": {
        "trees_by_client": 30,
        "first_server_serialise_trees_size": 21784,
        "fit_time": 0.27823638916015625,
        "client_serialise_trees_size": 643747,
        "final_server_serialise_trees_size": 3593288,
        "f1_score": 0.9442299358826312,
        "mcc": 0.9715648912206707,
        "accuracy": 0.9750656167979003,
        "precision": 0.9338063772220796,
        "recall": 0.9615257241949774,
        "confusion_matrix": [
            [
                0.9972451790633609,
                0.0,
                0.0,
                0.0,
                0.0,
                0.0027548209366391185,
                0.0,
                0.0,
                0.0,
                0.0
            ],
            [
                0.0,
                0.9900990099009901,
                0.0,
                0.0,
                0.0024752475247524753,
                0.0024752475247524753,
                0.0,
                0.0049504950495049506,
                0.0,
                0.0
            ],
            [
                0.0,
                0.0,
                0.9653333333333334,
                0.0,
                0.010666666666666666,
                0.0026666666666666666,
                0.0,
                0.0,
                0.018666666666666668,
                0.0026666666666666666
            ],
            [
                0.0,
                0.00997506234413965,
                0.0,
                0.9526184538653366,
                0.007481296758104738,
                0.0,
                0.0,
                0.0024937655860349127,
                0.004987531172069825,
                0.022443890274314215
            ],
            [
                0.0,
                0.0,
                0.041666666666666664,
                0.0,
                0.875,
                0.041666666666666664,
                0.0,
                0.0,
                0.041666666666666664,
                0.0
            ],
            [
                0.0,
                0.002366863905325444,
                0.0,
                0.0,
                0.002366863905325444,
                0.9952662721893492,
                0.0,
                0.0,
                0.0,
                0.0
            ],
            [
                0.0,
                0.0,
                0.002531645569620253,
                0.002531645569620253,
                0.010126582278481013,
                0.0,
                0.9696202531645569,
                0.005063291139240506,
                0.0,
                0.010126582278481013
            ],
            [
                0.0,
                0.0,
                0.0,
                0.0,
                0.0,
                0.0,
                0.0,
                0.974025974025974,
                0.0,
                0.025974025974025976
            ],
            [
                0.0,
                0.0,
                0.0,
                0.0,
                0.004975124378109453,
                0.0,
                0.0,
                0.0,
                0.9950248756218906,
                0.0
            ],
            [
                0.0,
                0.0,
                0.006825938566552901,
                0.020477815699658702,
                0.0,
                0.0,
                0.0,
                0.07167235494880546,
                0.0,
                0.9010238907849829
            ]
        ],
        "confusion_matrix_labels": [
            "backdoor",
            "ddos",
            "dos",
            "injection",
            "mitm",
            "normal",
            "password",
            "ransomware",
            "scanning",
            "xss"
        ],
        "round_time": 4.4727442264556885,
        "round_start_time": 1765829108.7718747,
        "round_end_time": 1765829113.244619,
        "evaluate_time": 0.31678295135498047,
        "inference_time": 0.01697397232055664
    },
    "3": {
        "trees_by_client": 40,
        "first_server_serialise_trees_size": 32361,
        "fit_time": 0.41469860076904297,
        "client_serialise_trees_size": 853912,
        "final_server_serialise_trees_size": 4737722,
        "f1_score": 0.9471500203207434,
        "mcc": 0.9727637449887511,
        "accuracy": 0.9761154855643045,
        "precision": 0.9357376124319684,
        "recall": 0.9664788887519394,
        "confusion_matrix": [
            [
                0.9972451790633609,
                0.0,
                0.0,
                0.0,
                0.0,
                0.0027548209366391185,
                0.0,
                0.0,
                0.0,
                0.0
            ],
            [
                0.0,
                0.9900990099009901,
                0.0,
                0.0,
                0.0024752475247524753,
                0.0024752475247524753,
                0.0,
                0.0049504950495049506,
                0.0,
                0.0
            ],
            [
                0.0,
                0.0,
                0.9706666666666667,
                0.0,
                0.010666666666666666,
                0.0026666666666666666,
                0.0,
                0.0,
                0.013333333333333334,
                0.0026666666666666666
            ],
            [
                0.0,
                0.007481296758104738,
                0.0,
                0.9526184538653366,
                0.007481296758104738,
                0.0,
                0.0,
                0.0024937655860349127,
                0.004987531172069825,
                0.02493765586034913
            ],
            [
                0.0,
                0.0,
                0.041666666666666664,
                0.0,
                0.9166666666666666,
                0.0,
                0.0,
                0.0,
                0.041666666666666664,
                0.0
            ],
            [
                0.0,
                0.002366863905325444,
                0.0,
                0.0,
                0.002366863905325444,
                0.9952662721893492,
                0.0,
                0.0,
                0.0,
                0.0
            ],
            [
                0.0,
                0.0,
                0.0,
                0.002531645569620253,
                0.010126582278481013,
                0.0,
                0.9721518987341772,
                0.005063291139240506,
                0.0,
                0.010126582278481013
            ],
            [
                0.0,
                0.0,
                0.0,
                0.0,
                0.0,
                0.0,
                0.0,
                0.974025974025974,
                0.0,
                0.025974025974025976
            ],
            [
                0.0,
                0.0,
                0.0,
                0.0,
                0.004975124378109453,
                0.0,
                0.0,
                0.0,
                0.9950248756218906,
                0.0
            ],
            [
                0.0,
                0.0,
                0.006825938566552901,
                0.020477815699658702,
                0.0,
                0.0,
                0.0,
                0.07167235494880546,
                0.0,
                0.9010238907849829
            ]
        ],
        "confusion_matrix_labels": [
            "backdoor",
            "ddos",
            "dos",
            "injection",
            "mitm",
            "normal",
            "password",
            "ransomware",
            "scanning",
            "xss"
        ],
        "round_time": 5.484821319580078,
        "round_start_time": 1765829128.3771143,
        "round_end_time": 1765829133.8619356,
        "evaluate_time": 0.29610371589660645,
        "inference_time": 0.024359703063964844
    },
    "4": {
        "trees_by_client": 50,
        "first_server_serialise_trees_size": 43504,
        "fit_time": 0.48039722442626953,
        "client_serialise_trees_size": 1069082,
        "final_server_serialise_trees_size": 5896416,
        "f1_score": 0.942095208064979,
        "mcc": 0.9712586609887038,
        "accuracy": 0.9748031496062992,
        "precision": 0.932649436352597,
        "recall": 0.957394258084135,
        "confusion_matrix": [
            [
                0.9972451790633609,
                0.0,
                0.0,
                0.0,
                0.0,
                0.0027548209366391185,
                0.0,
                0.0,
                0.0,
                0.0
            ],
            [
                0.0,
                0.9900990099009901,
                0.0,
                0.0,
                0.0024752475247524753,
                0.0024752475247524753,
                0.0,
                0.0049504950495049506,
                0.0,
                0.0
            ],
            [
                0.0,
                0.0,
                0.9706666666666667,
                0.0,
                0.010666666666666666,
                0.005333333333333333,
                0.0,
                0.0,
                0.013333333333333334,
                0.0
            ],
            [
                0.0,
                0.007481296758104738,
                0.0,
                0.9501246882793017,
                0.004987531172069825,
                0.0024937655860349127,
                0.0,
                0.0024937655860349127,
                0.004987531172069825,
                0.02743142144638404
            ],
            [
                0.0,
                0.0,
                0.041666666666666664,
                0.0,
                0.8333333333333334,
                0.08333333333333333,
                0.0,
                0.0,
                0.041666666666666664,
                0.0
            ],
            [
                0.0,
                0.002366863905325444,
                0.0,
                0.0,
                0.002366863905325444,
                0.9952662721893492,
                0.0,
                0.0,
                0.0,
                0.0
            ],
            [
                0.0,
                0.0,
                0.0,
                0.002531645569620253,
                0.012658227848101266,
                0.0,
                0.9696202531645569,
                0.005063291139240506,
                0.0,
                0.010126582278481013
            ],
            [
                0.0,
                0.0,
                0.0,
                0.0,
                0.0,
                0.0,
                0.0,
                0.974025974025974,
                0.0,
                0.025974025974025976
            ],
            [
                0.0,
                0.0,
                0.0024875621890547263,
                0.0,
                0.004975124378109453,
                0.0,
                0.0,
                0.0,
                0.9925373134328358,
                0.0
            ],
            [
                0.0,
                0.0,
                0.006825938566552901,
                0.020477815699658702,
                0.0,
                0.0,
                0.0,
                0.07167235494880546,
                0.0,
                0.9010238907849829
            ]
        ],
        "confusion_matrix_labels": [
            "backdoor",
            "ddos",
            "dos",
            "injection",
            "mitm",
            "normal",
            "password",
            "ransomware",
            "scanning",
            "xss"
        ],
        "round_time": 7.640451192855835,
        "round_start_time": 1765829148.9944162,
        "round_end_time": 1765829156.6348674,
        "evaluate_time": 0.20791172981262207,
        "inference_time": 0.01622796058654785
    },
    "5": {
        "trees_by_client": 60,
        "first_server_serialise_trees_size": 54352,
        "fit_time": 0.4727346897125244,
        "client_serialise_trees_size": 1288821,
        "final_server_serialise_trees_size": 7057088,
        "f1_score": 0.9449602666098237,
        "mcc": 0.9712645037512612,
        "accuracy": 0.9748031496062992,
        "precision": 0.9348163174859605,
        "recall": 0.9612628455266693,
        "confusion_matrix": [
            [
                0.9972451790633609,
                0.0,
                0.0,
                0.0,
                0.0,
                0.0027548209366391185,
                0.0,
                0.0,
                0.0,
                0.0
            ],
            [
                0.0,
                0.9900990099009901,
                0.0,
                0.0,
                0.0024752475247524753,
                0.0024752475247524753,
                0.0,
                0.0049504950495049506,
                0.0,
                0.0
            ],
            [
                0.0,
                0.0,
                0.9626666666666667,
                0.0,
                0.010666666666666666,
                0.0026666666666666666,
                0.0,
                0.0,
                0.021333333333333333,
                0.0026666666666666666
            ],
            [
                0.0,
                0.00997506234413965,
                0.0,
                0.9501246882793017,
                0.007481296758104738,
                0.0,
                0.0,
                0.0024937655860349127,
                0.004987531172069825,
                0.02493765586034913
            ],
            [
                0.0,
                0.0,
                0.041666666666666664,
                0.0,
                0.875,
                0.041666666666666664,
                0.0,
                0.0,
                0.041666666666666664,
                0.0
            ],
            [
                0.0,
                0.002366863905325444,
                0.0,
                0.0,
                0.002366863905325444,
                0.9952662721893492,
                0.0,
                0.0,
                0.0,
                0.0
            ],
            [
                0.0,
                0.0,
                0.002531645569620253,
                0.002531645569620253,
                0.007594936708860759,
                0.0,
                0.9721518987341772,
                0.005063291139240506,
                0.0,
                0.010126582278481013
            ],
            [
                0.0,
                0.0,
                0.0,
                0.0,
                0.0,
                0.0,
                0.0,
                0.974025974025974,
                0.0,
                0.025974025974025976
            ],
            [
                0.0,
                0.0,
                0.0,
                0.0,
                0.004975124378109453,
                0.0,
                0.0,
                0.0,
                0.9950248756218906,
                0.0
            ],
            [
                0.0,
                0.0,
                0.006825938566552901,
                0.020477815699658702,
                0.0,
                0.0,
                0.0,
                0.07167235494880546,
                0.0,
                0.9010238907849829
            ]
        ],
        "confusion_matrix_labels": [
            "backdoor",
            "ddos",
            "dos",
            "injection",
            "mitm",
            "normal",
            "password",
            "ransomware",
            "scanning",
            "xss"
        ],
        "round_time": 6.438380241394043,
        "round_start_time": 1765829171.6957335,
        "round_end_time": 1765829178.1341138,
        "evaluate_time": 0.6699953079223633,
        "inference_time": 0.05009055137634277
    },
    "6": {
        "trees_by_client": 70,
        "first_server_serialise_trees_size": 64943,
        "fit_time": 0.8030185699462891,
        "client_serialise_trees_size": 1501800,
        "final_server_serialise_trees_size": 8263563,
        "f1_score": 0.9471500203207434,
        "mcc": 0.9727637449887511,
        "accuracy": 0.9761154855643045,
        "precision": 0.9357376124319684,
        "recall": 0.9664788887519394,
        "confusion_matrix": [
            [
                0.9972451790633609,
                0.0,
                0.0,
                0.0,
                0.0,
                0.0027548209366391185,
                0.0,
                0.0,
                0.0,
                0.0
            ],
            [
                0.0,
                0.9900990099009901,
                0.0,
                0.0,
                0.0024752475247524753,
                0.0024752475247524753,
                0.0,
                0.0049504950495049506,
                0.0,
                0.0
            ],
            [
                0.0,
                0.0,
                0.9706666666666667,
                0.0,
                0.010666666666666666,
                0.0026666666666666666,
                0.0,
                0.0,
                0.013333333333333334,
                0.0026666666666666666
            ],
            [
                0.0,
                0.007481296758104738,
                0.0,
                0.9526184538653366,
                0.007481296758104738,
                0.0,
                0.0,
                0.0024937655860349127,
                0.004987531172069825,
                0.02493765586034913
            ],
            [
                0.0,
                0.0,
                0.041666666666666664,
                0.0,
                0.9166666666666666,
                0.0,
                0.0,
                0.0,
                0.041666666666666664,
                0.0
            ],
            [
                0.0,
                0.002366863905325444,
                0.0,
                0.0,
                0.002366863905325444,
                0.9952662721893492,
                0.0,
                0.0,
                0.0,
                0.0
            ],
            [
                0.0,
                0.0,
                0.0,
                0.002531645569620253,
                0.010126582278481013,
                0.0,
                0.9721518987341772,
                0.005063291139240506,
                0.0,
                0.010126582278481013
            ],
            [
                0.0,
                0.0,
                0.0,
                0.0,
                0.0,
                0.0,
                0.0,
                0.974025974025974,
                0.0,
                0.025974025974025976
            ],
            [
                0.0,
                0.0,
                0.0,
                0.0,
                0.004975124378109453,
                0.0,
                0.0,
                0.0,
                0.9950248756218906,
                0.0
            ],
            [
                0.0,
                0.0,
                0.006825938566552901,
                0.020477815699658702,
                0.0,
                0.0,
                0.0,
                0.07167235494880546,
                0.0,
                0.9010238907849829
            ]
        ],
        "confusion_matrix_labels": [
            "backdoor",
            "ddos",
            "dos",
            "injection",
            "mitm",
            "normal",
            "password",
            "ransomware",
            "scanning",
            "xss"
        ],
        "round_time": 7.816767692565918,
        "round_start_time": 1765829193.271865,
        "round_end_time": 1765829201.0886326,
        "evaluate_time": 0.5748252868652344,
        "inference_time": 0.04866433143615723
    },
    "7": {
        "trees_by_client": 80,
        "first_server_serialise_trees_size": 76183,
        "fit_time": 1.1519134044647217,
        "client_serialise_trees_size": 1705289,
        "final_server_serialise_trees_size": 9341954,
        "f1_score": 0.9418542043298789,
        "mcc": 0.9709627877695507,
        "accuracy": 0.9745406824146982,
        "precision": 0.9325254169722624,
        "recall": 0.9570788887519395,
        "confusion_matrix": [
            [
                0.9972451790633609,
                0.0,
                0.0,
                0.0,
                0.0,
                0.0027548209366391185,
                0.0,
                0.0,
                0.0,
                0.0
            ],
            [
                0.0,
                0.9900990099009901,
                0.0,
                0.0,
                0.0024752475247524753,
                0.0024752475247524753,
                0.0,
                0.0049504950495049506,
                0.0,
                0.0
            ],
            [
                0.0,
                0.0,
                0.96,
                0.0,
                0.013333333333333334,
                0.005333333333333333,
                0.0,
                0.0,
                0.021333333333333333,
                0.0
            ],
            [
                0.0,
                0.007481296758104738,
                0.0,
                0.9526184538653366,
                0.004987531172069825,
                0.0024937655860349127,
                0.0,
                0.0024937655860349127,
                0.004987531172069825,
                0.02493765586034913
            ],
            [
                0.0,
                0.0,
                0.041666666666666664,
                0.0,
                0.8333333333333334,
                0.08333333333333333,
                0.0,
                0.0,
                0.041666666666666664,
                0.0
            ],
            [
                0.0,
                0.002366863905325444,
                0.0,
                0.0,
                0.002366863905325444,
                0.9952662721893492,
                0.0,
                0.0,
                0.0,
                0.0
            ],
            [
                0.0,
                0.0,
                0.0,
                0.002531645569620253,
                0.010126582278481013,
                0.0,
                0.9721518987341772,
                0.005063291139240506,
                0.0,
                0.010126582278481013
            ],
            [
                0.0,
                0.0,
                0.0,
                0.0,
                0.0,
                0.0,
                0.0,
                0.974025974025974,
                0.0,
                0.025974025974025976
            ],
            [
                0.0,
                0.0,
                0.0,
                0.0,
                0.004975124378109453,
                0.0,
                0.0,
                0.0,
                0.9950248756218906,
                0.0
            ],
            [
                0.0,
                0.0,
                0.006825938566552901,
                0.020477815699658702,
                0.0,
                0.0,
                0.0,
                0.07167235494880546,
                0.0,
                0.9010238907849829
            ]
        ],
        "confusion_matrix_labels": [
            "backdoor",
            "ddos",
            "dos",
            "injection",
            "mitm",
            "normal",
            "password",
            "ransomware",
            "scanning",
            "xss"
        ],
        "round_time": 9.172954082489014,
        "round_start_time": 1765829216.2618878,
        "round_end_time": 1765829225.4348419,
        "evaluate_time": 0.7490935325622559,
        "inference_time": 0.04463458061218262
    },
    "8": {
        "trees_by_client": 90,
        "first_server_serialise_trees_size": 86863,
        "fit_time": 1.6798248291015625,
        "client_serialise_trees_size": 1936519,
        "final_server_serialise_trees_size": 10562286,
        "f1_score": 0.9450869643577604,
        "mcc": 0.9715708760436247,
        "accuracy": 0.9750656167979003,
        "precision": 0.933446378906219,
        "recall": 0.9654430143030407,
        "confusion_matrix": [
            [
                0.9972451790633609,
                0.0,
                0.0,
                0.0,
                0.0,
                0.0027548209366391185,
                0.0,
                0.0,
                0.0,
                0.0
            ],
            [
                0.0,
                0.9900990099009901,
                0.0,
                0.0,
                0.0024752475247524753,
                0.0024752475247524753,
                0.0,
                0.0049504950495049506,
                0.0,
                0.0
            ],
            [
                0.0,
                0.0,
                0.9653333333333334,
                0.0,
                0.010666666666666666,
                0.0026666666666666666,
                0.0,
                0.0,
                0.018666666666666668,
                0.0026666666666666666
            ],
            [
                0.0,
                0.007481296758104738,
                0.0,
                0.9501246882793017,
                0.007481296758104738,
                0.0,
                0.0,
                0.0024937655860349127,
                0.004987531172069825,
                0.02743142144638404
            ],
            [
                0.0,
                0.0,
                0.041666666666666664,
                0.0,
                0.9166666666666666,
                0.0,
                0.0,
                0.0,
                0.041666666666666664,
                0.0
            ],
            [
                0.0,
                0.002366863905325444,
                0.0,
                0.0,
                0.002366863905325444,
                0.9952662721893492,
                0.0,
                0.0,
                0.0,
                0.0
            ],
            [
                0.0,
                0.0,
                0.0,
                0.002531645569620253,
                0.012658227848101266,
                0.0,
                0.9696202531645569,
                0.005063291139240506,
                0.0,
                0.010126582278481013
            ],
            [
                0.0,
                0.0,
                0.0,
                0.0,
                0.0,
                0.0,
                0.0,
                0.974025974025974,
                0.0,
                0.025974025974025976
            ],
            [
                0.0,
                0.0,
                0.0,
                0.0,
                0.004975124378109453,
                0.0,
                0.0,
                0.0,
                0.9950248756218906,
                0.0
            ],
            [
                0.0,
                0.0,
                0.006825938566552901,
                0.020477815699658702,
                0.0,
                0.0,
                0.0,
                0.07167235494880546,
                0.0,
                0.9010238907849829
            ]
        ],
        "confusion_matrix_labels": [
            "backdoor",
            "ddos",
            "dos",
            "injection",
            "mitm",
            "normal",
            "password",
            "ransomware",
            "scanning",
            "xss"
        ],
        "round_time": 10.387124300003052,
        "round_start_time": 1765829240.5692682,
        "round_end_time": 1765829250.9563925,
        "evaluate_time": 0.9068715572357178,
        "inference_time": 0.0631718635559082
    },
    "9": {
        "trees_by_client": 100,
        "first_server_serialise_trees_size": 97636,
        "fit_time": 1.3518052101135254,
        "client_serialise_trees_size": 2165332,
        "final_server_serialise_trees_size": 11748521,
        "f1_score": 0.9455490982317386,
        "mcc": 0.9718603861099557,
        "accuracy": 0.9753280839895013,
        "precision": 0.9354232223208205,
        "recall": 0.9618096809697073,
        "confusion_matrix": [
            [
                0.9972451790633609,
                0.0,
                0.0,
                0.0,
                0.0,
                0.0027548209366391185,
                0.0,
                0.0,
                0.0,
                0.0
            ],
            [
                0.0,
                0.9900990099009901,
                0.0,
                0.0,
                0.0024752475247524753,
                0.0024752475247524753,
                0.0,
                0.0049504950495049506,
                0.0,
                0.0
            ],
            [
                0.0,
                0.0,
                0.9706666666666667,
                0.0,
                0.010666666666666666,
                0.0026666666666666666,
                0.0,
                0.0,
                0.013333333333333334,
                0.0026666666666666666
            ],
            [
                0.0,
                0.00997506234413965,
                0.0,
                0.9501246882793017,
                0.004987531172069825,
                0.0024937655860349127,
                0.0,
                0.0024937655860349127,
                0.004987531172069825,
                0.02493765586034913
            ],
            [
                0.0,
                0.0,
                0.041666666666666664,
                0.0,
                0.875,
                0.041666666666666664,
                0.0,
                0.0,
                0.041666666666666664,
                0.0
            ],
            [
                0.0,
                0.002366863905325444,
                0.0,
                0.0,
                0.002366863905325444,
                0.9952662721893492,
                0.0,
                0.0,
                0.0,
                0.0
            ],
            [
                0.0,
                0.0,
                0.002531645569620253,
                0.002531645569620253,
                0.010126582278481013,
                0.0,
                0.9696202531645569,
                0.005063291139240506,
                0.0,
                0.010126582278481013
            ],
            [
                0.0,
                0.0,
                0.0,
                0.0,
                0.0,
                0.0,
                0.0,
                0.974025974025974,
                0.0,
                0.025974025974025976
            ],
            [
                0.0,
                0.0,
                0.0,
                0.0,
                0.004975124378109453,
                0.0,
                0.0,
                0.0,
                0.9950248756218906,
                0.0
            ],
            [
                0.0,
                0.0,
                0.006825938566552901,
                0.020477815699658702,
                0.0,
                0.0,
                0.0,
                0.07167235494880546,
                0.0,
                0.9010238907849829
            ]
        ],
        "confusion_matrix_labels": [
            "backdoor",
            "ddos",
            "dos",
            "injection",
            "mitm",
            "normal",
            "password",
            "ransomware",
            "scanning",
            "xss"
        ],
        "round_time": 10.366562128067017,
        "round_start_time": 1765829266.153965,
        "round_end_time": 1765829276.5205271,
        "evaluate_time": 0.768336296081543,
        "inference_time": 0.07018065452575684
    },
    "10": {
        "trees_by_client": 110,
        "first_server_serialise_trees_size": 108691,
        "fit_time": 1.8391504287719727,
        "client_serialise_trees_size": 2357819,
        "final_server_serialise_trees_size": 12780302,
        "f1_score": 0.9466977801885961,
        "mcc": 0.9721646248114186,
