{
    "0": {
        "trees_by_client": 10,
        "first_server_serialise_trees_size": 9287,
        "fit_time": 0.06561756134033203,
        "client_serialise_trees_size": 240254,
        "final_server_serialise_trees_size": 1295103,
        "f1_score": 0.9677604221911779,
        "mcc": 0.9513033822493314,
        "accuracy": 0.9615637319316689,
        "precision": 0.970030611597907,
        "recall": 0.966870945462791,
        "confusion_matrix": [
            [
                0.9807280513918629,
                0.0021413276231263384,
                0.017130620985010708,
                0.0,
                0.0,
                0.0
            ],
            [
                0.013157894736842105,
                0.9605263157894737,
                0.015789473684210527,
                0.0,
                0.010526315789473684,
                0.0
            ],
            [
                0.032520325203252036,
                0.0,
                0.9658536585365853,
                0.0,
                0.0016260162601626016,
                0.0
            ],
            [
                0.0,
                0.0,
                0.0,
                1.0,
                0.0,
                0.0
            ],
            [
                0.0,
                0.01680672268907563,
                0.08907563025210084,
                0.0,
                0.8941176470588236,
                0.0
            ],
            [
                0.0,
                0.0,
                0.0,
                0.0,
                0.0,
                1.0
            ]
        ],
        "confusion_matrix_labels": [
            "DoS/DDoS",
            "Info_Gathering",
            "Injection",
            "MITM",
            "Malware",
            "Normal"
        ],
        "round_time": 41.64995741844177,
        "round_start_time": 1772640338.5886648,
        "round_end_time": 1772640380.2386222,
        "evaluate_time": 0.1162271499633789,
        "inference_time": 0.005152225494384766
    },
    "1": {
        "trees_by_client": 20,
        "first_server_serialise_trees_size": 9437,
        "fit_time": 0.25452685356140137,
        "client_serialise_trees_size": 552291,
        "final_server_serialise_trees_size": 2690001,
        "f1_score": 0.9674330858314052,
        "mcc": 0.9508775337465358,
        "accuracy": 0.9612352168199737,
        "precision": 0.9700946550159766,
        "recall": 0.9661721964489286,
        "confusion_matrix": [
            [
                0.9817987152034261,
                0.0010706638115631692,
                0.017130620985010708,
                0.0,
                0.0,
                0.0
            ],
            [
                0.018421052631578946,
                0.9552631578947368,
                0.015789473684210527,
                0.0,
                0.010526315789473684,
                0.0
            ],
            [
                0.032520325203252036,
                0.0,
                0.9658536585365853,
                0.0,
                0.0016260162601626016,
                0.0
            ],
            [
                0.0,
                0.0,
                0.0,
                1.0,
                0.0,
                0.0
            ],
            [
                0.0,
                0.01680672268907563,
                0.08907563025210084,
                0.0,
                0.8941176470588236,
                0.0
            ],
            [
                0.0,
                0.0,
                0.0,
                0.0,
                0.0,
                1.0
            ]
        ],
        "confusion_matrix_labels": [
            "DoS/DDoS",
            "Info_Gathering",
            "Injection",
            "MITM",
            "Malware",
            "Normal"
        ],
        "round_time": 3.188624143600464,
        "round_start_time": 1772640396.0076628,
        "round_end_time": 1772640399.196287,
        "evaluate_time": 0.2353367805480957,
        "inference_time": 0.014638185501098633
    },
    "2": {
        "trees_by_client": 30,
        "first_server_serialise_trees_size": 18926,
        "fit_time": 0.43257999420166016,
        "client_serialise_trees_size": 799374,
        "final_server_serialise_trees_size": 4067955,
        "f1_score": 0.9597941244413662,
        "mcc": 0.9395253605472795,
        "accuracy": 0.952365308804205,
        "precision": 0.9617870250843849,
        "recall": 0.959038155857315,
        "confusion_matrix": [
            [
                0.9732334047109208,
                0.0032119914346895075,
                0.023554603854389723,
                0.0,
                0.0,
                0.0
            ],
            [
                0.02368421052631579,
                0.9473684210526315,
                0.018421052631578946,
                0.0,
                0.010526315789473684,
                0.0
            ],
            [
                0.02926829268292683,
                0.0016260162601626016,
                0.9495934959349593,
                0.0,
                0.01951219512195122,
                0.0
            ],
            [
                0.0,
                0.0,
                0.0,
                1.0,
                0.0,
                0.0
            ],
            [
                0.0,
                0.020168067226890758,
                0.0957983193277311,
                0.0,
                0.8840336134453781,
                0.0
            ],
            [
                0.0,
                0.0,
                0.0,
                0.0,
                0.0,
                1.0
            ]
        ],
        "confusion_matrix_labels": [
            "DoS/DDoS",
            "Info_Gathering",
            "Injection",
            "MITM",
            "Malware",
            "Normal"
        ],
        "round_time": 3.925740957260132,
        "round_start_time": 1772640414.3505564,
        "round_end_time": 1772640418.2762973,
        "evaluate_time": 0.26375341415405273,
        "inference_time": 0.009765625
    },
    "3": {
        "trees_by_client": 40,
        "first_server_serialise_trees_size": 28420,
        "fit_time": 0.565833568572998,
        "client_serialise_trees_size": 1117678,
        "final_server_serialise_trees_size": 5409355,
        "f1_score": 0.9660486114942133,
        "mcc": 0.9487919582861611,
        "accuracy": 0.959592641261498,
        "precision": 0.9687514880730942,
        "recall": 0.9647898548944207,
        "confusion_matrix": [
            [
                0.9817987152034261,
                0.0010706638115631692,
                0.017130620985010708,
                0.0,
                0.0,
                0.0
            ],
            [
                0.018421052631578946,
                0.9552631578947368,
                0.015789473684210527,
                0.0,
                0.010526315789473684,
                0.0
            ],
            [
                0.032520325203252036,
                0.0,
                0.9626016260162602,
                0.0,
                0.004878048780487805,
                0.0
            ],
            [
                0.0,
                0.0,
                0.0,
                1.0,
                0.0,
                0.0
            ],
            [
                0.0,
                0.01680672268907563,
                0.09411764705882353,
                0.0,
                0.8890756302521008,
                0.0
            ],
            [
                0.0,
                0.0,
                0.0,
                0.0,
                0.0,
                1.0
            ]
        ],
        "confusion_matrix_labels": [
            "DoS/DDoS",
            "Info_Gathering",
            "Injection",
            "MITM",
            "Malware",
            "Normal"
        ],
        "round_time": 4.518977165222168,
        "round_start_time": 1772640433.4274457,
        "round_end_time": 1772640437.9464228,
        "evaluate_time": 0.18296337127685547,
        "inference_time": 0.021001577377319336
    },
    "4": {
        "trees_by_client": 50,
        "first_server_serialise_trees_size": 37857,
        "fit_time": 0.7001643180847168,
        "client_serialise_trees_size": 1390354,
        "final_server_serialise_trees_size": 6677423,
        "f1_score": 0.9662879811348621,
        "mcc": 0.949240617321918,
        "accuracy": 0.9599211563731932,
        "precision": 0.9692408382161347,
        "recall": 0.9648932638232468,
        "confusion_matrix": [
            [
                0.9817987152034261,
                0.0010706638115631692,
                0.017130620985010708,
                0.0,
                0.0,
                0.0
            ],
            [
                0.021052631578947368,
                0.9526315789473684,
                0.015789473684210527,
                0.0,
                0.010526315789473684,
                0.0
            ],
            [
                0.032520325203252036,
                0.0,
                0.9658536585365853,
                0.0,
                0.0016260162601626016,
                0.0
            ],
            [
                0.0,
                0.0,
                0.0,
                1.0,
                0.0,
                0.0
            ],
            [
                0.0,
                0.01680672268907563,
                0.09411764705882353,
                0.0,
                0.8890756302521008,
                0.0
            ],
            [
                0.0,
                0.0,
                0.0,
                0.0,
                0.0,
                1.0
            ]
        ],
        "confusion_matrix_labels": [
            "DoS/DDoS",
            "Info_Gathering",
            "Injection",
            "MITM",
            "Malware",
            "Normal"
        ],
        "round_time": 5.829132556915283,
        "round_start_time": 1772640453.0936873,
        "round_end_time": 1772640458.9228199,
        "evaluate_time": 0.332042932510376,
        "inference_time": 0.029001951217651367
    },
    "5": {
        "trees_by_client": 60,
        "first_server_serialise_trees_size": 47744,
        "fit_time": 0.5830883979797363,
        "client_serialise_trees_size": 1604126,
        "final_server_serialise_trees_size": 8013364,
        "f1_score": 0.9654967130759492,
        "mcc": 0.9480131099192023,
        "accuracy": 0.9589356110381078,
        "precision": 0.9684217172245191,
        "recall": 0.964220521469994,
        "confusion_matrix": [
            [
                0.9817987152034261,
                0.0010706638115631692,
                0.017130620985010708,
                0.0,
                0.0,
                0.0
            ],
            [
                0.018421052631578946,
                0.9552631578947368,
                0.015789473684210527,
                0.0,
                0.010526315789473684,
                0.0
            ],
            [
                0.032520325203252036,
                0.0,
                0.9642276422764228,
                0.0,
                0.0032520325203252032,
                0.0
            ],
            [
                0.0,
                0.0,
                0.0,
                1.0,
                0.0,
                0.0
            ],
            [
                0.0,
                0.01680672268907563,
                0.09915966386554621,
                0.0,
                0.8840336134453781,
                0.0
            ],
            [
                0.0,
                0.0,
                0.0,
                0.0,
                0.0,
                1.0
            ]
        ],
        "confusion_matrix_labels": [
            "DoS/DDoS",
            "Info_Gathering",
            "Injection",
            "MITM",
            "Malware",
            "Normal"
        ],
        "round_time": 6.281347036361694,
        "round_start_time": 1772640474.0424793,
        "round_end_time": 1772640480.3238263,
        "evaluate_time": 0.2690701484680176,
        "inference_time": 0.033998727798461914
    },
    "6": {
        "trees_by_client": 70,
        "first_server_serialise_trees_size": 57123,
        "fit_time": 0.9036202430725098,
        "client_serialise_trees_size": 1826519,
        "final_server_serialise_trees_size": 9314489,
        "f1_score": 0.965179487555155,
        "mcc": 0.9475601902671796,
        "accuracy": 0.9586070959264126,
        "precision": 0.9681205867447596,
        "recall": 0.9637910343135566,
        "confusion_matrix": [
            [
                0.9817987152034261,
                0.0010706638115631692,
                0.017130620985010708,
                0.0,
                0.0,
                0.0
            ],
            [
                0.021052631578947368,
                0.9526315789473684,
                0.015789473684210527,
                0.0,
                0.010526315789473684,
                0.0
            ],
            [
                0.032520325203252036,
                0.0,
                0.9626016260162602,
                0.0,
                0.004878048780487805,
                0.0
            ],
            [
                0.0,
                0.0,
                0.0,
                1.0,
                0.0,
                0.0
            ],
            [
                0.0,
                0.01680672268907563,
                0.09747899159663866,
                0.0,
                0.8857142857142857,
                0.0
            ],
            [
                0.0,
                0.0,
                0.0,
                0.0,
                0.0,
                1.0
            ]
        ],
        "confusion_matrix_labels": [
            "DoS/DDoS",
            "Info_Gathering",
            "Injection",
            "MITM",
            "Malware",
            "Normal"
        ],
        "round_time": 7.0982701778411865,
        "round_start_time": 1772640495.5014818,
        "round_end_time": 1772640502.599752,
        "evaluate_time": 0.42493557929992676,
        "inference_time": 0.044745683670043945
    },
    "7": {
        "trees_by_client": 80,
        "first_server_serialise_trees_size": 66042,
        "fit_time": 0.936164140701294,
        "client_serialise_trees_size": 2168959,
        "final_server_serialise_trees_size": 10598409,
        "f1_score": 0.9654582244656251,
        "mcc": 0.9480274387055524,
        "accuracy": 0.9589356110381078,
        "precision": 0.9685772596485854,
        "recall": 0.964052927688793,
        "confusion_matrix": [
            [
                0.9817987152034261,
                0.0010706638115631692,
                0.017130620985010708,
                0.0,
                0.0,
                0.0
            ],
            [
                0.021052631578947368,
                0.9526315789473684,
                0.015789473684210527,
                0.0,
                0.010526315789473684,
                0.0
            ],
            [
                0.032520325203252036,
                0.0,
                0.9658536585365853,
                0.0,
                0.0016260162601626016,
                0.0
            ],
            [
                0.0,
                0.0,
                0.0,
                1.0,
                0.0,
                0.0
            ],
            [
                0.0,
                0.01680672268907563,
                0.09915966386554621,
                0.0,
                0.8840336134453781,
                0.0
            ],
            [
                0.0,
                0.0,
                0.0,
                0.0,
                0.0,
                1.0
            ]
        ],
        "confusion_matrix_labels": [
            "DoS/DDoS",
            "Info_Gathering",
            "Injection",
            "MITM",
            "Malware",
            "Normal"
        ],
        "round_time": 7.655957221984863,
        "round_start_time": 1772640517.776518,
        "round_end_time": 1772640525.4324753,
        "evaluate_time": 0.3066825866699219,
        "inference_time": 0.03499603271484375
    },
    "8": {
        "trees_by_client": 90,
        "first_server_serialise_trees_size": 74995,
        "fit_time": 0.8642866611480713,
        "client_serialise_trees_size": 2413828,
        "final_server_serialise_trees_size": 11847019,
        "f1_score": 0.9654582244656251,
        "mcc": 0.9480274387055524,
        "accuracy": 0.9589356110381078,
        "precision": 0.9685772596485854,
        "recall": 0.964052927688793,
        "confusion_matrix": [
            [
                0.9817987152034261,
                0.0010706638115631692,
                0.017130620985010708,
                0.0,
                0.0,
                0.0
            ],
            [
                0.021052631578947368,
                0.9526315789473684,
                0.015789473684210527,
                0.0,
                0.010526315789473684,
                0.0
            ],
            [
                0.032520325203252036,
                0.0,
                0.9658536585365853,
                0.0,
                0.0016260162601626016,
                0.0
            ],
            [
                0.0,
                0.0,
                0.0,
                1.0,
                0.0,
                0.0
            ],
            [
                0.0,
                0.01680672268907563,
                0.09915966386554621,
                0.0,
                0.8840336134453781,
                0.0
            ],
            [
                0.0,
                0.0,
                0.0,
                0.0,
                0.0,
                1.0
            ]
        ],
        "confusion_matrix_labels": [
            "DoS/DDoS",
            "Info_Gathering",
            "Injection",
            "MITM",
            "Malware",
            "Normal"
        ],
        "round_time": 8.78929877281189,
        "round_start_time": 1772640540.5517738,
        "round_end_time": 1772640549.3410726,
        "evaluate_time": 0.5008878707885742,
        "inference_time": 0.059325218200683594
    },
    "9": {
        "trees_by_client": 100,
        "first_server_serialise_trees_size": 85096,
        "fit_time": 1.3328535556793213,
        "client_serialise_trees_size": 2646453,
        "final_server_serialise_trees_size": 13062942,
        "f1_score": 0.9657744022494109,
        "mcc": 0.9484491823003315,
        "accuracy": 0.9592641261498029,
        "precision": 0.9687617240869982,
        "recall": 0.964491524180021,
        "confusion_matrix": [
            [
                0.9817987152034261,
                0.0010706638115631692,
                0.017130620985010708,
                0.0,
                0.0,
                0.0
            ],
            [
                0.018421052631578946,
                0.9552631578947368,
                0.015789473684210527,
                0.0,
                0.010526315789473684,
                0.0
            ],
            [
                0.032520325203252036,
                0.0,
                0.9658536585365853,
                0.0,
                0.0016260162601626016,
                0.0
            ],
            [
                0.0,
                0.0,
                0.0,
                1.0,
                0.0,
                0.0
            ],
            [
                0.0,
                0.01680672268907563,
                0.09915966386554621,
                0.0,
                0.8840336134453781,
                0.0
            ],
            [
                0.0,
                0.0,
                0.0,
                0.0,
                0.0,
                1.0
            ]
        ],
        "confusion_matrix_labels": [
            "DoS/DDoS",
            "Info_Gathering",
            "Injection",
            "MITM",
            "Malware",
            "Normal"
        ],
        "round_time": 9.30496883392334,
        "round_start_time": 1772640564.5124962,
        "round_end_time": 1772640573.817465,
        "evaluate_time": 0.44521617889404297,
        "inference_time": 0.06223773956298828
    },
    "10": {
        "trees_by_client": 110,
        "first_server_serialise_trees_size": 94892,
        "fit_time": 1.4895050525665283,
        "client_serialise_trees_size": 2913952,
        "final_server_serialise_trees_size": 14437789,
        "f1_score": 0.9660499121287945,
        "mcc": 0.9488220976824954,
        "accuracy": 0.959592641261498,
        "precision": 0.96886517691886,
        "recall": 0.9647807455596299,
        "confusion_matrix": [
            [
                0.9817987152034261,
                0.0010706638115631692,
                0.017130620985010708,
                0.0,
                0.0,
                0.0
            ],
            [
                0.018421052631578946,
                0.9552631578947368,
                0.015789473684210527,
                0.0,
                0.010526315789473684,
                0.0
            ],
            [
                0.032520325203252036,
                0.0,
                0.9642276422764228,
                0.0,
                0.0032520325203252032,
                0.0
            ],
            [
                0.0,
                0.0,
                0.0,
                1.0,
                0.0,
                0.0
            ],
            [
                0.0,
                0.01680672268907563,
                0.0957983193277311,
                0.0,
                0.8873949579831932,
                0.0
            ],
            [
                0.0,
                0.0,
                0.0,
                0.0,
                0.0,
                1.0
            ]
        ],
        "confusion_matrix_labels": [
            "DoS/DDoS",
            "Info_Gathering",
            "Injection",
            "MITM",
            "Malware",
            "Normal"
        ],
        "round_time": 11.040457725524902,
        "round_start_time": 1772640588.9735093,
        "round_end_time": 1772640600.013967,
        "evaluate_time": 0.5742831230163574,
        "inference_time": 0.054718732833862305
    },
    "11": {
        "trees_by_client": 120,
        "first_server_serialise_trees_size": 103871,
        "fit_time": 1.6137168407440186,
        "client_serialise_trees_size": 3200039,
        "final_server_serialise_trees_size": 15651209,
        "f1_score": 0.9657744022494109,
        "mcc": 0.9484491823003315,
        "accuracy": 0.9592641261498029,
        "precision": 0.9687617240869982,
        "recall": 0.964491524180021,
        "confusion_matrix": [
            [
                0.9817987152034261,
                0.0010706638115631692,
                0.017130620985010708,
                0.0,
                0.0,
                0.0
            ],
            [
                0.018421052631578946,
                0.9552631578947368,
                0.015789473684210527,
                0.0,
                0.010526315789473684,
                0.0
            ],
            [
                0.032520325203252036,
                0.0,
                0.9658536585365853,
                0.0,
                0.0016260162601626016,
                0.0
            ],
            [
                0.0,
                0.0,
                0.0,
                1.0,
                0.0,
                0.0
            ],
            [
                0.0,
                0.01680672268907563,
                0.09915966386554621,
                0.0,
                0.8840336134453781,
                0.0
            ],
            [
                0.0,
                0.0,
                0.0,
                0.0,
                0.0,
                1.0
            ]
        ],
        "confusion_matrix_labels": [
            "DoS/DDoS",
            "Info_Gathering",
            "Injection",
            "MITM",
            "Malware",
            "Normal"
        ],
        "round_time": 11.438855648040771,
        "round_start_time": 1772640615.1694767,
        "round_end_time": 1772640626.6083324,
        "evaluate_time": 0.5488450527191162,
        "inference_time": 0.06917953491210938
    },
    "12": {
        "trees_by_client": 130,
        "first_server_serialise_trees_size": 113532,
        "fit_time": 1.2784366607666016,
        "client_serialise_trees_size": 3458424,
        "final_server_serialise_trees_size": 17041705,
        "f1_score": 0.9669211128190357,
        "mcc": 0.950115309870795,
        "accuracy": 0.9605781865965834,
        "precision": 0.9697276011863295,
        "recall": 0.9657613474709121,
        "confusion_matrix": [
            [
                0.9817987152034261,
                0.0010706638115631692,
                0.017130620985010708,
                0.0,
                0.0,
                0.0
            ],
            [
                0.015789473684210527,
                0.9578947368421052,
                0.015789473684210527,
                0.0,
                0.010526315789473684,
                0.0
            ],
            [
                0.032520325203252036,
                0.0,
                0.967479674796748,
                0.0,
                0.0,
                0.0
            ],
            [
                0.0,
                0.0,
                0.0,
                1.0,
                0.0,
                0.0
            ],
            [
                0.0,
                0.01680672268907563,
                0.0957983193277311,
                0.0,
                0.8873949579831932,
                0.0
            ],
            [
                0.0,
                0.0,
                0.0,
                0.0,
                0.0,
                1.0
            ]
        ],
        "confusion_matrix_labels": [
            "DoS/DDoS",
            "Info_Gathering",
            "Injection",
            "MITM",
            "Malware",
            "Normal"
        ],
        "round_time": 12.824518203735352,
        "round_start_time": 1772640641.7955718,
        "round_end_time": 1772640654.62009,
        "evaluate_time": 0.33155131340026855,
        "inference_time": 0.0410313606262207
    },
    "13": {
        "trees_by_client": 140,
        "first_server_serialise_trees_size": 123213,
        "fit_time": 1.2864809036254883,
        "client_serialise_trees_size": 3665490,
        "final_server_serialise_trees_size": 18414558,
        "f1_score": 0.9657744022494109,
        "mcc": 0.9484491823003315,
        "accuracy": 0.9592641261498029,
        "precision": 0.9687617240869982,
        "recall": 0.964491524180021,
        "confusion_matrix": [
            [
                0.9817987152034261,
                0.0010706638115631692,
                0.017130620985010708,
                0.0,
                0.0,
                0.0
            ],
            [
                0.018421052631578946,
                0.9552631578947368,
                0.015789473684210527,
                0.0,
                0.010526315789473684,
                0.0
            ],
            [
                0.032520325203252036,
                0.0,
                0.9658536585365853,
                0.0,
                0.0016260162601626016,
                0.0
            ],
            [
                0.0,
                0.0,
                0.0,
                1.0,
                0.0,
                0.0
            ],
            [
                0.0,
                0.01680672268907563,
                0.09915966386554621,
                0.0,
                0.8840336134453781,
                0.0
            ],
            [
                0.0,
                0.0,
                0.0,
                0.0,
                0.0,
                1.0
            ]
        ],
        "confusion_matrix_labels": [
            "DoS/DDoS",
            "Info_Gathering",
            "Injection",
            "MITM",
            "Malware",
            "Normal"
        ],
        "round_time": 11.724066972732544,
        "round_start_time": 1772640669.7135317,
        "round_end_time": 1772640681.4375987,
        "evaluate_time": 0.5929267406463623,
        "inference_time": 0.11105942726135254
    },
    "14": {
        "trees_by_client": 150,
        "first_server_serialise_trees_size": 132461,
        "fit_time": 1.4166207313537598,
        "client_serialise_trees_size": 3973676,
        "final_server_serialise_trees_size": 19644190,
        "f1_score": 0.9657359431211466,
        "mcc": 0.9484638184513959,
        "accuracy": 0.9592641261498029,
        "precision": 0.9689183497883276,
        "recall": 0.9643239303988201,
        "confusion_matrix": [
            [
                0.9817987152034261,
                0.0010706638115631692,
                0.017130620985010708,
                0.0,
                0.0,
                0.0
            ],
            [
                0.021052631578947368,
                0.9526315789473684,
                0.015789473684210527,
                0.0,
                0.010526315789473684,
                0.0
            ],
            [
                0.032520325203252036,
                0.0,
                0.967479674796748,
                0.0,
                0.0,
                0.0
            ],
            [
                0.0,
                0.0,
                0.0,
                1.0,
                0.0,
                0.0
            ],
            [
                0.0,
                0.01680672268907563,
                0.09915966386554621,
                0.0,
                0.8840336134453781,
                0.0
            ],
            [
                0.0,
                0.0,
                0.0,
                0.0,
                0.0,
                1.0
            ]
        ],
        "confusion_matrix_labels": [
            "DoS/DDoS",
            "Info_Gathering",
            "Injection",
            "MITM",
            "Malware",
            "Normal"
        ],
        "round_time": 13.545106887817383,
        "round_start_time": 1772640696.694471,
        "round_end_time": 1772640710.2395778,
        "evaluate_time": 0.6247107982635498,
        "inference_time": 0.06779909133911133
    },
    "15": {
        "trees_by_client": 160,
        "first_server_serialise_trees_size": 141717,
        "fit_time": 2.1531898975372314,
        "client_serialise_trees_size": 4280169,
        "final_server_serialise_trees_size": 21374722,
        "f1_score": 0.9654967130759492,
        "mcc": 0.9480131099192023,
        "accuracy": 0.9589356110381078,
        "precision": 0.9684217172245191,
        "recall": 0.964220521469994,
        "confusion_matrix": [
            [
                0.9817987152034261,
                0.0010706638115631692,
                0.017130620985010708,
                0.0,
                0.0,
                0.0
            ],
            [
                0.018421052631578946,
                0.9552631578947368,
                0.015789473684210527,
                0.0,
                0.010526315789473684,
                0.0
            ],
            [
                0.032520325203252036,
                0.0,
                0.9642276422764228,
                0.0,
                0.0032520325203252032,
                0.0
            ],
            [
                0.0,
                0.0,
                0.0,
                1.0,
                0.0,
                0.0
            ],
            [
                0.0,
                0.01680672268907563,
                0.09915966386554621,
                0.0,
                0.8840336134453781,
                0.0
            ],
            [
                0.0,
                0.0,
                0.0,
                0.0,
                0.0,
                1.0
            ]
        ],
        "confusion_matrix_labels": [
            "DoS/DDoS",
            "Info_Gathering",
            "Injection",
            "MITM",
            "Malware",
            "Normal"
        ],
        "round_time": 14.231367588043213,
        "round_start_time": 1772640725.4642527,
        "round_end_time": 1772640739.6956203,
        "evaluate_time": 0.5726625919342041,
        "inference_time": 0.10510730743408203
    },
    "16": {
        "trees_by_client": 170,
        "first_server_serialise_trees_size": 151942,
        "fit_time": 2.2067458629608154,
        "client_serialise_trees_size": 4454934,
        "final_server_serialise_trees_size": 22243129,
        "f1_score": 0.9660510819547449,
        "mcc": 0.9488532896581808,
        "accuracy": 0.959592641261498,
        "precision": 0.9689822803534097,
        "recall": 0.964771636224839,
        "confusion_matrix": [
            [
                0.9817987152034261,
                0.0010706638115631692,
                0.017130620985010708,
                0.0,
                0.0,
                0.0
            ],
            [
                0.018421052631578946,
                0.9552631578947368,
                0.015789473684210527,
                0.0,
                0.010526315789473684,
                0.0
            ],
            [
                0.032520325203252036,
                0.0,
                0.9658536585365853,
                0.0,
                0.0016260162601626016,
                0.0
            ],
            [
                0.0,
                0.0,
                0.0,
                1.0,
                0.0,
                0.0
            ],
            [
                0.0,
                0.01680672268907563,
                0.09747899159663866,
                0.0,
                0.8857142857142857,
                0.0
            ],
            [
                0.0,
                0.0,
                0.0,
                0.0,
                0.0,
                1.0
            ]
        ],
        "confusion_matrix_labels": [
            "DoS/DDoS",
            "Info_Gathering",
            "Injection",
            "MITM",
            "Malware",
            "Normal"
        ],
        "round_time": 15.213341236114502,
        "round_start_time": 1772640754.9394605,
        "round_end_time": 1772640770.1528018,
        "evaluate_time": 0.7176337242126465,
        "inference_time": 0.09829354286193848
    },
    "17": {
        "trees_by_client": 180,
        "first_server_serialise_trees_size": 160704,
        "fit_time": 2.5158705711364746,
        "client_serialise_trees_size": 4834788,
        "final_server_serialise_trees_size": 23501585,
        "f1_score": 0.9662892730497549,
        "mcc": 0.9492718308525172,
        "accuracy": 0.9599211563731932,
        "precision": 0.9693583790438872,
        "recall": 0.964884154488456,
        "confusion_matrix": [
            [
                0.9817987152034261,
                0.0010706638115631692,
                0.017130620985010708,
                0.0,
                0.0,
                0.0
            ],
            [
                0.021052631578947368,
                0.9526315789473684,
                0.015789473684210527,
                0.0,
                0.010526315789473684,
                0.0
            ],
            [
                0.032520325203252036,
                0.0,
                0.967479674796748,
                0.0,
                0.0,
                0.0
            ],
            [
                0.0,
                0.0,
                0.0,
                1.0,
                0.0,
                0.0
            ],
            [
                0.0,
                0.01680672268907563,
                0.0957983193277311,
                0.0,
                0.8873949579831932,
                0.0
            ],
            [
                0.0,
                0.0,
                0.0,
                0.0,
                0.0,
                1.0
            ]
        ],
        "confusion_matrix_labels": [
            "DoS/DDoS",
            "Info_Gathering",
            "Injection",
            "MITM",
            "Malware",
            "Normal"
        ],
        "round_time": 16.349780321121216,
        "round_start_time": 1772640785.3310673,
        "round_end_time": 1772640801.6808476,
        "evaluate_time": 0.8418710231781006,
        "inference_time": 0.10782957077026367
    },
    "18": {
        "trees_by_client": 190,
        "first_server_serialise_trees_size": 169684,
        "fit_time": 2.313166856765747,
        "client_serialise_trees_size": 5044232,
        "final_server_serialise_trees_size": 24964228,
        "f1_score": 0.9671568671040119,
        "mcc": 0.9504721895996314,
        "accuracy": 0.9609067017082786,
        "precision": 0.9698708910581688,
        "recall": 0.9658920844041107,
        "confusion_matrix": [
            [
                0.9817987152034261,
                0.0010706638115631692,
                0.017130620985010708,
                0.0,
                0.0,
                0.0
            ],
            [
                0.018421052631578946,
                0.9552631578947368,
                0.015789473684210527,
                0.0,
                0.010526315789473684,
                0.0
            ],
            [
                0.032520325203252036,
                0.0,
                0.9658536585365853,
                0.0,
                0.0016260162601626016,
                0.0
            ],
            [
                0.0,
                0.0,
                0.0,
                1.0,
                0.0,
                0.0
            ],
            [
                0.0,
                0.01680672268907563,
                0.0907563025210084,
                0.0,
                0.892436974789916,
                0.0
            ],
            [
                0.0,
                0.0,
                0.0,
                0.0,
                0.0,
                1.0
            ]
        ],
        "confusion_matrix_labels": [
            "DoS/DDoS",
            "Info_Gathering",
            "Injection",
            "MITM",
            "Malware",
            "Normal"
        ],
        "round_time": 16.571238040924072,
        "round_start_time": 1772640816.8464444,
        "round_end_time": 1772640833.4176824,
        "evaluate_time": 0.5818901062011719,
        "inference_time": 0.10905051231384277
    },
    "19": {
        "trees_by_client": 200,
        "first_server_serialise_trees_size": 178908,
        "fit_time": 2.8047564029693604,
        "client_serialise_trees_size": 5476715,
        "final_server_serialise_trees_size": 26496287,
        "f1_score": 0.9654571818901186,
        "mcc": 0.9479957479119674,
        "accuracy": 0.9589356110381078,
        "precision": 0.9684586650029829,
        "recall": 0.9640620370235838,
        "confusion_matrix": [
            [
                0.9817987152034261,
                0.0010706638115631692,
                0.017130620985010708,
                0.0,
                0.0,
                0.0
            ],
            [
                0.021052631578947368,
                0.9526315789473684,
                0.015789473684210527,
                0.0,
                0.010526315789473684,
                0.0
            ],
            [
                0.032520325203252036,
                0.0,
                0.9642276422764228,
                0.0,
                0.0032520325203252032,
                0.0
            ],
            [
                0.0,
                0.0,
                0.0,
                1.0,
                0.0,
                0.0
            ],
            [
                0.0,
                0.01680672268907563,
                0.09747899159663866,
                0.0,
                0.8857142857142857,
                0.0
