{
    "0": {
        "trees_by_client": 10,
        "first_server_serialise_trees_size": 9282,
        "fit_time": 0.06819415092468262,
        "client_serialise_trees_size": 263407,
        "final_server_serialise_trees_size": 1331549,
        "f1_score": 0.9654699322054426,
        "mcc": 0.9479993171006678,
        "accuracy": 0.9589356110381078,
        "precision": 0.968206701803137,
        "recall": 0.964322189546218,
        "confusion_matrix": [
            [
                0.9807280513918629,
                0.0021413276231263384,
                0.017130620985010708,
                0.0,
                0.0,
                0.0
            ],
            [
                0.018421052631578946,
                0.9552631578947368,
                0.015789473684210527,
                0.0,
                0.010526315789473684,
                0.0
            ],
            [
                0.032520325203252036,
                0.0,
                0.9642276422764228,
                0.0,
                0.0032520325203252032,
                0.0
            ],
            [
                0.0,
                0.0,
                0.0,
                1.0,
                0.0,
                0.0
            ],
            [
                0.0,
                0.01680672268907563,
                0.09747899159663866,
                0.0,
                0.8857142857142857,
                0.0
            ],
            [
                0.0,
                0.0,
                0.0,
                0.0,
                0.0,
                1.0
            ]
        ],
        "confusion_matrix_labels": [
            "DoS/DDoS",
            "Info_Gathering",
            "Injection",
            "MITM",
            "Malware",
            "Normal"
        ],
        "round_time": 41.87221431732178,
        "round_start_time": 1771783460.2346501,
        "round_end_time": 1771783502.1068645,
        "evaluate_time": 0.2559826374053955,
        "inference_time": 0.02740311622619629
    },
    "1": {
        "trees_by_client": 20,
        "first_server_serialise_trees_size": 9435,
        "fit_time": 0.1783759593963623,
        "client_serialise_trees_size": 541172,
        "final_server_serialise_trees_size": 2612964,
        "f1_score": 0.9654709747809491,
        "mcc": 0.9480309971812538,
        "accuracy": 0.9589356110381078,
        "precision": 0.9683252964487394,
        "recall": 0.9643130802114271,
        "confusion_matrix": [
            [
                0.9807280513918629,
                0.0021413276231263384,
                0.017130620985010708,
                0.0,
                0.0,
                0.0
            ],
            [
                0.018421052631578946,
                0.9552631578947368,
                0.015789473684210527,
                0.0,
                0.010526315789473684,
                0.0
            ],
            [
                0.032520325203252036,
                0.0,
                0.9658536585365853,
                0.0,
                0.0016260162601626016,
                0.0
            ],
            [
                0.0,
                0.0,
                0.0,
                1.0,
                0.0,
                0.0
            ],
            [
                0.0,
                0.01680672268907563,
                0.09915966386554621,
                0.0,
                0.8840336134453781,
                0.0
            ],
            [
                0.0,
                0.0,
                0.0,
                0.0,
                0.0,
                1.0
            ]
        ],
        "confusion_matrix_labels": [
            "DoS/DDoS",
            "Info_Gathering",
            "Injection",
            "MITM",
            "Malware",
            "Normal"
        ],
        "round_time": 3.2247560024261475,
        "round_start_time": 1771783517.8710072,
        "round_end_time": 1771783521.0957632,
        "evaluate_time": 0.19737625122070312,
        "inference_time": 0.014020919799804688
    },
    "2": {
        "trees_by_client": 30,
        "first_server_serialise_trees_size": 18931,
        "fit_time": 0.4087233543395996,
        "client_serialise_trees_size": 823435,
        "final_server_serialise_trees_size": 4037998,
        "f1_score": 0.9674347454326283,
        "mcc": 0.950907224752399,
        "accuracy": 0.9612352168199737,
        "precision": 0.9702076865783186,
        "recall": 0.9661630871141379,
        "confusion_matrix": [
            [
                0.9817987152034261,
                0.0010706638115631692,
                0.017130620985010708,
                0.0,
                0.0,
                0.0
            ],
            [
                0.018421052631578946,
                0.9552631578947368,
                0.015789473684210527,
                0.0,
                0.010526315789473684,
                0.0
            ],
            [
                0.032520325203252036,
                0.0,
                0.967479674796748,
                0.0,
                0.0,
                0.0
            ],
            [
                0.0,
                0.0,
                0.0,
                1.0,
                0.0,
                0.0
            ],
            [
                0.0,
                0.01680672268907563,
                0.0907563025210084,
                0.0,
                0.892436974789916,
                0.0
            ],
            [
                0.0,
                0.0,
                0.0,
                0.0,
                0.0,
                1.0
            ]
        ],
        "confusion_matrix_labels": [
            "DoS/DDoS",
            "Info_Gathering",
            "Injection",
            "MITM",
            "Malware",
            "Normal"
        ],
        "round_time": 3.9471259117126465,
        "round_start_time": 1771783536.2579474,
        "round_end_time": 1771783540.2050734,
        "evaluate_time": 0.2654893398284912,
        "inference_time": 0.021358966827392578
    },
    "3": {
        "trees_by_client": 40,
        "first_server_serialise_trees_size": 28391,
        "fit_time": 0.5311985015869141,
        "client_serialise_trees_size": 1066137,
        "final_server_serialise_trees_size": 5518043,
        "f1_score": 0.9657744022494109,
        "mcc": 0.9484491823003315,
        "accuracy": 0.9592641261498029,
        "precision": 0.9687617240869982,
        "recall": 0.964491524180021,
        "confusion_matrix": [
            [
                0.9817987152034261,
                0.0010706638115631692,
                0.017130620985010708,
                0.0,
                0.0,
                0.0
            ],
            [
                0.018421052631578946,
                0.9552631578947368,
                0.015789473684210527,
                0.0,
                0.010526315789473684,
                0.0
            ],
            [
                0.032520325203252036,
                0.0,
                0.9658536585365853,
                0.0,
                0.0016260162601626016,
                0.0
            ],
            [
                0.0,
                0.0,
                0.0,
                1.0,
                0.0,
                0.0
            ],
            [
                0.0,
                0.01680672268907563,
                0.09915966386554621,
                0.0,
                0.8840336134453781,
                0.0
            ],
            [
                0.0,
                0.0,
                0.0,
                0.0,
                0.0,
                1.0
            ]
        ],
        "confusion_matrix_labels": [
            "DoS/DDoS",
            "Info_Gathering",
            "Injection",
            "MITM",
            "Malware",
            "Normal"
        ],
        "round_time": 4.874369144439697,
        "round_start_time": 1771783555.3666513,
        "round_end_time": 1771783560.2410204,
        "evaluate_time": 0.2670712471008301,
        "inference_time": 0.02852654457092285
    },
    "4": {
        "trees_by_client": 50,
        "first_server_serialise_trees_size": 37641,
        "fit_time": 0.6940934658050537,
        "client_serialise_trees_size": 1346131,
        "final_server_serialise_trees_size": 6582358,
        "f1_score": 0.9657359431211466,
        "mcc": 0.9484638184513959,
        "accuracy": 0.9592641261498029,
        "precision": 0.9689183497883276,
        "recall": 0.9643239303988201,
        "confusion_matrix": [
            [
                0.9817987152034261,
                0.0010706638115631692,
                0.017130620985010708,
                0.0,
                0.0,
                0.0
            ],
            [
                0.021052631578947368,
                0.9526315789473684,
                0.015789473684210527,
                0.0,
                0.010526315789473684,
                0.0
            ],
            [
                0.032520325203252036,
                0.0,
                0.967479674796748,
                0.0,
                0.0,
                0.0
            ],
            [
                0.0,
                0.0,
                0.0,
                1.0,
                0.0,
                0.0
            ],
            [
                0.0,
                0.01680672268907563,
                0.09915966386554621,
                0.0,
                0.8840336134453781,
                0.0
            ],
            [
                0.0,
                0.0,
                0.0,
                0.0,
                0.0,
                1.0
            ]
        ],
        "confusion_matrix_labels": [
            "DoS/DDoS",
            "Info_Gathering",
            "Injection",
            "MITM",
            "Malware",
            "Normal"
        ],
        "round_time": 5.480684757232666,
        "round_start_time": 1771783575.4239283,
        "round_end_time": 1771783580.904613,
        "evaluate_time": 0.24743151664733887,
        "inference_time": 0.03539013862609863
    },
    "5": {
        "trees_by_client": 60,
        "first_server_serialise_trees_size": 47518,
        "fit_time": 0.7446925640106201,
        "client_serialise_trees_size": 1612791,
        "final_server_serialise_trees_size": 8031329,
        "f1_score": 0.9666054508335407,
        "mcc": 0.9496934693971595,
        "accuracy": 0.9602496714848883,
        "precision": 0.9695428434823001,
        "recall": 0.9653227509796839,
        "confusion_matrix": [
            [
                0.9817987152034261,
                0.0010706638115631692,
                0.017130620985010708,
                0.0,
                0.0,
                0.0
            ],
            [
                0.018421052631578946,
                0.9552631578947368,
                0.015789473684210527,
                0.0,
                0.010526315789473684,
                0.0
            ],
            [
                0.032520325203252036,
                0.0,
                0.967479674796748,
                0.0,
                0.0,
                0.0
            ],
            [
                0.0,
                0.0,
                0.0,
                1.0,
                0.0,
                0.0
            ],
            [
                0.0,
                0.01680672268907563,
                0.0957983193277311,
                0.0,
                0.8873949579831932,
                0.0
            ],
            [
                0.0,
                0.0,
                0.0,
                0.0,
                0.0,
                1.0
            ]
        ],
        "confusion_matrix_labels": [
            "DoS/DDoS",
            "Info_Gathering",
            "Injection",
            "MITM",
            "Malware",
            "Normal"
        ],
        "round_time": 7.086907863616943,
        "round_start_time": 1771783596.1040485,
        "round_end_time": 1771783603.1909564,
        "evaluate_time": 0.18405818939208984,
        "inference_time": 0.02011585235595703
    },
    "6": {
        "trees_by_client": 70,
        "first_server_serialise_trees_size": 56943,
        "fit_time": 0.6240622997283936,
        "client_serialise_trees_size": 1808351,
        "final_server_serialise_trees_size": 9304384,
        "f1_score": 0.9665657967822673,
        "mcc": 0.9496762072485266,
        "accuracy": 0.9602496714848883,
        "precision": 0.9695793505726229,
        "recall": 0.9651642665332739,
        "confusion_matrix": [
            [
                0.9817987152034261,
                0.0010706638115631692,
                0.017130620985010708,
                0.0,
                0.0,
                0.0
            ],
            [
                0.021052631578947368,
                0.9526315789473684,
                0.015789473684210527,
                0.0,
                0.010526315789473684,
                0.0
            ],
            [
                0.032520325203252036,
                0.0,
                0.967479674796748,
                0.0,
                0.0,
                0.0
            ],
            [
                0.0,
                0.0,
                0.0,
                1.0,
                0.0,
                0.0
            ],
            [
                0.0,
                0.01680672268907563,
                0.09411764705882353,
                0.0,
                0.8890756302521008,
                0.0
            ],
            [
                0.0,
                0.0,
                0.0,
                0.0,
                0.0,
                1.0
            ]
        ],
        "confusion_matrix_labels": [
            "DoS/DDoS",
            "Info_Gathering",
            "Injection",
            "MITM",
            "Malware",
            "Normal"
        ],
        "round_time": 6.397416114807129,
        "round_start_time": 1771783618.263974,
        "round_end_time": 1771783624.66139,
        "evaluate_time": 0.4166600704193115,
        "inference_time": 0.0427396297454834
    },
    "7": {
        "trees_by_client": 80,
        "first_server_serialise_trees_size": 66083,
        "fit_time": 0.7406525611877441,
        "client_serialise_trees_size": 2153997,
        "final_server_serialise_trees_size": 10469393,
        "f1_score": 0.9660521209049326,
        "mcc": 0.9488855345609207,
        "accuracy": 0.959592641261498,
        "precision": 0.9691028142267403,
        "recall": 0.964762526890048,
        "confusion_matrix": [
            [
                0.9817987152034261,
                0.0010706638115631692,
                0.017130620985010708,
                0.0,
                0.0,
                0.0
            ],
            [
                0.018421052631578946,
                0.9552631578947368,
                0.015789473684210527,
                0.0,
                0.010526315789473684,
                0.0
            ],
            [
                0.032520325203252036,
                0.0,
                0.967479674796748,
                0.0,
                0.0,
                0.0
            ],
            [
                0.0,
                0.0,
                0.0,
                1.0,
                0.0,
                0.0
            ],
            [
                0.0,
                0.01680672268907563,
                0.09915966386554621,
                0.0,
                0.8840336134453781,
                0.0
            ],
            [
                0.0,
                0.0,
                0.0,
                0.0,
                0.0,
                1.0
            ]
        ],
        "confusion_matrix_labels": [
            "DoS/DDoS",
            "Info_Gathering",
            "Injection",
            "MITM",
            "Malware",
            "Normal"
        ],
        "round_time": 7.804697751998901,
        "round_start_time": 1771783639.829082,
        "round_end_time": 1771783647.6337798,
        "evaluate_time": 0.42264223098754883,
        "inference_time": 0.04717731475830078
    },
    "8": {
        "trees_by_client": 90,
        "first_server_serialise_trees_size": 75506,
        "fit_time": 1.2833616733551025,
        "client_serialise_trees_size": 2370354,
        "final_server_serialise_trees_size": 11948646,
        "f1_score": 0.9660521209049326,
        "mcc": 0.9488855345609207,
        "accuracy": 0.959592641261498,
        "precision": 0.9691028142267403,
        "recall": 0.964762526890048,
        "confusion_matrix": [
            [
                0.9817987152034261,
                0.0010706638115631692,
                0.017130620985010708,
                0.0,
                0.0,
                0.0
            ],
            [
                0.018421052631578946,
                0.9552631578947368,
                0.015789473684210527,
                0.0,
                0.010526315789473684,
                0.0
            ],
            [
                0.032520325203252036,
                0.0,
                0.967479674796748,
                0.0,
                0.0,
                0.0
            ],
            [
                0.0,
                0.0,
                0.0,
                1.0,
                0.0,
                0.0
            ],
            [
                0.0,
                0.01680672268907563,
                0.09915966386554621,
                0.0,
                0.8840336134453781,
                0.0
            ],
            [
                0.0,
                0.0,
                0.0,
                0.0,
                0.0,
                1.0
            ]
        ],
        "confusion_matrix_labels": [
            "DoS/DDoS",
            "Info_Gathering",
            "Injection",
            "MITM",
            "Malware",
            "Normal"
        ],
        "round_time": 8.845005750656128,
        "round_start_time": 1771783662.7555468,
        "round_end_time": 1771783671.6005526,
        "evaluate_time": 0.4882047176361084,
        "inference_time": 0.05291748046875
    },
    "9": {
        "trees_by_client": 100,
        "first_server_serialise_trees_size": 85017,
        "fit_time": 0.9709672927856445,
        "client_serialise_trees_size": 2666846,
        "final_server_serialise_trees_size": 13185110,
        "f1_score": 0.9657733596739044,
        "mcc": 0.9484174803920603,
        "accuracy": 0.9592641261498029,
        "precision": 0.9686431294413956,
        "recall": 0.964500633514812,
        "confusion_matrix": [
            [
                0.9817987152034261,
                0.0010706638115631692,
                0.017130620985010708,
                0.0,
                0.0,
                0.0
            ],
            [
                0.018421052631578946,
                0.9552631578947368,
                0.015789473684210527,
                0.0,
                0.010526315789473684,
                0.0
            ],
            [
                0.032520325203252036,
                0.0,
                0.9642276422764228,
                0.0,
                0.0032520325203252032,
                0.0
            ],
            [
                0.0,
                0.0,
                0.0,
                1.0,
                0.0,
                0.0
            ],
            [
                0.0,
                0.01680672268907563,
                0.09747899159663866,
                0.0,
                0.8857142857142857,
                0.0
            ],
            [
                0.0,
                0.0,
                0.0,
                0.0,
                0.0,
                1.0
            ]
        ],
        "confusion_matrix_labels": [
            "DoS/DDoS",
            "Info_Gathering",
            "Injection",
            "MITM",
            "Malware",
            "Normal"
        ],
        "round_time": 9.53866720199585,
        "round_start_time": 1771783686.7469842,
        "round_end_time": 1771783696.2856514,
        "evaluate_time": 0.5293781757354736,
        "inference_time": 0.07033920288085938
    },
    "10": {
        "trees_by_client": 110,
        "first_server_serialise_trees_size": 94613,
        "fit_time": 1.4334454536437988,
        "client_serialise_trees_size": 2961856,
        "final_server_serialise_trees_size": 14462897,
        "f1_score": 0.9671584057085015,
        "mcc": 0.9505023921458158,
        "accuracy": 0.9609067017082786,
        "precision": 0.969985428390235,
        "recall": 0.96588297506932,
        "confusion_matrix": [
            [
                0.9817987152034261,
                0.0010706638115631692,
                0.017130620985010708,
                0.0,
                0.0,
                0.0
            ],
            [
                0.018421052631578946,
                0.9552631578947368,
                0.015789473684210527,
                0.0,
                0.010526315789473684,
                0.0
            ],
            [
                0.032520325203252036,
                0.0,
                0.967479674796748,
                0.0,
                0.0,
                0.0
            ],
            [
                0.0,
                0.0,
                0.0,
                1.0,
                0.0,
                0.0
            ],
            [
                0.0,
                0.01680672268907563,
                0.09243697478991597,
                0.0,
                0.8907563025210085,
                0.0
            ],
            [
                0.0,
                0.0,
                0.0,
                0.0,
                0.0,
                1.0
            ]
        ],
        "confusion_matrix_labels": [
            "DoS/DDoS",
            "Info_Gathering",
            "Injection",
            "MITM",
            "Malware",
            "Normal"
        ],
        "round_time": 11.098045587539673,
        "round_start_time": 1771783711.4979641,
        "round_end_time": 1771783722.5960097,
        "evaluate_time": 0.2774486541748047,
        "inference_time": 0.034439802169799805
    },
    "11": {
        "trees_by_client": 120,
        "first_server_serialise_trees_size": 104004,
        "fit_time": 1.291877269744873,
        "client_serialise_trees_size": 3171364,
        "final_server_serialise_trees_size": 15867846,
        "f1_score": 0.9654967130759492,
        "mcc": 0.9480131099192023,
        "accuracy": 0.9589356110381078,
        "precision": 0.9684217172245191,
        "recall": 0.964220521469994,
        "confusion_matrix": [
            [
                0.9817987152034261,
                0.0010706638115631692,
                0.017130620985010708,
                0.0,
                0.0,
                0.0
            ],
            [
                0.018421052631578946,
                0.9552631578947368,
                0.015789473684210527,
                0.0,
                0.010526315789473684,
                0.0
            ],
            [
                0.032520325203252036,
                0.0,
                0.9642276422764228,
                0.0,
                0.0032520325203252032,
                0.0
            ],
            [
                0.0,
                0.0,
                0.0,
                1.0,
                0.0,
                0.0
            ],
            [
                0.0,
                0.01680672268907563,
                0.09915966386554621,
                0.0,
                0.8840336134453781,
                0.0
            ],
            [
                0.0,
                0.0,
                0.0,
                0.0,
                0.0,
                1.0
            ]
        ],
        "confusion_matrix_labels": [
            "DoS/DDoS",
            "Info_Gathering",
            "Injection",
            "MITM",
            "Malware",
            "Normal"
        ],
        "round_time": 10.192851066589355,
        "round_start_time": 1771783737.6839643,
        "round_end_time": 1771783747.8768153,
        "evaluate_time": 0.5839383602142334,
        "inference_time": 0.0803372859954834
    },
    "12": {
        "trees_by_client": 130,
        "first_server_serialise_trees_size": 113416,
        "fit_time": 1.7095344066619873,
        "client_serialise_trees_size": 3453116,
        "final_server_serialise_trees_size": 17425310,
        "f1_score": 0.9657359431211466,
        "mcc": 0.9484638184513959,
        "accuracy": 0.9592641261498029,
        "precision": 0.9689183497883276,
        "recall": 0.9643239303988201,
        "confusion_matrix": [
            [
                0.9817987152034261,
                0.0010706638115631692,
                0.017130620985010708,
                0.0,
                0.0,
                0.0
            ],
            [
                0.021052631578947368,
                0.9526315789473684,
                0.015789473684210527,
                0.0,
                0.010526315789473684,
                0.0
            ],
            [
                0.032520325203252036,
                0.0,
                0.967479674796748,
                0.0,
                0.0,
                0.0
            ],
            [
                0.0,
                0.0,
                0.0,
                1.0,
                0.0,
                0.0
            ],
            [
                0.0,
                0.01680672268907563,
                0.09915966386554621,
                0.0,
                0.8840336134453781,
                0.0
            ],
            [
                0.0,
                0.0,
                0.0,
                0.0,
                0.0,
                1.0
            ]
        ],
        "confusion_matrix_labels": [
            "DoS/DDoS",
            "Info_Gathering",
            "Injection",
            "MITM",
            "Malware",
            "Normal"
        ],
        "round_time": 11.63296890258789,
        "round_start_time": 1771783763.112964,
        "round_end_time": 1771783774.7459328,
        "evaluate_time": 0.5188760757446289,
        "inference_time": 0.09425544738769531
    },
    "13": {
        "trees_by_client": 140,
        "first_server_serialise_trees_size": 123628,
        "fit_time": 1.918757677078247,
        "client_serialise_trees_size": 3724978,
        "final_server_serialise_trees_size": 18590080,
        "f1_score": 0.9660521209049326,
        "mcc": 0.9488855345609207,
        "accuracy": 0.959592641261498,
        "precision": 0.9691028142267403,
        "recall": 0.964762526890048,
        "confusion_matrix": [
            [
                0.9817987152034261,
                0.0010706638115631692,
                0.017130620985010708,
                0.0,
                0.0,
                0.0
            ],
            [
                0.018421052631578946,
                0.9552631578947368,
                0.015789473684210527,
                0.0,
                0.010526315789473684,
                0.0
            ],
            [
                0.032520325203252036,
                0.0,
                0.967479674796748,
                0.0,
                0.0,
                0.0
            ],
            [
                0.0,
                0.0,
                0.0,
                1.0,
                0.0,
                0.0
            ],
            [
                0.0,
                0.01680672268907563,
                0.09915966386554621,
                0.0,
                0.8840336134453781,
                0.0
            ],
            [
                0.0,
                0.0,
                0.0,
                0.0,
                0.0,
                1.0
            ]
        ],
        "confusion_matrix_labels": [
            "DoS/DDoS",
            "Info_Gathering",
            "Injection",
            "MITM",
            "Malware",
            "Normal"
        ],
        "round_time": 12.429173231124878,
        "round_start_time": 1771783789.968942,
        "round_end_time": 1771783802.3981152,
        "evaluate_time": 0.553292989730835,
        "inference_time": 0.0948026180267334
    },
    "14": {
        "trees_by_client": 150,
        "first_server_serialise_trees_size": 131453,
        "fit_time": 2.0886008739471436,
        "client_serialise_trees_size": 4057849,
        "final_server_serialise_trees_size": 19675828,
        "f1_score": 0.9671584057085015,
        "mcc": 0.9505023921458158,
        "accuracy": 0.9609067017082786,
        "precision": 0.969985428390235,
        "recall": 0.96588297506932,
        "confusion_matrix": [
            [
                0.9817987152034261,
                0.0010706638115631692,
                0.017130620985010708,
                0.0,
                0.0,
                0.0
            ],
            [
                0.018421052631578946,
                0.9552631578947368,
                0.015789473684210527,
                0.0,
                0.010526315789473684,
                0.0
            ],
            [
                0.032520325203252036,
                0.0,
                0.967479674796748,
                0.0,
                0.0,
                0.0
            ],
            [
                0.0,
                0.0,
                0.0,
                1.0,
                0.0,
                0.0
            ],
            [
                0.0,
                0.01680672268907563,
                0.09243697478991597,
                0.0,
                0.8907563025210085,
                0.0
            ],
            [
                0.0,
                0.0,
                0.0,
                0.0,
                0.0,
                1.0
            ]
        ],
        "confusion_matrix_labels": [
            "DoS/DDoS",
            "Info_Gathering",
            "Injection",
            "MITM",
            "Malware",
            "Normal"
        ],
        "round_time": 12.955564498901367,
        "round_start_time": 1771783817.6299443,
        "round_end_time": 1771783830.5855088,
        "evaluate_time": 0.6696648597717285,
        "inference_time": 0.08197689056396484
    },
    "15": {
        "trees_by_client": 160,
        "first_server_serialise_trees_size": 141657,
        "fit_time": 1.5514378547668457,
        "client_serialise_trees_size": 4345384,
        "final_server_serialise_trees_size": 21160140,
        "f1_score": 0.9660114893361929,
        "mcc": 0.9488359775802471,
        "accuracy": 0.959592641261498,
        "precision": 0.969019007787803,
        "recall": 0.9646131517784289,
        "confusion_matrix": [
            [
                0.9817987152034261,
                0.0010706638115631692,
                0.017130620985010708,
                0.0,
                0.0,
                0.0
            ],
            [
                0.021052631578947368,
                0.9526315789473684,
                0.015789473684210527,
                0.0,
                0.010526315789473684,
                0.0
            ],
            [
                0.032520325203252036,
                0.0,
                0.9658536585365853,
                0.0,
                0.0016260162601626016,
                0.0
            ],
            [
                0.0,
                0.0,
                0.0,
                1.0,
                0.0,
                0.0
            ],
            [
                0.0,
                0.01680672268907563,
                0.0957983193277311,
                0.0,
                0.8873949579831932,
                0.0
            ],
            [
                0.0,
                0.0,
                0.0,
                0.0,
                0.0,
                1.0
            ]
        ],
        "confusion_matrix_labels": [
            "DoS/DDoS",
            "Info_Gathering",
            "Injection",
            "MITM",
            "Malware",
            "Normal"
        ],
        "round_time": 14.558472394943237,
        "round_start_time": 1771783845.7969377,
        "round_end_time": 1771783860.35541,
        "evaluate_time": 0.7467708587646484,
        "inference_time": 0.08766913414001465
    },
    "16": {
        "trees_by_client": 170,
        "first_server_serialise_trees_size": 150750,
        "fit_time": 2.1359140872955322,
        "client_serialise_trees_size": 4571877,
        "final_server_serialise_trees_size": 22569413,
        "f1_score": 0.966012655554155,
        "mcc": 0.9488677013552751,
        "accuracy": 0.959592641261498,
        "precision": 0.9691380464240615,
        "recall": 0.9646040424436381,
        "confusion_matrix": [
            [
                0.9817987152034261,
                0.0010706638115631692,
                0.017130620985010708,
                0.0,
                0.0,
                0.0
            ],
            [
                0.021052631578947368,
                0.9526315789473684,
                0.015789473684210527,
                0.0,
                0.010526315789473684,
                0.0
            ],
            [
                0.032520325203252036,
                0.0,
                0.967479674796748,
                0.0,
                0.0,
                0.0
            ],
            [
                0.0,
                0.0,
                0.0,
                1.0,
                0.0,
                0.0
            ],
            [
                0.0,
                0.01680672268907563,
                0.09747899159663866,
                0.0,
                0.8857142857142857,
                0.0
            ],
            [
                0.0,
                0.0,
                0.0,
                0.0,
                0.0,
                1.0
            ]
        ],
        "confusion_matrix_labels": [
            "DoS/DDoS",
            "Info_Gathering",
            "Injection",
            "MITM",
            "Malware",
            "Normal"
        ],
        "round_time": 14.6234450340271,
        "round_start_time": 1771783875.5679603,
        "round_end_time": 1771783890.1914053,
        "evaluate_time": 0.8169150352478027,
        "inference_time": 0.10837578773498535
    },
    "17": {
        "trees_by_client": 180,
        "first_server_serialise_trees_size": 160974,
        "fit_time": 2.2443315982818604,
        "client_serialise_trees_size": 4805829,
        "final_server_serialise_trees_size": 23784881,
        "f1_score": 0.9654967130759492,
        "mcc": 0.9480131099192023,
        "accuracy": 0.9589356110381078,
        "precision": 0.9684217172245191,
        "recall": 0.964220521469994,
        "confusion_matrix": [
            [
                0.9817987152034261,
                0.0010706638115631692,
                0.017130620985010708,
                0.0,
                0.0,
                0.0
            ],
            [
                0.018421052631578946,
                0.9552631578947368,
                0.015789473684210527,
                0.0,
                0.010526315789473684,
                0.0
            ],
            [
                0.032520325203252036,
                0.0,
                0.9642276422764228,
                0.0,
                0.0032520325203252032,
                0.0
            ],
            [
                0.0,
                0.0,
                0.0,
                1.0,
                0.0,
                0.0
            ],
            [
                0.0,
                0.01680672268907563,
                0.09915966386554621,
                0.0,
                0.8840336134453781,
                0.0
            ],
            [
                0.0,
                0.0,
                0.0,
                0.0,
                0.0,
                1.0
            ]
        ],
        "confusion_matrix_labels": [
            "DoS/DDoS",
            "Info_Gathering",
            "Injection",
            "MITM",
            "Malware",
            "Normal"
        ],
        "round_time": 15.409202575683594,
        "round_start_time": 1771783905.3820922,
        "round_end_time": 1771783920.7912948,
        "evaluate_time": 0.772207498550415,
        "inference_time": 0.07910776138305664
    },
    "18": {
        "trees_by_client": 190,
        "first_server_serialise_trees_size": 171095,
        "fit_time": 2.240718364715576,
        "client_serialise_trees_size": 5080646,
        "final_server_serialise_trees_size": 24941632,
        "f1_score": 0.9660510819547449,
        "mcc": 0.9488532896581808,
        "accuracy": 0.959592641261498,
        "precision": 0.9689822803534097,
        "recall": 0.964771636224839,
        "confusion_matrix": [
            [
                0.9817987152034261,
                0.0010706638115631692,
                0.017130620985010708,
                0.0,
                0.0,
                0.0
            ],
            [
                0.018421052631578946,
                0.9552631578947368,
                0.015789473684210527,
                0.0,
                0.010526315789473684,
                0.0
            ],
            [
                0.032520325203252036,
                0.0,
                0.9658536585365853,
                0.0,
                0.0016260162601626016,
                0.0
            ],
            [
                0.0,
                0.0,
                0.0,
                1.0,
                0.0,
                0.0
            ],
            [
                0.0,
                0.01680672268907563,
                0.09747899159663866,
                0.0,
                0.8857142857142857,
                0.0
            ],
            [
                0.0,
                0.0,
                0.0,
                0.0,
                0.0,
                1.0
            ]
        ],
        "confusion_matrix_labels": [
            "DoS/DDoS",
            "Info_Gathering",
            "Injection",
            "MITM",
            "Malware",
            "Normal"
        ],
        "round_time": 16.146166563034058,
        "round_start_time": 1771783935.9829514,
        "round_end_time": 1771783952.129118,
        "evaluate_time": 0.794762134552002,
        "inference_time": 0.10591745376586914
    },
    "19": {
        "trees_by_client": 200,
        "first_server_serialise_trees_size": 179098,
        "fit_time": 2.7709197998046875,
        "client_serialise_trees_size": 5263595,
        "final_server_serialise_trees_size": 26095457,
        "f1_score": 0.9668805585230004,
        "mcc": 0.9500670934247306,
        "accuracy": 0.9605781865965834,
        "precision": 0.9696477746042808,
        "recall": 0.9656119723592927,
        "confusion_matrix": [
            [
                0.9817987152034261,
                0.0010706638115631692,
                0.017130620985010708,
                0.0,
                0.0,
                0.0
            ],
            [
                0.018421052631578946,
                0.9552631578947368,
                0.015789473684210527,
                0.0,
                0.010526315789473684,
                0.0
            ],
            [
                0.032520325203252036,
                0.0,
                0.9658536585365853,
                0.0,
                0.0016260162601626016,
                0.0
            ],
            [
                0.0,
                0.0,
                0.0,
                1.0,
                0.0,
                0.0
            ],
            [
                0.0,
                0.01680672268907563,
                0.09243697478991597,
                0.0,
                0.8907563025210085,
                0.0
            ],
            [
                0.0,
                0.0,
                0.0,
                0.0,
                0.0,
                1.0
            ]
        ],
