{
    "0": {
        "trees_by_client": 10,
        "first_server_serialise_trees_size": 9287,
        "fit_time": 0.06532573699951172,
        "client_serialise_trees_size": 270176,
        "final_server_serialise_trees_size": 1295103,
        "f1_score": 0.9715818394091559,
        "mcc": 0.9556862382423726,
        "accuracy": 0.9651773981603153,
        "precision": 0.9730748141597618,
        "recall": 0.9711145982209634,
        "confusion_matrix": [
            [
                0.988421052631579,
                0.0,
                0.011578947368421053,
                0.0,
                0.0,
                0.0
            ],
            [
                0.010075566750629723,
                0.9748110831234257,
                0.015113350125944584,
                0.0,
                0.0,
                0.0
            ],
            [
                0.039538714991762765,
                0.0032948929159802307,
                0.9555189456342669,
                0.0,
                0.0016474464579901153,
                0.0
            ],
            [
                0.0,
                0.0,
                0.0,
                1.0,
                0.0,
                0.0
            ],
            [
                0.0,
                0.015873015873015872,
                0.0761904761904762,
                0.0,
                0.9079365079365079,
                0.0
            ],
            [
                0.0,
                0.0,
                0.0,
                0.0,
                0.0,
                1.0
            ]
        ],
        "confusion_matrix_labels": [
            "DoS/DDoS",
            "Info_Gathering",
            "Injection",
            "MITM",
            "Malware",
            "Normal"
        ],
        "round_time": 11.668703556060791,
        "round_start_time": 1772640368.638476,
        "round_end_time": 1772640380.3071795,
        "evaluate_time": 0.16260027885437012,
        "inference_time": 0.008861064910888672
    },
    "1": {
        "trees_by_client": 20,
        "first_server_serialise_trees_size": 9437,
        "fit_time": 0.2714407444000244,
        "client_serialise_trees_size": 549781,
        "final_server_serialise_trees_size": 2690001,
        "f1_score": 0.9719871243764513,
        "mcc": 0.9560908517081059,
        "accuracy": 0.9655059132720105,
        "precision": 0.9734769962609362,
        "recall": 0.9714682601535726,
        "confusion_matrix": [
            [
                0.9873684210526316,
                0.0,
                0.01263157894736842,
                0.0,
                0.0,
                0.0
            ],
            [
                0.010075566750629723,
                0.9748110831234257,
                0.015113350125944584,
                0.0,
                0.0,
                0.0
            ],
            [
                0.039538714991762765,
                0.0032948929159802307,
                0.9555189456342669,
                0.0,
                0.0016474464579901153,
                0.0
            ],
            [
                0.0,
                0.0,
                0.0,
                1.0,
                0.0,
                0.0
            ],
            [
                0.0,
                0.014285714285714285,
                0.0746031746031746,
                0.0,
                0.9111111111111111,
                0.0
            ],
            [
                0.0,
                0.0,
                0.0,
                0.0,
                0.0,
                1.0
            ]
        ],
        "confusion_matrix_labels": [
            "DoS/DDoS",
            "Info_Gathering",
            "Injection",
            "MITM",
            "Malware",
            "Normal"
        ],
        "round_time": 3.2249844074249268,
        "round_start_time": 1772640395.9664526,
        "round_end_time": 1772640399.191437,
        "evaluate_time": 0.23515534400939941,
        "inference_time": 0.016849517822265625
    },
    "2": {
        "trees_by_client": 30,
        "first_server_serialise_trees_size": 18926,
        "fit_time": 0.32451796531677246,
        "client_serialise_trees_size": 806866,
        "final_server_serialise_trees_size": 4067955,
        "f1_score": 0.9708007774509841,
        "mcc": 0.9544388598785389,
        "accuracy": 0.96419185282523,
        "precision": 0.972426077853353,
        "recall": 0.9702547940786456,
        "confusion_matrix": [
            [
                0.9873684210526316,
                0.0,
                0.01263157894736842,
                0.0,
                0.0,
                0.0
            ],
            [
                0.012594458438287154,
                0.9722921914357683,
                0.015113350125944584,
                0.0,
                0.0,
                0.0
            ],
            [
                0.039538714991762765,
                0.0032948929159802307,
                0.9555189456342669,
                0.0,
                0.0016474464579901153,
                0.0
            ],
            [
                0.0,
                0.0,
                0.0,
                1.0,
                0.0,
                0.0
            ],
            [
                0.0,
                0.015873015873015872,
                0.07777777777777778,
                0.0,
                0.9063492063492063,
                0.0
            ],
            [
                0.0,
                0.0,
                0.0,
                0.0,
                0.0,
                1.0
            ]
        ],
        "confusion_matrix_labels": [
            "DoS/DDoS",
            "Info_Gathering",
            "Injection",
            "MITM",
            "Malware",
            "Normal"
        ],
        "round_time": 3.8350348472595215,
        "round_start_time": 1772640414.3504918,
        "round_end_time": 1772640418.1855266,
        "evaluate_time": 0.1607663631439209,
        "inference_time": 0.015604496002197266
    },
    "3": {
        "trees_by_client": 40,
        "first_server_serialise_trees_size": 28420,
        "fit_time": 0.36762332916259766,
        "client_serialise_trees_size": 1074298,
        "final_server_serialise_trees_size": 5409355,
        "f1_score": 0.9708327939456257,
        "mcc": 0.954453528339859,
        "accuracy": 0.96419185282523,
        "precision": 0.9723749532822744,
        "recall": 0.9704100590953715,
        "confusion_matrix": [
            [
                0.9873684210526316,
                0.0,
                0.01263157894736842,
                0.0,
                0.0,
                0.0
            ],
            [
                0.010075566750629723,
                0.9748110831234257,
                0.015113350125944584,
                0.0,
                0.0,
                0.0
            ],
            [
                0.039538714991762765,
                0.0032948929159802307,
                0.9555189456342669,
                0.0,
                0.0016474464579901153,
                0.0
            ],
            [
                0.0,
                0.0,
                0.0,
                1.0,
                0.0,
                0.0
            ],
            [
                0.0,
                0.015873015873015872,
                0.07936507936507936,
                0.0,
                0.9047619047619048,
                0.0
            ],
            [
                0.0,
                0.0,
                0.0,
                0.0,
                0.0,
                1.0
            ]
        ],
        "confusion_matrix_labels": [
            "DoS/DDoS",
            "Info_Gathering",
            "Injection",
            "MITM",
            "Malware",
            "Normal"
        ],
        "round_time": 4.737914562225342,
        "round_start_time": 1772640433.333611,
        "round_end_time": 1772640438.0715256,
        "evaluate_time": 0.30284643173217773,
        "inference_time": 0.03648829460144043
    },
    "4": {
        "trees_by_client": 50,
        "first_server_serialise_trees_size": 37857,
        "fit_time": 0.6623692512512207,
        "client_serialise_trees_size": 1344100,
        "final_server_serialise_trees_size": 6677423,
        "f1_score": 0.9702955559750097,
        "mcc": 0.953638160807675,
        "accuracy": 0.9635348226018396,
        "precision": 0.9719149213078504,
        "recall": 0.969880958566271,
        "confusion_matrix": [
            [
                0.9873684210526316,
                0.0,
                0.01263157894736842,
                0.0,
                0.0,
                0.0
            ],
            [
                0.010075566750629723,
                0.9748110831234257,
                0.015113350125944584,
                0.0,
                0.0,
                0.0
            ],
            [
                0.039538714991762765,
                0.0032948929159802307,
                0.9555189456342669,
                0.0,
                0.0016474464579901153,
                0.0
            ],
            [
                0.0,
                0.0,
                0.0,
                1.0,
                0.0,
                0.0
            ],
            [
                0.0,
                0.015873015873015872,
                0.08253968253968254,
                0.0,
                0.9015873015873016,
                0.0
            ],
            [
                0.0,
                0.0,
                0.0,
                0.0,
                0.0,
                1.0
            ]
        ],
        "confusion_matrix_labels": [
            "DoS/DDoS",
            "Info_Gathering",
            "Injection",
            "MITM",
            "Malware",
            "Normal"
        ],
        "round_time": 5.6389992237091064,
        "round_start_time": 1772640453.258508,
        "round_end_time": 1772640458.8975072,
        "evaluate_time": 0.35888123512268066,
        "inference_time": 0.030066967010498047
    },
    "5": {
        "trees_by_client": 60,
        "first_server_serialise_trees_size": 47744,
        "fit_time": 0.7538270950317383,
        "client_serialise_trees_size": 1596426,
        "final_server_serialise_trees_size": 8013364,
        "f1_score": 0.9694893260782523,
        "mcc": 0.9524170226970657,
        "accuracy": 0.9625492772667543,
        "precision": 0.9712301316427783,
        "recall": 0.9690873077726202,
        "confusion_matrix": [
            [
                0.9873684210526316,
                0.0,
                0.01263157894736842,
                0.0,
                0.0,
                0.0
            ],
            [
                0.010075566750629723,
                0.9748110831234257,
                0.015113350125944584,
                0.0,
                0.0,
                0.0
            ],
            [
                0.039538714991762765,
                0.0032948929159802307,
                0.9555189456342669,
                0.0,
                0.0016474464579901153,
                0.0
            ],
            [
                0.0,
                0.0,
                0.0,
                1.0,
                0.0,
                0.0
            ],
            [
                0.0,
                0.015873015873015872,
                0.0873015873015873,
                0.0,
                0.8968253968253969,
                0.0
            ],
            [
                0.0,
                0.0,
                0.0,
                0.0,
                0.0,
                1.0
            ]
        ],
        "confusion_matrix_labels": [
            "DoS/DDoS",
            "Info_Gathering",
            "Injection",
            "MITM",
            "Malware",
            "Normal"
        ],
        "round_time": 6.361264944076538,
        "round_start_time": 1772640474.036554,
        "round_end_time": 1772640480.397819,
        "evaluate_time": 0.391465425491333,
        "inference_time": 0.04451298713684082
    },
    "6": {
        "trees_by_client": 70,
        "first_server_serialise_trees_size": 57123,
        "fit_time": 0.652921199798584,
        "client_serialise_trees_size": 1869478,
        "final_server_serialise_trees_size": 9314489,
        "f1_score": 0.9702955559750097,
        "mcc": 0.953638160807675,
        "accuracy": 0.9635348226018396,
        "precision": 0.9719149213078504,
        "recall": 0.969880958566271,
        "confusion_matrix": [
            [
                0.9873684210526316,
                0.0,
                0.01263157894736842,
                0.0,
                0.0,
                0.0
            ],
            [
                0.010075566750629723,
                0.9748110831234257,
                0.015113350125944584,
                0.0,
                0.0,
                0.0
            ],
            [
                0.039538714991762765,
                0.0032948929159802307,
                0.9555189456342669,
                0.0,
                0.0016474464579901153,
                0.0
            ],
            [
                0.0,
                0.0,
                0.0,
                1.0,
                0.0,
                0.0
            ],
            [
                0.0,
                0.015873015873015872,
                0.08253968253968254,
                0.0,
                0.9015873015873016,
                0.0
            ],
            [
                0.0,
                0.0,
                0.0,
                0.0,
                0.0,
                1.0
            ]
        ],
        "confusion_matrix_labels": [
            "DoS/DDoS",
            "Info_Gathering",
            "Injection",
            "MITM",
            "Malware",
            "Normal"
        ],
        "round_time": 7.004352807998657,
        "round_start_time": 1772640495.560554,
        "round_end_time": 1772640502.5649068,
        "evaluate_time": 0.3901989459991455,
        "inference_time": 0.0475316047668457
    },
    "7": {
        "trees_by_client": 80,
        "first_server_serialise_trees_size": 66042,
        "fit_time": 1.128075122833252,
        "client_serialise_trees_size": 2174517,
        "final_server_serialise_trees_size": 10598409,
        "f1_score": 0.9694893260782523,
        "mcc": 0.9524170226970657,
        "accuracy": 0.9625492772667543,
        "precision": 0.9712301316427783,
        "recall": 0.9690873077726202,
        "confusion_matrix": [
            [
                0.9873684210526316,
                0.0,
                0.01263157894736842,
                0.0,
                0.0,
                0.0
            ],
            [
                0.010075566750629723,
                0.9748110831234257,
                0.015113350125944584,
                0.0,
                0.0,
                0.0
            ],
            [
                0.039538714991762765,
                0.0032948929159802307,
                0.9555189456342669,
                0.0,
                0.0016474464579901153,
                0.0
            ],
            [
                0.0,
                0.0,
                0.0,
                1.0,
                0.0,
                0.0
            ],
            [
                0.0,
                0.015873015873015872,
                0.0873015873015873,
                0.0,
                0.8968253968253969,
                0.0
            ],
            [
                0.0,
                0.0,
                0.0,
                0.0,
                0.0,
                1.0
            ]
        ],
        "confusion_matrix_labels": [
            "DoS/DDoS",
            "Info_Gathering",
            "Injection",
            "MITM",
            "Malware",
            "Normal"
        ],
        "round_time": 7.999559164047241,
        "round_start_time": 1772640517.7511878,
        "round_end_time": 1772640525.750747,
        "evaluate_time": 0.48515939712524414,
        "inference_time": 0.0566105842590332
    },
    "8": {
        "trees_by_client": 90,
        "first_server_serialise_trees_size": 74995,
        "fit_time": 1.1113154888153076,
        "client_serialise_trees_size": 2363250,
        "final_server_serialise_trees_size": 11847019,
        "f1_score": 0.9694893260782523,
        "mcc": 0.9524170226970657,
        "accuracy": 0.9625492772667543,
        "precision": 0.9712301316427783,
        "recall": 0.9690873077726202,
        "confusion_matrix": [
            [
                0.9873684210526316,
                0.0,
                0.01263157894736842,
                0.0,
                0.0,
                0.0
            ],
            [
                0.010075566750629723,
                0.9748110831234257,
                0.015113350125944584,
                0.0,
                0.0,
                0.0
            ],
            [
                0.039538714991762765,
                0.0032948929159802307,
                0.9555189456342669,
                0.0,
                0.0016474464579901153,
                0.0
            ],
            [
                0.0,
                0.0,
                0.0,
                1.0,
                0.0,
                0.0
            ],
            [
                0.0,
                0.015873015873015872,
                0.0873015873015873,
                0.0,
                0.8968253968253969,
                0.0
            ],
            [
                0.0,
                0.0,
                0.0,
                0.0,
                0.0,
                1.0
            ]
        ],
        "confusion_matrix_labels": [
            "DoS/DDoS",
            "Info_Gathering",
            "Injection",
            "MITM",
            "Malware",
            "Normal"
        ],
        "round_time": 8.462503433227539,
        "round_start_time": 1772640540.924468,
        "round_end_time": 1772640549.3869715,
        "evaluate_time": 0.5291695594787598,
        "inference_time": 0.05392718315124512
    },
    "9": {
        "trees_by_client": 100,
        "first_server_serialise_trees_size": 85096,
        "fit_time": 1.1467933654785156,
        "client_serialise_trees_size": 2635547,
        "final_server_serialise_trees_size": 13062942,
        "f1_score": 0.9694893260782523,
        "mcc": 0.9524170226970657,
        "accuracy": 0.9625492772667543,
        "precision": 0.9712301316427783,
        "recall": 0.9690873077726202,
        "confusion_matrix": [
            [
                0.9873684210526316,
                0.0,
                0.01263157894736842,
                0.0,
                0.0,
                0.0
            ],
            [
                0.010075566750629723,
                0.9748110831234257,
                0.015113350125944584,
                0.0,
                0.0,
                0.0
            ],
            [
                0.039538714991762765,
                0.0032948929159802307,
                0.9555189456342669,
                0.0,
                0.0016474464579901153,
                0.0
            ],
            [
                0.0,
                0.0,
                0.0,
                1.0,
                0.0,
                0.0
            ],
            [
                0.0,
                0.015873015873015872,
                0.0873015873015873,
                0.0,
                0.8968253968253969,
                0.0
            ],
            [
                0.0,
                0.0,
                0.0,
                0.0,
                0.0,
                1.0
            ]
        ],
        "confusion_matrix_labels": [
            "DoS/DDoS",
            "Info_Gathering",
            "Injection",
            "MITM",
            "Malware",
            "Normal"
        ],
        "round_time": 9.254844903945923,
        "round_start_time": 1772640564.5284958,
        "round_end_time": 1772640573.7833407,
        "evaluate_time": 0.3915750980377197,
        "inference_time": 0.047800540924072266
    },
    "10": {
        "trees_by_client": 110,
        "first_server_serialise_trees_size": 94892,
        "fit_time": 1.0495944023132324,
        "client_serialise_trees_size": 2959200,
        "final_server_serialise_trees_size": 14437789,
        "f1_score": 0.9702955559750097,
        "mcc": 0.953638160807675,
        "accuracy": 0.9635348226018396,
        "precision": 0.9719149213078504,
        "recall": 0.969880958566271,
        "confusion_matrix": [
            [
                0.9873684210526316,
                0.0,
                0.01263157894736842,
                0.0,
                0.0,
                0.0
            ],
            [
                0.010075566750629723,
                0.9748110831234257,
                0.015113350125944584,
                0.0,
                0.0,
                0.0
            ],
            [
                0.039538714991762765,
                0.0032948929159802307,
                0.9555189456342669,
                0.0,
                0.0016474464579901153,
                0.0
            ],
            [
                0.0,
                0.0,
                0.0,
                1.0,
                0.0,
                0.0
            ],
            [
                0.0,
                0.015873015873015872,
                0.08253968253968254,
                0.0,
                0.9015873015873016,
                0.0
            ],
            [
                0.0,
                0.0,
                0.0,
                0.0,
                0.0,
                1.0
            ]
        ],
        "confusion_matrix_labels": [
            "DoS/DDoS",
            "Info_Gathering",
            "Injection",
            "MITM",
            "Malware",
            "Normal"
        ],
        "round_time": 10.760815382003784,
        "round_start_time": 1772640588.934714,
        "round_end_time": 1772640599.6955295,
        "evaluate_time": 0.4173922538757324,
        "inference_time": 0.04734373092651367
    },
    "11": {
        "trees_by_client": 120,
        "first_server_serialise_trees_size": 103871,
        "fit_time": 1.6906261444091797,
        "client_serialise_trees_size": 3262830,
        "final_server_serialise_trees_size": 15651209,
        "f1_score": 0.9694893260782523,
        "mcc": 0.9524170226970657,
        "accuracy": 0.9625492772667543,
        "precision": 0.9712301316427783,
        "recall": 0.9690873077726202,
        "confusion_matrix": [
            [
                0.9873684210526316,
                0.0,
                0.01263157894736842,
                0.0,
                0.0,
                0.0
            ],
            [
                0.010075566750629723,
                0.9748110831234257,
                0.015113350125944584,
                0.0,
                0.0,
                0.0
            ],
            [
                0.039538714991762765,
                0.0032948929159802307,
                0.9555189456342669,
                0.0,
                0.0016474464579901153,
                0.0
            ],
            [
                0.0,
                0.0,
                0.0,
                1.0,
                0.0,
                0.0
            ],
            [
                0.0,
                0.015873015873015872,
                0.0873015873015873,
                0.0,
                0.8968253968253969,
                0.0
            ],
            [
                0.0,
                0.0,
                0.0,
                0.0,
                0.0,
                1.0
            ]
        ],
        "confusion_matrix_labels": [
            "DoS/DDoS",
            "Info_Gathering",
            "Injection",
            "MITM",
            "Malware",
            "Normal"
        ],
        "round_time": 12.854696273803711,
        "round_start_time": 1772640614.8491583,
        "round_end_time": 1772640627.7038546,
        "evaluate_time": 0.3160719871520996,
        "inference_time": 0.03850889205932617
    },
    "12": {
        "trees_by_client": 130,
        "first_server_serialise_trees_size": 113532,
        "fit_time": 1.1669986248016357,
        "client_serialise_trees_size": 3463856,
        "final_server_serialise_trees_size": 17041705,
        "f1_score": 0.9705641991061854,
        "mcc": 0.9540457168137092,
        "accuracy": 0.9638633377135348,
        "precision": 0.9721445845694382,
        "recall": 0.9701455088308212,
        "confusion_matrix": [
            [
                0.9873684210526316,
                0.0,
                0.01263157894736842,
                0.0,
                0.0,
                0.0
            ],
            [
                0.010075566750629723,
                0.9748110831234257,
                0.015113350125944584,
                0.0,
                0.0,
                0.0
            ],
            [
                0.039538714991762765,
                0.0032948929159802307,
                0.9555189456342669,
                0.0,
                0.0016474464579901153,
                0.0
            ],
            [
                0.0,
                0.0,
                0.0,
                1.0,
                0.0,
                0.0
            ],
            [
                0.0,
                0.015873015873015872,
                0.08095238095238096,
                0.0,
                0.9031746031746032,
                0.0
            ],
            [
                0.0,
                0.0,
                0.0,
                0.0,
                0.0,
                1.0
            ]
        ],
        "confusion_matrix_labels": [
            "DoS/DDoS",
            "Info_Gathering",
            "Injection",
            "MITM",
            "Malware",
            "Normal"
        ],
        "round_time": 10.973011016845703,
        "round_start_time": 1772640642.803523,
        "round_end_time": 1772640653.776534,
        "evaluate_time": 0.6178913116455078,
        "inference_time": 0.0512700080871582
    },
    "13": {
        "trees_by_client": 140,
        "first_server_serialise_trees_size": 123213,
        "fit_time": 1.95607328414917,
        "client_serialise_trees_size": 3751014,
        "final_server_serialise_trees_size": 18414558,
        "f1_score": 0.969758120536889,
        "mcc": 0.9528238140700589,
        "accuracy": 0.9628777923784494,
        "precision": 0.9714576980834337,
        "recall": 0.9693518580371704,
        "confusion_matrix": [
            [
                0.9873684210526316,
                0.0,
                0.01263157894736842,
                0.0,
                0.0,
                0.0
            ],
            [
                0.010075566750629723,
                0.9748110831234257,
                0.015113350125944584,
                0.0,
                0.0,
                0.0
            ],
            [
                0.039538714991762765,
                0.0032948929159802307,
                0.9555189456342669,
                0.0,
                0.0016474464579901153,
                0.0
            ],
            [
                0.0,
                0.0,
                0.0,
                1.0,
                0.0,
                0.0
            ],
            [
                0.0,
                0.015873015873015872,
                0.08571428571428572,
                0.0,
                0.8984126984126984,
                0.0
            ],
            [
                0.0,
                0.0,
                0.0,
                0.0,
                0.0,
                1.0
            ]
        ],
        "confusion_matrix_labels": [
            "DoS/DDoS",
            "Info_Gathering",
            "Injection",
            "MITM",
            "Malware",
            "Normal"
        ],
        "round_time": 12.642392635345459,
        "round_start_time": 1772640668.8935752,
        "round_end_time": 1772640681.5359678,
        "evaluate_time": 0.6261646747589111,
        "inference_time": 0.111846923828125
    },
    "14": {
        "trees_by_client": 150,
        "first_server_serialise_trees_size": 132461,
        "fit_time": 2.0723142623901367,
        "client_serialise_trees_size": 4057611,
        "final_server_serialise_trees_size": 19644190,
        "f1_score": 0.9694893260782523,
        "mcc": 0.9524170226970657,
        "accuracy": 0.9625492772667543,
        "precision": 0.9712301316427783,
        "recall": 0.9690873077726202,
        "confusion_matrix": [
            [
                0.9873684210526316,
                0.0,
                0.01263157894736842,
                0.0,
                0.0,
                0.0
            ],
            [
                0.010075566750629723,
                0.9748110831234257,
                0.015113350125944584,
                0.0,
                0.0,
                0.0
            ],
            [
                0.039538714991762765,
                0.0032948929159802307,
                0.9555189456342669,
                0.0,
                0.0016474464579901153,
                0.0
            ],
            [
                0.0,
                0.0,
                0.0,
                1.0,
                0.0,
                0.0
            ],
            [
                0.0,
                0.015873015873015872,
                0.0873015873015873,
                0.0,
                0.8968253968253969,
                0.0
            ],
            [
                0.0,
                0.0,
                0.0,
                0.0,
                0.0,
                1.0
            ]
        ],
        "confusion_matrix_labels": [
            "DoS/DDoS",
            "Info_Gathering",
            "Injection",
            "MITM",
            "Malware",
            "Normal"
        ],
        "round_time": 13.757680654525757,
        "round_start_time": 1772640696.7354674,
        "round_end_time": 1772640710.493148,
        "evaluate_time": 0.7114486694335938,
        "inference_time": 0.05895853042602539
    },
    "15": {
        "trees_by_client": 160,
        "first_server_serialise_trees_size": 141717,
        "fit_time": 2.0867719650268555,
        "client_serialise_trees_size": 4285375,
        "final_server_serialise_trees_size": 21374722,
        "f1_score": 0.969758120536889,
        "mcc": 0.9528238140700589,
        "accuracy": 0.9628777923784494,
        "precision": 0.9714576980834337,
        "recall": 0.9693518580371704,
        "confusion_matrix": [
            [
                0.9873684210526316,
                0.0,
                0.01263157894736842,
                0.0,
                0.0,
                0.0
            ],
            [
                0.010075566750629723,
                0.9748110831234257,
                0.015113350125944584,
                0.0,
                0.0,
                0.0
            ],
            [
                0.039538714991762765,
                0.0032948929159802307,
                0.9555189456342669,
                0.0,
                0.0016474464579901153,
                0.0
            ],
            [
                0.0,
                0.0,
                0.0,
                1.0,
                0.0,
                0.0
            ],
            [
                0.0,
                0.015873015873015872,
                0.08571428571428572,
                0.0,
                0.8984126984126984,
                0.0
            ],
            [
                0.0,
                0.0,
                0.0,
                0.0,
                0.0,
                1.0
            ]
        ],
        "confusion_matrix_labels": [
            "DoS/DDoS",
            "Info_Gathering",
            "Injection",
            "MITM",
            "Malware",
            "Normal"
        ],
        "round_time": 14.113551378250122,
        "round_start_time": 1772640725.6364524,
        "round_end_time": 1772640739.7500038,
        "evaluate_time": 0.7390906810760498,
        "inference_time": 0.0744481086730957
    },
    "16": {
        "trees_by_client": 170,
        "first_server_serialise_trees_size": 151942,
        "fit_time": 2.188035011291504,
        "client_serialise_trees_size": 4547459,
        "final_server_serialise_trees_size": 22243129,
        "f1_score": 0.9705641991061854,
        "mcc": 0.9540457168137092,
        "accuracy": 0.9638633377135348,
        "precision": 0.9721445845694382,
        "recall": 0.9701455088308212,
        "confusion_matrix": [
            [
                0.9873684210526316,
                0.0,
                0.01263157894736842,
                0.0,
                0.0,
                0.0
            ],
            [
                0.010075566750629723,
                0.9748110831234257,
                0.015113350125944584,
                0.0,
                0.0,
                0.0
            ],
            [
                0.039538714991762765,
                0.0032948929159802307,
                0.9555189456342669,
                0.0,
                0.0016474464579901153,
                0.0
            ],
            [
                0.0,
                0.0,
                0.0,
                1.0,
                0.0,
                0.0
            ],
            [
                0.0,
                0.015873015873015872,
                0.08095238095238096,
                0.0,
                0.9031746031746032,
                0.0
            ],
            [
                0.0,
                0.0,
                0.0,
                0.0,
                0.0,
                1.0
            ]
        ],
        "confusion_matrix_labels": [
            "DoS/DDoS",
            "Info_Gathering",
            "Injection",
            "MITM",
            "Malware",
            "Normal"
        ],
        "round_time": 16.65633463859558,
        "round_start_time": 1772640754.937447,
        "round_end_time": 1772640771.5937817,
        "evaluate_time": 0.4103696346282959,
        "inference_time": 0.0525968074798584
    },
    "17": {
        "trees_by_client": 180,
        "first_server_serialise_trees_size": 160704,
        "fit_time": 1.9315896034240723,
        "client_serialise_trees_size": 4949356,
        "final_server_serialise_trees_size": 23501585,
        "f1_score": 0.969758120536889,
        "mcc": 0.9528238140700589,
        "accuracy": 0.9628777923784494,
        "precision": 0.9714576980834337,
        "recall": 0.9693518580371704,
        "confusion_matrix": [
            [
                0.9873684210526316,
                0.0,
                0.01263157894736842,
                0.0,
                0.0,
                0.0
            ],
            [
                0.010075566750629723,
                0.9748110831234257,
                0.015113350125944584,
                0.0,
                0.0,
                0.0
            ],
            [
                0.039538714991762765,
                0.0032948929159802307,
                0.9555189456342669,
                0.0,
                0.0016474464579901153,
                0.0
            ],
            [
                0.0,
                0.0,
                0.0,
                1.0,
                0.0,
                0.0
            ],
            [
                0.0,
                0.015873015873015872,
                0.08571428571428572,
                0.0,
                0.8984126984126984,
                0.0
            ],
            [
                0.0,
                0.0,
                0.0,
                0.0,
                0.0,
                1.0
            ]
        ],
        "confusion_matrix_labels": [
            "DoS/DDoS",
            "Info_Gathering",
            "Injection",
            "MITM",
            "Malware",
            "Normal"
        ],
        "round_time": 14.79112696647644,
        "round_start_time": 1772640786.6974177,
        "round_end_time": 1772640801.4885447,
        "evaluate_time": 0.6203649044036865,
        "inference_time": 0.08990001678466797
    },
    "18": {
        "trees_by_client": 190,
        "first_server_serialise_trees_size": 169684,
        "fit_time": 2.6209821701049805,
        "client_serialise_trees_size": 5056273,
        "final_server_serialise_trees_size": 24964228,
        "f1_score": 0.9708327939456257,
        "mcc": 0.954453528339859,
        "accuracy": 0.96419185282523,
        "precision": 0.9723749532822744,
        "recall": 0.9704100590953715,
        "confusion_matrix": [
            [
                0.9873684210526316,
                0.0,
                0.01263157894736842,
                0.0,
                0.0,
                0.0
            ],
            [
                0.010075566750629723,
                0.9748110831234257,
                0.015113350125944584,
                0.0,
                0.0,
                0.0
            ],
            [
                0.039538714991762765,
                0.0032948929159802307,
                0.9555189456342669,
                0.0,
                0.0016474464579901153,
                0.0
            ],
            [
                0.0,
                0.0,
                0.0,
                1.0,
                0.0,
                0.0
            ],
            [
                0.0,
                0.015873015873015872,
                0.07936507936507936,
                0.0,
                0.9047619047619048,
                0.0
            ],
            [
                0.0,
                0.0,
                0.0,
                0.0,
                0.0,
                1.0
            ]
        ],
        "confusion_matrix_labels": [
            "DoS/DDoS",
            "Info_Gathering",
            "Injection",
            "MITM",
            "Malware",
            "Normal"
        ],
        "round_time": 18.248992681503296,
        "round_start_time": 1772640816.6814516,
        "round_end_time": 1772640834.9304442,
        "evaluate_time": 0.4189901351928711,
        "inference_time": 0.05702805519104004
    },
    "19": {
        "trees_by_client": 200,
        "first_server_serialise_trees_size": 178908,
        "fit_time": 2.178182363510132,
        "client_serialise_trees_size": 5382811,
        "final_server_serialise_trees_size": 26496287,
        "f1_score": 0.9702955559750097,
        "mcc": 0.953638160807675,
        "accuracy": 0.9635348226018396,
        "precision": 0.9719149213078504,
        "recall": 0.969880958566271,
        "confusion_matrix": [
            [
                0.9873684210526316,
                0.0,
                0.01263157894736842,
                0.0,
                0.0,
                0.0
            ],
            [
                0.010075566750629723,
                0.9748110831234257,
                0.015113350125944584,
                0.0,
                0.0,
                0.0
            ],
            [
                0.039538714991762765,
                0.0032948929159802307,
                0.9555189456342669,
                0.0,
                0.0016474464579901153,
                0.0
            ],
            [
                0.0,
                0.0,
                0.0,
                1.0,
                0.0,
                0.0
            ],
            [
                0.0,
                0.015873015873015872,
                0.08253968253968254,
                0.0,
                0.9015873015873016,
                0.0
            ],
            [
                0.0,
                0.0,
                0.0,
                0.0,
                0.0,
                1.0
            ]
        ],
        "confusion_matrix_labels": [
            "DoS/DDoS",
            "Info_Gathering",
            "Injection",
            "MITM",
