{
    "0": {
        "trees_by_client": 10,
        "first_server_serialise_trees_size": 9282,
        "fit_time": 0.0684499740600586,
        "client_serialise_trees_size": 266110,
        "final_server_serialise_trees_size": 1331549,
        "f1_score": 0.9692983410265991,
        "mcc": 0.9523473240185929,
        "accuracy": 0.9625492772667543,
        "precision": 0.9711560413448693,
        "recall": 0.9685785061128206,
        "confusion_matrix": [
            [
                0.9894736842105263,
                0.0,
                0.010526315789473684,
                0.0,
                0.0,
                0.0
            ],
            [
                0.015113350125944584,
                0.9697732997481109,
                0.015113350125944584,
                0.0,
                0.0,
                0.0
            ],
            [
                0.039538714991762765,
                0.0032948929159802307,
                0.9522240527182867,
                0.0,
                0.004942339373970346,
                0.0
            ],
            [
                0.0,
                0.0,
                0.0,
                1.0,
                0.0,
                0.0
            ],
            [
                0.0,
                0.015873015873015872,
                0.08412698412698413,
                0.0,
                0.9,
                0.0
            ],
            [
                0.0,
                0.0,
                0.0,
                0.0,
                0.0,
                1.0
            ]
        ],
        "confusion_matrix_labels": [
            "DoS/DDoS",
            "Info_Gathering",
            "Injection",
            "MITM",
            "Malware",
            "Normal"
        ],
        "round_time": 11.76959776878357,
        "round_start_time": 1771783490.368648,
        "round_end_time": 1771783502.1382458,
        "evaluate_time": 0.2208108901977539,
        "inference_time": 0.011612176895141602
    },
    "1": {
        "trees_by_client": 20,
        "first_server_serialise_trees_size": 9435,
        "fit_time": 0.17959260940551758,
        "client_serialise_trees_size": 533430,
        "final_server_serialise_trees_size": 2612964,
        "f1_score": 0.9694893260782523,
        "mcc": 0.9524170226970657,
        "accuracy": 0.9625492772667543,
        "precision": 0.9712301316427783,
        "recall": 0.9690873077726202,
        "confusion_matrix": [
            [
                0.9873684210526316,
                0.0,
                0.01263157894736842,
                0.0,
                0.0,
                0.0
            ],
            [
                0.010075566750629723,
                0.9748110831234257,
                0.015113350125944584,
                0.0,
                0.0,
                0.0
            ],
            [
                0.039538714991762765,
                0.0032948929159802307,
                0.9555189456342669,
                0.0,
                0.0016474464579901153,
                0.0
            ],
            [
                0.0,
                0.0,
                0.0,
                1.0,
                0.0,
                0.0
            ],
            [
                0.0,
                0.015873015873015872,
                0.0873015873015873,
                0.0,
                0.8968253968253969,
                0.0
            ],
            [
                0.0,
                0.0,
                0.0,
                0.0,
                0.0,
                1.0
            ]
        ],
        "confusion_matrix_labels": [
            "DoS/DDoS",
            "Info_Gathering",
            "Injection",
            "MITM",
            "Malware",
            "Normal"
        ],
        "round_time": 3.162708044052124,
        "round_start_time": 1771783517.9211016,
        "round_end_time": 1771783521.0838096,
        "evaluate_time": 0.1396486759185791,
        "inference_time": 0.008487462997436523
    },
    "2": {
        "trees_by_client": 30,
        "first_server_serialise_trees_size": 18931,
        "fit_time": 0.40973806381225586,
        "client_serialise_trees_size": 808164,
        "final_server_serialise_trees_size": 4037998,
        "f1_score": 0.9708327939456257,
        "mcc": 0.954453528339859,
        "accuracy": 0.96419185282523,
        "precision": 0.9723749532822744,
        "recall": 0.9704100590953715,
        "confusion_matrix": [
            [
                0.9873684210526316,
                0.0,
                0.01263157894736842,
                0.0,
                0.0,
                0.0
            ],
            [
                0.010075566750629723,
                0.9748110831234257,
                0.015113350125944584,
                0.0,
                0.0,
                0.0
            ],
            [
                0.039538714991762765,
                0.0032948929159802307,
                0.9555189456342669,
                0.0,
                0.0016474464579901153,
                0.0
            ],
            [
                0.0,
                0.0,
                0.0,
                1.0,
                0.0,
                0.0
            ],
            [
                0.0,
                0.015873015873015872,
                0.07936507936507936,
                0.0,
                0.9047619047619048,
                0.0
            ],
            [
                0.0,
                0.0,
                0.0,
                0.0,
                0.0,
                1.0
            ]
        ],
        "confusion_matrix_labels": [
            "DoS/DDoS",
            "Info_Gathering",
            "Injection",
            "MITM",
            "Malware",
            "Normal"
        ],
        "round_time": 4.91583776473999,
        "round_start_time": 1771783536.1914823,
        "round_end_time": 1771783541.10732,
        "evaluate_time": 0.1367354393005371,
        "inference_time": 0.011063575744628906
    },
    "3": {
        "trees_by_client": 40,
        "first_server_serialise_trees_size": 28391,
        "fit_time": 0.30724620819091797,
        "client_serialise_trees_size": 1080127,
        "final_server_serialise_trees_size": 5518043,
        "f1_score": 0.9696999563714886,
        "mcc": 0.9528323262690879,
        "accuracy": 0.9628777923784494,
        "precision": 0.9714621745250073,
        "recall": 0.9692627463691115,
        "confusion_matrix": [
            [
                0.988421052631579,
                0.0,
                0.011578947368421053,
                0.0,
                0.0,
                0.0
            ],
            [
                0.010075566750629723,
                0.9748110831234257,
                0.015113350125944584,
                0.0,
                0.0,
                0.0
            ],
            [
                0.039538714991762765,
                0.0032948929159802307,
                0.9555189456342669,
                0.0,
                0.0016474464579901153,
                0.0
            ],
            [
                0.0,
                0.0,
                0.0,
                1.0,
                0.0,
                0.0
            ],
            [
                0.0,
                0.015873015873015872,
                0.0873015873015873,
                0.0,
                0.8968253968253969,
                0.0
            ],
            [
                0.0,
                0.0,
                0.0,
                0.0,
                0.0,
                1.0
            ]
        ],
        "confusion_matrix_labels": [
            "DoS/DDoS",
            "Info_Gathering",
            "Injection",
            "MITM",
            "Malware",
            "Normal"
        ],
        "round_time": 4.1076979637146,
        "round_start_time": 1771783556.1749635,
        "round_end_time": 1771783560.2826614,
        "evaluate_time": 0.3266110420227051,
        "inference_time": 0.030436038970947266
    },
    "4": {
        "trees_by_client": 50,
        "first_server_serialise_trees_size": 37641,
        "fit_time": 0.6705169677734375,
        "client_serialise_trees_size": 1289870,
        "final_server_serialise_trees_size": 6582358,
        "f1_score": 0.969758120536889,
        "mcc": 0.9528238140700589,
        "accuracy": 0.9628777923784494,
        "precision": 0.9714576980834337,
        "recall": 0.9693518580371704,
        "confusion_matrix": [
            [
                0.9873684210526316,
                0.0,
                0.01263157894736842,
                0.0,
                0.0,
                0.0
            ],
            [
                0.010075566750629723,
                0.9748110831234257,
                0.015113350125944584,
                0.0,
                0.0,
                0.0
            ],
            [
                0.039538714991762765,
                0.0032948929159802307,
                0.9555189456342669,
                0.0,
                0.0016474464579901153,
                0.0
            ],
            [
                0.0,
                0.0,
                0.0,
                1.0,
                0.0,
                0.0
            ],
            [
                0.0,
                0.015873015873015872,
                0.08571428571428572,
                0.0,
                0.8984126984126984,
                0.0
            ],
            [
                0.0,
                0.0,
                0.0,
                0.0,
                0.0,
                1.0
            ]
        ],
        "confusion_matrix_labels": [
            "DoS/DDoS",
            "Info_Gathering",
            "Injection",
            "MITM",
            "Malware",
            "Normal"
        ],
        "round_time": 6.387077808380127,
        "round_start_time": 1771783575.447023,
        "round_end_time": 1771783581.8341007,
        "evaluate_time": 0.16251707077026367,
        "inference_time": 0.01743793487548828
    },
    "5": {
        "trees_by_client": 60,
        "first_server_serialise_trees_size": 47518,
        "fit_time": 0.5414247512817383,
        "client_serialise_trees_size": 1631527,
        "final_server_serialise_trees_size": 8031329,
        "f1_score": 0.9705641991061854,
        "mcc": 0.9540457168137092,
        "accuracy": 0.9638633377135348,
        "precision": 0.9721445845694382,
        "recall": 0.9701455088308212,
        "confusion_matrix": [
            [
                0.9873684210526316,
                0.0,
                0.01263157894736842,
                0.0,
                0.0,
                0.0
            ],
            [
                0.010075566750629723,
                0.9748110831234257,
                0.015113350125944584,
                0.0,
                0.0,
                0.0
            ],
            [
                0.039538714991762765,
                0.0032948929159802307,
                0.9555189456342669,
                0.0,
                0.0016474464579901153,
                0.0
            ],
            [
                0.0,
                0.0,
                0.0,
                1.0,
                0.0,
                0.0
            ],
            [
                0.0,
                0.015873015873015872,
                0.08095238095238096,
                0.0,
                0.9031746031746032,
                0.0
            ],
            [
                0.0,
                0.0,
                0.0,
                0.0,
                0.0,
                1.0
            ]
        ],
        "confusion_matrix_labels": [
            "DoS/DDoS",
            "Info_Gathering",
            "Injection",
            "MITM",
            "Malware",
            "Normal"
        ],
        "round_time": 5.318597793579102,
        "round_start_time": 1771783596.9057705,
        "round_end_time": 1771783602.2243683,
        "evaluate_time": 0.37331295013427734,
        "inference_time": 0.041451215744018555
    },
    "6": {
        "trees_by_client": 70,
        "first_server_serialise_trees_size": 56943,
        "fit_time": 0.7242410182952881,
        "client_serialise_trees_size": 1905060,
        "final_server_serialise_trees_size": 9304384,
        "f1_score": 0.9708327939456257,
        "mcc": 0.954453528339859,
        "accuracy": 0.96419185282523,
        "precision": 0.9723749532822744,
        "recall": 0.9704100590953715,
        "confusion_matrix": [
            [
                0.9873684210526316,
                0.0,
                0.01263157894736842,
                0.0,
                0.0,
                0.0
            ],
            [
                0.010075566750629723,
                0.9748110831234257,
                0.015113350125944584,
                0.0,
                0.0,
                0.0
            ],
            [
                0.039538714991762765,
                0.0032948929159802307,
                0.9555189456342669,
                0.0,
                0.0016474464579901153,
                0.0
            ],
            [
                0.0,
                0.0,
                0.0,
                1.0,
                0.0,
                0.0
            ],
            [
                0.0,
                0.015873015873015872,
                0.07936507936507936,
                0.0,
                0.9047619047619048,
                0.0
            ],
            [
                0.0,
                0.0,
                0.0,
                0.0,
                0.0,
                1.0
            ]
        ],
        "confusion_matrix_labels": [
            "DoS/DDoS",
            "Info_Gathering",
            "Injection",
            "MITM",
            "Malware",
            "Normal"
        ],
        "round_time": 7.150599718093872,
        "round_start_time": 1771783617.3709707,
        "round_end_time": 1771783624.5215704,
        "evaluate_time": 0.37677502632141113,
        "inference_time": 0.047045230865478516
    },
    "7": {
        "trees_by_client": 80,
        "first_server_serialise_trees_size": 66083,
        "fit_time": 1.1498262882232666,
        "client_serialise_trees_size": 2119754,
        "final_server_serialise_trees_size": 10469393,
        "f1_score": 0.9694893260782523,
        "mcc": 0.9524170226970657,
        "accuracy": 0.9625492772667543,
        "precision": 0.9712301316427783,
        "recall": 0.9690873077726202,
        "confusion_matrix": [
            [
                0.9873684210526316,
                0.0,
                0.01263157894736842,
                0.0,
                0.0,
                0.0
            ],
            [
                0.010075566750629723,
                0.9748110831234257,
                0.015113350125944584,
                0.0,
                0.0,
                0.0
            ],
            [
                0.039538714991762765,
                0.0032948929159802307,
                0.9555189456342669,
                0.0,
                0.0016474464579901153,
                0.0
            ],
            [
                0.0,
                0.0,
                0.0,
                1.0,
                0.0,
                0.0
            ],
            [
                0.0,
                0.015873015873015872,
                0.0873015873015873,
                0.0,
                0.8968253968253969,
                0.0
            ],
            [
                0.0,
                0.0,
                0.0,
                0.0,
                0.0,
                1.0
            ]
        ],
        "confusion_matrix_labels": [
            "DoS/DDoS",
            "Info_Gathering",
            "Injection",
            "MITM",
            "Malware",
            "Normal"
        ],
        "round_time": 8.090534210205078,
        "round_start_time": 1771783639.6600423,
        "round_end_time": 1771783647.7505765,
        "evaluate_time": 0.42524003982543945,
        "inference_time": 0.053116559982299805
    },
    "8": {
        "trees_by_client": 90,
        "first_server_serialise_trees_size": 75506,
        "fit_time": 1.2039268016815186,
        "client_serialise_trees_size": 2411443,
        "final_server_serialise_trees_size": 11948646,
        "f1_score": 0.969758120536889,
        "mcc": 0.9528238140700589,
        "accuracy": 0.9628777923784494,
        "precision": 0.9714576980834337,
        "recall": 0.9693518580371704,
        "confusion_matrix": [
            [
                0.9873684210526316,
                0.0,
                0.01263157894736842,
                0.0,
                0.0,
                0.0
            ],
            [
                0.010075566750629723,
                0.9748110831234257,
                0.015113350125944584,
                0.0,
                0.0,
                0.0
            ],
            [
                0.039538714991762765,
                0.0032948929159802307,
                0.9555189456342669,
                0.0,
                0.0016474464579901153,
                0.0
            ],
            [
                0.0,
                0.0,
                0.0,
                1.0,
                0.0,
                0.0
            ],
            [
                0.0,
                0.015873015873015872,
                0.08571428571428572,
                0.0,
                0.8984126984126984,
                0.0
            ],
            [
                0.0,
                0.0,
                0.0,
                0.0,
                0.0,
                1.0
            ]
        ],
        "confusion_matrix_labels": [
            "DoS/DDoS",
            "Info_Gathering",
            "Injection",
            "MITM",
            "Malware",
            "Normal"
        ],
        "round_time": 9.46619200706482,
        "round_start_time": 1771783662.9351027,
        "round_end_time": 1771783672.4012947,
        "evaluate_time": 0.23983168601989746,
        "inference_time": 0.02977275848388672
    },
    "9": {
        "trees_by_client": 100,
        "first_server_serialise_trees_size": 85017,
        "fit_time": 1.1511178016662598,
        "client_serialise_trees_size": 2658826,
        "final_server_serialise_trees_size": 13185110,
        "f1_score": 0.9700268634770973,
        "mcc": 0.9532308600001291,
        "accuracy": 0.9632063074901446,
        "precision": 0.9716859602287825,
        "recall": 0.9696164083017207,
        "confusion_matrix": [
            [
                0.9873684210526316,
                0.0,
                0.01263157894736842,
                0.0,
                0.0,
                0.0
            ],
            [
                0.010075566750629723,
                0.9748110831234257,
                0.015113350125944584,
                0.0,
                0.0,
                0.0
            ],
            [
                0.039538714991762765,
                0.0032948929159802307,
                0.9555189456342669,
                0.0,
                0.0016474464579901153,
                0.0
            ],
            [
                0.0,
                0.0,
                0.0,
                1.0,
                0.0,
                0.0
            ],
            [
                0.0,
                0.015873015873015872,
                0.08412698412698413,
                0.0,
                0.9,
                0.0
            ],
            [
                0.0,
                0.0,
                0.0,
                0.0,
                0.0,
                1.0
            ]
        ],
        "confusion_matrix_labels": [
            "DoS/DDoS",
            "Info_Gathering",
            "Injection",
            "MITM",
            "Malware",
            "Normal"
        ],
        "round_time": 8.794725179672241,
        "round_start_time": 1771783687.4910185,
        "round_end_time": 1771783696.2857437,
        "evaluate_time": 0.535625696182251,
        "inference_time": 0.06645989418029785
    },
    "10": {
        "trees_by_client": 110,
        "first_server_serialise_trees_size": 94613,
        "fit_time": 1.4249048233032227,
        "client_serialise_trees_size": 2903527,
        "final_server_serialise_trees_size": 14462897,
        "f1_score": 0.9708327939456257,
        "mcc": 0.954453528339859,
        "accuracy": 0.96419185282523,
        "precision": 0.9723749532822744,
        "recall": 0.9704100590953715,
        "confusion_matrix": [
            [
                0.9873684210526316,
                0.0,
                0.01263157894736842,
                0.0,
                0.0,
                0.0
            ],
            [
                0.010075566750629723,
                0.9748110831234257,
                0.015113350125944584,
                0.0,
                0.0,
                0.0
            ],
            [
                0.039538714991762765,
                0.0032948929159802307,
                0.9555189456342669,
                0.0,
                0.0016474464579901153,
                0.0
            ],
            [
                0.0,
                0.0,
                0.0,
                1.0,
                0.0,
                0.0
            ],
            [
                0.0,
                0.015873015873015872,
                0.07936507936507936,
                0.0,
                0.9047619047619048,
                0.0
            ],
            [
                0.0,
                0.0,
                0.0,
                0.0,
                0.0,
                1.0
            ]
        ],
        "confusion_matrix_labels": [
            "DoS/DDoS",
            "Info_Gathering",
            "Injection",
            "MITM",
            "Malware",
            "Normal"
        ],
        "round_time": 10.010467529296875,
        "round_start_time": 1771783711.4960067,
        "round_end_time": 1771783721.5064743,
        "evaluate_time": 0.45965075492858887,
        "inference_time": 0.07183218002319336
    },
    "11": {
        "trees_by_client": 120,
        "first_server_serialise_trees_size": 104004,
        "fit_time": 1.2047553062438965,
        "client_serialise_trees_size": 3200986,
        "final_server_serialise_trees_size": 15867846,
        "f1_score": 0.9700268634770973,
        "mcc": 0.9532308600001291,
        "accuracy": 0.9632063074901446,
        "precision": 0.9716859602287825,
        "recall": 0.9696164083017207,
        "confusion_matrix": [
            [
                0.9873684210526316,
                0.0,
                0.01263157894736842,
                0.0,
                0.0,
                0.0
            ],
            [
                0.010075566750629723,
                0.9748110831234257,
                0.015113350125944584,
                0.0,
                0.0,
                0.0
            ],
            [
                0.039538714991762765,
                0.0032948929159802307,
                0.9555189456342669,
                0.0,
                0.0016474464579901153,
                0.0
            ],
            [
                0.0,
                0.0,
                0.0,
                1.0,
                0.0,
                0.0
            ],
            [
                0.0,
                0.015873015873015872,
                0.08412698412698413,
                0.0,
                0.9,
                0.0
            ],
            [
                0.0,
                0.0,
                0.0,
                0.0,
                0.0,
                1.0
            ]
        ],
        "confusion_matrix_labels": [
            "DoS/DDoS",
            "Info_Gathering",
            "Injection",
            "MITM",
            "Malware",
            "Normal"
        ],
        "round_time": 11.17740249633789,
        "round_start_time": 1771783736.6639702,
        "round_end_time": 1771783747.8413727,
        "evaluate_time": 0.546212911605835,
        "inference_time": 0.08214831352233887
    },
    "12": {
        "trees_by_client": 130,
        "first_server_serialise_trees_size": 113416,
        "fit_time": 1.2759730815887451,
        "client_serialise_trees_size": 3482683,
        "final_server_serialise_trees_size": 17425310,
        "f1_score": 0.9694893260782523,
        "mcc": 0.9524170226970657,
        "accuracy": 0.9625492772667543,
        "precision": 0.9712301316427783,
        "recall": 0.9690873077726202,
        "confusion_matrix": [
            [
                0.9873684210526316,
                0.0,
                0.01263157894736842,
                0.0,
                0.0,
                0.0
            ],
            [
                0.010075566750629723,
                0.9748110831234257,
                0.015113350125944584,
                0.0,
                0.0,
                0.0
            ],
            [
                0.039538714991762765,
                0.0032948929159802307,
                0.9555189456342669,
                0.0,
                0.0016474464579901153,
                0.0
            ],
            [
                0.0,
                0.0,
                0.0,
                1.0,
                0.0,
                0.0
            ],
            [
                0.0,
                0.015873015873015872,
                0.0873015873015873,
                0.0,
                0.8968253968253969,
                0.0
            ],
            [
                0.0,
                0.0,
                0.0,
                0.0,
                0.0,
                1.0
            ]
        ],
        "confusion_matrix_labels": [
            "DoS/DDoS",
            "Info_Gathering",
            "Injection",
            "MITM",
            "Malware",
            "Normal"
        ],
        "round_time": 11.646601915359497,
        "round_start_time": 1771783763.0280247,
        "round_end_time": 1771783774.6746266,
        "evaluate_time": 0.6487431526184082,
        "inference_time": 0.08674788475036621
    },
    "13": {
        "trees_by_client": 140,
        "first_server_serialise_trees_size": 123628,
        "fit_time": 1.3477098941802979,
        "client_serialise_trees_size": 3688947,
        "final_server_serialise_trees_size": 18590080,
        "f1_score": 0.9694893260782523,
        "mcc": 0.9524170226970657,
        "accuracy": 0.9625492772667543,
        "precision": 0.9712301316427783,
        "recall": 0.9690873077726202,
        "confusion_matrix": [
            [
                0.9873684210526316,
                0.0,
                0.01263157894736842,
                0.0,
                0.0,
                0.0
            ],
            [
                0.010075566750629723,
                0.9748110831234257,
                0.015113350125944584,
                0.0,
                0.0,
                0.0
            ],
            [
                0.039538714991762765,
                0.0032948929159802307,
                0.9555189456342669,
                0.0,
                0.0016474464579901153,
                0.0
            ],
            [
                0.0,
                0.0,
                0.0,
                1.0,
                0.0,
                0.0
            ],
            [
                0.0,
                0.015873015873015872,
                0.0873015873015873,
                0.0,
                0.8968253968253969,
                0.0
            ],
            [
                0.0,
                0.0,
                0.0,
                0.0,
                0.0,
                1.0
            ]
        ],
        "confusion_matrix_labels": [
            "DoS/DDoS",
            "Info_Gathering",
            "Injection",
            "MITM",
            "Malware",
            "Normal"
        ],
        "round_time": 12.715487003326416,
        "round_start_time": 1771783789.8736138,
        "round_end_time": 1771783802.5891008,
        "evaluate_time": 0.667151689529419,
        "inference_time": 0.07281875610351562
    },
    "14": {
        "trees_by_client": 150,
        "first_server_serialise_trees_size": 131453,
        "fit_time": 1.765718698501587,
        "client_serialise_trees_size": 3989157,
        "final_server_serialise_trees_size": 19675828,
        "f1_score": 0.9710443976683072,
        "mcc": 0.9548695559939765,
        "accuracy": 0.9645203679369251,
        "precision": 0.9726105162242611,
        "recall": 0.9705854976918628,
        "confusion_matrix": [
            [
                0.988421052631579,
                0.0,
                0.011578947368421053,
                0.0,
                0.0,
                0.0
            ],
            [
                0.010075566750629723,
                0.9748110831234257,
                0.015113350125944584,
                0.0,
                0.0,
                0.0
            ],
            [
                0.039538714991762765,
                0.0032948929159802307,
                0.9555189456342669,
                0.0,
                0.0016474464579901153,
                0.0
            ],
            [
                0.0,
                0.0,
                0.0,
                1.0,
                0.0,
                0.0
            ],
            [
                0.0,
                0.015873015873015872,
                0.07936507936507936,
                0.0,
                0.9047619047619048,
                0.0
            ],
            [
                0.0,
                0.0,
                0.0,
                0.0,
                0.0,
                1.0
            ]
        ],
        "confusion_matrix_labels": [
            "DoS/DDoS",
            "Info_Gathering",
            "Injection",
            "MITM",
            "Malware",
            "Normal"
        ],
        "round_time": 13.065566539764404,
        "round_start_time": 1771783817.7283318,
        "round_end_time": 1771783830.7938983,
        "evaluate_time": 0.7445039749145508,
        "inference_time": 0.10013246536254883
    },
    "15": {
        "trees_by_client": 160,
        "first_server_serialise_trees_size": 141657,
        "fit_time": 2.031686544418335,
        "client_serialise_trees_size": 4325665,
        "final_server_serialise_trees_size": 21160140,
        "f1_score": 0.9702955559750097,
        "mcc": 0.953638160807675,
        "accuracy": 0.9635348226018396,
        "precision": 0.9719149213078504,
        "recall": 0.969880958566271,
        "confusion_matrix": [
            [
                0.9873684210526316,
                0.0,
                0.01263157894736842,
                0.0,
                0.0,
                0.0
            ],
            [
                0.010075566750629723,
                0.9748110831234257,
                0.015113350125944584,
                0.0,
                0.0,
                0.0
            ],
            [
                0.039538714991762765,
                0.0032948929159802307,
                0.9555189456342669,
                0.0,
                0.0016474464579901153,
                0.0
            ],
            [
                0.0,
                0.0,
                0.0,
                1.0,
                0.0,
                0.0
            ],
            [
                0.0,
                0.015873015873015872,
                0.08253968253968254,
                0.0,
                0.9015873015873016,
                0.0
            ],
            [
                0.0,
                0.0,
                0.0,
                0.0,
                0.0,
                1.0
            ]
        ],
        "confusion_matrix_labels": [
            "DoS/DDoS",
            "Info_Gathering",
            "Injection",
            "MITM",
            "Malware",
            "Normal"
        ],
        "round_time": 14.3490629196167,
        "round_start_time": 1771783845.9949448,
        "round_end_time": 1771783860.3440077,
        "evaluate_time": 0.6783702373504639,
        "inference_time": 0.06349015235900879
    },
    "16": {
        "trees_by_client": 170,
        "first_server_serialise_trees_size": 150750,
        "fit_time": 1.6257596015930176,
        "client_serialise_trees_size": 4586148,
        "final_server_serialise_trees_size": 22569413,
        "f1_score": 0.9705641991061854,
        "mcc": 0.9540457168137092,
        "accuracy": 0.9638633377135348,
        "precision": 0.9721445845694382,
        "recall": 0.9701455088308212,
        "confusion_matrix": [
            [
                0.9873684210526316,
                0.0,
                0.01263157894736842,
                0.0,
                0.0,
                0.0
            ],
            [
                0.010075566750629723,
                0.9748110831234257,
                0.015113350125944584,
                0.0,
                0.0,
                0.0
            ],
            [
                0.039538714991762765,
                0.0032948929159802307,
                0.9555189456342669,
                0.0,
                0.0016474464579901153,
                0.0
            ],
            [
                0.0,
                0.0,
                0.0,
                1.0,
                0.0,
                0.0
            ],
            [
                0.0,
                0.015873015873015872,
                0.08095238095238096,
                0.0,
                0.9031746031746032,
                0.0
            ],
            [
                0.0,
                0.0,
                0.0,
                0.0,
                0.0,
                1.0
            ]
        ],
        "confusion_matrix_labels": [
            "DoS/DDoS",
            "Info_Gathering",
            "Injection",
            "MITM",
            "Malware",
            "Normal"
        ],
        "round_time": 14.632492303848267,
        "round_start_time": 1771783875.5489652,
        "round_end_time": 1771783890.1814575,
        "evaluate_time": 0.8194417953491211,
        "inference_time": 0.06987905502319336
    },
    "17": {
        "trees_by_client": 180,
        "first_server_serialise_trees_size": 160974,
        "fit_time": 1.7722938060760498,
        "client_serialise_trees_size": 4791717,
        "final_server_serialise_trees_size": 23784881,
        "f1_score": 0.9694893260782523,
        "mcc": 0.9524170226970657,
        "accuracy": 0.9625492772667543,
        "precision": 0.9712301316427783,
        "recall": 0.9690873077726202,
        "confusion_matrix": [
            [
                0.9873684210526316,
                0.0,
                0.01263157894736842,
                0.0,
                0.0,
                0.0
            ],
            [
                0.010075566750629723,
                0.9748110831234257,
                0.015113350125944584,
                0.0,
                0.0,
                0.0
            ],
            [
                0.039538714991762765,
                0.0032948929159802307,
                0.9555189456342669,
                0.0,
                0.0016474464579901153,
                0.0
            ],
            [
                0.0,
                0.0,
                0.0,
                1.0,
                0.0,
                0.0
            ],
            [
                0.0,
                0.015873015873015872,
                0.0873015873015873,
                0.0,
                0.8968253968253969,
                0.0
            ],
            [
                0.0,
                0.0,
                0.0,
                0.0,
                0.0,
                1.0
            ]
        ],
        "confusion_matrix_labels": [
            "DoS/DDoS",
            "Info_Gathering",
            "Injection",
            "MITM",
            "Malware",
            "Normal"
        ],
        "round_time": 16.480360746383667,
        "round_start_time": 1771783905.3310523,
        "round_end_time": 1771783921.811413,
        "evaluate_time": 0.4171569347381592,
        "inference_time": 0.05531811714172363
    },
    "18": {
        "trees_by_client": 190,
        "first_server_serialise_trees_size": 171095,
        "fit_time": 2.3369686603546143,
        "client_serialise_trees_size": 5124339,
        "final_server_serialise_trees_size": 24941632,
        "f1_score": 0.9699949918582068,
        "mcc": 0.9532153174281839,
        "accuracy": 0.9632063074901446,
        "precision": 0.9717349684260324,
        "recall": 0.9694611432849948,
        "confusion_matrix": [
            [
                0.9873684210526316,
                0.0,
                0.01263157894736842,
                0.0,
                0.0,
                0.0
            ],
            [
                0.012594458438287154,
                0.9722921914357683,
                0.015113350125944584,
                0.0,
                0.0,
                0.0
            ],
            [
                0.039538714991762765,
                0.0032948929159802307,
                0.9555189456342669,
                0.0,
                0.0016474464579901153,
                0.0
            ],
            [
                0.0,
                0.0,
                0.0,
                1.0,
                0.0,
                0.0
            ],
            [
                0.0,
                0.015873015873015872,
                0.08253968253968254,
                0.0,
                0.9015873015873016,
                0.0
            ],
            [
                0.0,
                0.0,
                0.0,
                0.0,
                0.0,
                1.0
            ]
        ],
        "confusion_matrix_labels": [
            "DoS/DDoS",
            "Info_Gathering",
            "Injection",
            "MITM",
            "Malware",
            "Normal"
        ],
        "round_time": 15.545011520385742,
        "round_start_time": 1771783936.9209664,
        "round_end_time": 1771783952.465978,
        "evaluate_time": 0.756126880645752,
        "inference_time": 0.10037088394165039
    },
    "19": {
        "trees_by_client": 200,
        "first_server_serialise_trees_size": 179098,
        "fit_time": 2.629395008087158,
        "client_serialise_trees_size": 5277781,
        "final_server_serialise_trees_size": 26095457,
        "f1_score": 0.9708327939456257,
        "mcc": 0.954453528339859,
        "accuracy": 0.96419185282523,
        "precision": 0.9723749532822744,
        "recall": 0.9704100590953715,
        "confusion_matrix": [
            [
                0.9873684210526316,
                0.0,
                0.01263157894736842,
                0.0,
                0.0,
                0.0
            ],
            [
                0.010075566750629723,
                0.9748110831234257,
                0.015113350125944584,
                0.0,
                0.0,
                0.0
            ],
            [
                0.039538714991762765,
                0.0032948929159802307,
                0.9555189456342669,
                0.0,
                0.0016474464579901153,
                0.0
            ],
            [
                0.0,
                0.0,
                0.0,
                1.0,
                0.0,
                0.0
            ],
            [
                0.0,
                0.015873015873015872,
                0.07936507936507936,
                0.0,
                0.9047619047619048,
                0.0
            ],
            [
                0.0,
                0.0,
                0.0,
                0.0,
                0.0,
                1.0
            ]
        ],
        "confusion_matrix_labels": [
            "DoS/DDoS",
            "Info_Gathering",
            "Injection",
            "MITM",
            "Malware",
