{
    "0": {
        "trees_by_client": 10,
        "first_server_serialise_trees_size": 9443,
        "fit_time": 0.050539493560791016,
        "client_serialise_trees_size": 196100,
        "final_server_serialise_trees_size": 1008920,
        "f1_score": 0.9668233029071566,
        "mcc": 0.9513325621555033,
        "accuracy": 0.9615637319316689,
        "precision": 0.9693884090670082,
        "recall": 0.9663716769850436,
        "confusion_matrix": [
            [
                0.9917269906928645,
                0.0,
                0.008273009307135471,
                0.0,
                0.0,
                0.0
            ],
            [
                0.015189873417721518,
                0.9670886075949368,
                0.012658227848101266,
                0.0,
                0.005063291139240506,
                0.0
            ],
            [
                0.02512562814070352,
                0.0033500837520938024,
                0.9698492462311558,
                0.0,
                0.0016750418760469012,
                0.0
            ],
            [
                0.0,
                0.0,
                0.0,
                1.0,
                0.0,
                0.0
            ],
            [
                0.0,
                0.021739130434782608,
                0.10869565217391304,
                0.0,
                0.8695652173913043,
                0.0
            ],
            [
                0.0,
                0.0,
                0.0,
                0.0,
                0.0,
                1.0
            ]
        ],
        "confusion_matrix_labels": [
            "DoS/DDoS",
            "Info_Gathering",
            "Injection",
            "MITM",
            "Malware",
            "Normal"
        ],
        "round_time": 27.123159408569336,
        "round_start_time": 1764807379.877065,
        "round_end_time": 1764807407.0002244,
        "evaluate_time": 0.15874242782592773,
        "inference_time": 0.008423805236816406
    },
    "1": {
        "trees_by_client": 20,
        "first_server_serialise_trees_size": 9569,
        "fit_time": 0.1133279800415039,
        "client_serialise_trees_size": 380049,
        "final_server_serialise_trees_size": 1958004,
        "f1_score": 0.9670791159382522,
        "mcc": 0.9517532196632281,
        "accuracy": 0.961892247043364,
        "precision": 0.9698568035789927,
        "recall": 0.9664376789057282,
        "confusion_matrix": [
            [
                0.9937952430196484,
                0.0,
                0.0062047569803516025,
                0.0,
                0.0,
                0.0
            ],
            [
                0.015189873417721518,
                0.9670886075949368,
                0.012658227848101266,
                0.0,
                0.005063291139240506,
                0.0
            ],
            [
                0.02680067001675042,
                0.0016750418760469012,
                0.9698492462311558,
                0.0,
                0.0016750418760469012,
                0.0
            ],
            [
                0.0,
                0.0,
                0.0,
                1.0,
                0.0,
                0.0
            ],
            [
                0.0,
                0.021739130434782608,
                0.11036789297658862,
                0.0,
                0.8678929765886287,
                0.0
            ],
            [
                0.0,
                0.0,
                0.0,
                0.0,
                0.0,
                1.0
            ]
        ],
        "confusion_matrix_labels": [
            "DoS/DDoS",
            "Info_Gathering",
            "Injection",
            "MITM",
            "Malware",
            "Normal"
        ],
        "round_time": 4.2389397621154785,
        "round_start_time": 1764807423.8492887,
        "round_end_time": 1764807428.0882285,
        "evaluate_time": 0.21250367164611816,
        "inference_time": 0.015070199966430664
    },
    "2": {
        "trees_by_client": 30,
        "first_server_serialise_trees_size": 18985,
        "fit_time": 0.30724239349365234,
        "client_serialise_trees_size": 567264,
        "final_server_serialise_trees_size": 2968095,
        "f1_score": 0.9686168385793658,
        "mcc": 0.9537296072092835,
        "accuracy": 0.9635348226018396,
        "precision": 0.9706365206494878,
        "recall": 0.9682566226674804,
        "confusion_matrix": [
            [
                0.9896587383660806,
                0.002068252326783868,
                0.008273009307135471,
                0.0,
                0.0,
                0.0
            ],
            [
                0.015189873417721518,
                0.9670886075949368,
                0.012658227848101266,
                0.0,
                0.005063291139240506,
                0.0
            ],
            [
                0.02680067001675042,
                0.0016750418760469012,
                0.9698492462311558,
                0.0,
                0.0016750418760469012,
                0.0
            ],
            [
                0.0,
                0.0,
                0.0,
                1.0,
                0.0,
                0.0
            ],
            [
                0.0,
                0.021739130434782608,
                0.09531772575250837,
                0.0,
                0.882943143812709,
                0.0
            ],
            [
                0.0,
                0.0,
                0.0,
                0.0,
                0.0,
                1.0
            ]
        ],
        "confusion_matrix_labels": [
            "DoS/DDoS",
            "Info_Gathering",
            "Injection",
            "MITM",
            "Malware",
            "Normal"
        ],
        "round_time": 4.385328531265259,
        "round_start_time": 1764807443.3454645,
        "round_end_time": 1764807447.730793,
        "evaluate_time": 0.26999354362487793,
        "inference_time": 0.021534204483032227
    },
    "3": {
        "trees_by_client": 40,
        "first_server_serialise_trees_size": 28176,
        "fit_time": 0.32042670249938965,
        "client_serialise_trees_size": 739231,
        "final_server_serialise_trees_size": 3915415,
        "f1_score": 0.9672319877257346,
        "mcc": 0.9516682946698677,
        "accuracy": 0.961892247043364,
        "precision": 0.9695268687784865,
        "recall": 0.9667558025342463,
        "confusion_matrix": [
            [
                0.9906928645294726,
                0.0,
                0.009307135470527405,
                0.0,
                0.0,
                0.0
            ],
            [
                0.015189873417721518,
                0.9670886075949368,
                0.012658227848101266,
                0.0,
                0.005063291139240506,
                0.0
            ],
            [
                0.02680067001675042,
                0.0033500837520938024,
                0.966499162479062,
                0.0,
                0.0033500837520938024,
                0.0
            ],
            [
                0.0,
                0.0,
                0.0,
                1.0,
                0.0,
                0.0
            ],
            [
                0.0,
                0.021739130434782608,
                0.1020066889632107,
                0.0,
                0.8762541806020067,
                0.0
            ],
            [
                0.0,
                0.0,
                0.0,
                0.0,
                0.0,
                1.0
            ]
        ],
        "confusion_matrix_labels": [
            "DoS/DDoS",
            "Info_Gathering",
            "Injection",
            "MITM",
            "Malware",
            "Normal"
        ],
        "round_time": 4.905087947845459,
        "round_start_time": 1764807463.016527,
        "round_end_time": 1764807467.921615,
        "evaluate_time": 0.18657827377319336,
        "inference_time": 0.015590190887451172
    },
    "4": {
        "trees_by_client": 50,
        "first_server_serialise_trees_size": 37782,
        "fit_time": 0.5831258296966553,
        "client_serialise_trees_size": 966955,
        "final_server_serialise_trees_size": 4906528,
        "f1_score": 0.9670146315905358,
        "mcc": 0.9513212027475205,
        "accuracy": 0.9615637319316689,
        "precision": 0.969625138837953,
        "recall": 0.9664780294249242,
        "confusion_matrix": [
            [
                0.9906928645294726,
                0.0,
                0.009307135470527405,
                0.0,
                0.0,
                0.0
            ],
            [
                0.015189873417721518,
                0.9670886075949368,
                0.012658227848101266,
                0.0,
                0.005063291139240506,
                0.0
            ],
            [
                0.02680067001675042,
                0.0016750418760469012,
                0.9698492462311558,
                0.0,
                0.0016750418760469012,
                0.0
            ],
            [
                0.0,
                0.0,
                0.0,
                1.0,
                0.0,
                0.0
            ],
            [
                0.0,
                0.021739130434782608,
                0.10702341137123746,
                0.0,
                0.8712374581939799,
                0.0
            ],
            [
                0.0,
                0.0,
                0.0,
                0.0,
                0.0,
                1.0
            ]
        ],
        "confusion_matrix_labels": [
            "DoS/DDoS",
            "Info_Gathering",
            "Injection",
            "MITM",
            "Malware",
            "Normal"
        ],
        "round_time": 5.981458425521851,
        "round_start_time": 1764807483.1783507,
        "round_end_time": 1764807489.159809,
        "evaluate_time": 0.3074517250061035,
        "inference_time": 0.030462265014648438
    },
    "5": {
        "trees_by_client": 60,
        "first_server_serialise_trees_size": 47362,
        "fit_time": 0.6820049285888672,
        "client_serialise_trees_size": 1141798,
        "final_server_serialise_trees_size": 5831340,
        "f1_score": 0.9670860152631136,
        "mcc": 0.9513479122402521,
        "accuracy": 0.9615637319316689,
        "precision": 0.9697453098017551,
        "recall": 0.9665848487103667,
        "confusion_matrix": [
            [
                0.9896587383660806,
                0.0,
                0.010341261633919338,
                0.0,
                0.0,
                0.0
            ],
            [
                0.015189873417721518,
                0.9670886075949368,
                0.012658227848101266,
                0.0,
                0.005063291139240506,
                0.0
            ],
            [
                0.02680067001675042,
                0.0016750418760469012,
                0.9715242881072027,
                0.0,
                0.0,
                0.0
            ],
            [
                0.0,
                0.0,
                0.0,
                1.0,
                0.0,
                0.0
            ],
            [
                0.0,
                0.021739130434782608,
                0.10702341137123746,
                0.0,
                0.8712374581939799,
                0.0
            ],
            [
                0.0,
                0.0,
                0.0,
                0.0,
                0.0,
                1.0
            ]
        ],
        "confusion_matrix_labels": [
            "DoS/DDoS",
            "Info_Gathering",
            "Injection",
            "MITM",
            "Malware",
            "Normal"
        ],
        "round_time": 7.7607033252716064,
        "round_start_time": 1764807504.4742036,
        "round_end_time": 1764807512.234907,
        "evaluate_time": 0.17731094360351562,
        "inference_time": 0.019501209259033203
    },
    "6": {
        "trees_by_client": 70,
        "first_server_serialise_trees_size": 56173,
        "fit_time": 0.5100550651550293,
        "client_serialise_trees_size": 1342520,
        "final_server_serialise_trees_size": 6855329,
        "f1_score": 0.966014119960517,
        "mcc": 0.9496708865492104,
        "accuracy": 0.9602496714848883,
        "precision": 0.9687527408572506,
        "recall": 0.9654690878174592,
        "confusion_matrix": [
            [
                0.9896587383660806,
                0.0,
                0.010341261633919338,
                0.0,
                0.0,
                0.0
            ],
            [
                0.015189873417721518,
                0.9670886075949368,
                0.012658227848101266,
                0.0,
                0.005063291139240506,
                0.0
            ],
            [
                0.02847571189279732,
                0.0016750418760469012,
                0.9681742043551089,
                0.0,
                0.0016750418760469012,
                0.0
            ],
            [
                0.0,
                0.0,
                0.0,
                1.0,
                0.0,
                0.0
            ],
            [
                0.0,
                0.021739130434782608,
                0.11036789297658862,
                0.0,
                0.8678929765886287,
                0.0
            ],
            [
                0.0,
                0.0,
                0.0,
                0.0,
                0.0,
                1.0
            ]
        ],
        "confusion_matrix_labels": [
            "DoS/DDoS",
            "Info_Gathering",
            "Injection",
            "MITM",
            "Malware",
            "Normal"
        ],
        "round_time": 6.354473352432251,
        "round_start_time": 1764807527.3384838,
        "round_end_time": 1764807533.6929572,
        "evaluate_time": 0.37822842597961426,
        "inference_time": 0.060014963150024414
    },
    "7": {
        "trees_by_client": 80,
        "first_server_serialise_trees_size": 66130,
        "fit_time": 0.8912630081176758,
        "client_serialise_trees_size": 1546615,
        "final_server_serialise_trees_size": 7767179,
        "f1_score": 0.9691479014731798,
        "mcc": 0.9545621025884683,
        "accuracy": 0.96419185282523,
        "precision": 0.9712114706394345,
        "recall": 0.9687076838284915,
        "confusion_matrix": [
            [
                0.9906928645294726,
                0.0,
                0.009307135470527405,
                0.0,
                0.0,
                0.0
            ],
            [
                0.015189873417721518,
                0.9670886075949368,
                0.012658227848101266,
                0.0,
                0.005063291139240506,
                0.0
            ],
            [
                0.02512562814070352,
                0.0033500837520938024,
                0.9698492462311558,
                0.0,
                0.0016750418760469012,
                0.0
            ],
            [
                0.0,
                0.0,
                0.0,
                1.0,
                0.0,
                0.0
            ],
            [
                0.0,
                0.021739130434782608,
                0.09364548494983277,
                0.0,
                0.8846153846153846,
                0.0
            ],
            [
                0.0,
                0.0,
                0.0,
                0.0,
                0.0,
                1.0
            ]
        ],
        "confusion_matrix_labels": [
            "DoS/DDoS",
            "Info_Gathering",
            "Injection",
            "MITM",
            "Malware",
            "Normal"
        ],
        "round_time": 8.092713594436646,
        "round_start_time": 1764807548.964472,
        "round_end_time": 1764807557.0571856,
        "evaluate_time": 0.2841684818267822,
        "inference_time": 0.031768083572387695
    },
    "8": {
        "trees_by_client": 90,
        "first_server_serialise_trees_size": 75661,
        "fit_time": 0.9990301132202148,
        "client_serialise_trees_size": 1739812,
        "final_server_serialise_trees_size": 8827254,
        "f1_score": 0.9674592227017627,
        "mcc": 0.9521316604736416,
        "accuracy": 0.9622207621550591,
        "precision": 0.9698387014380092,
        "recall": 0.967035443025816,
        "confusion_matrix": [
            [
                0.9906928645294726,
                0.0,
                0.009307135470527405,
                0.0,
                0.0,
                0.0
            ],
            [
                0.015189873417721518,
                0.9670886075949368,
                0.012658227848101266,
                0.0,
                0.005063291139240506,
                0.0
            ],
            [
                0.02512562814070352,
                0.0033500837520938024,
                0.9698492462311558,
                0.0,
                0.0016750418760469012,
                0.0
            ],
            [
                0.0,
                0.0,
                0.0,
                1.0,
                0.0,
                0.0
            ],
            [
                0.0,
                0.021739130434782608,
                0.10367892976588629,
                0.0,
                0.8745819397993311,
                0.0
            ],
            [
                0.0,
                0.0,
                0.0,
                0.0,
                0.0,
                1.0
            ]
        ],
        "confusion_matrix_labels": [
            "DoS/DDoS",
            "Info_Gathering",
            "Injection",
            "MITM",
            "Malware",
            "Normal"
        ],
        "round_time": 9.036295175552368,
        "round_start_time": 1764807572.270662,
        "round_end_time": 1764807581.3069572,
        "evaluate_time": 0.48167967796325684,
        "inference_time": 0.06410908699035645
    },
    "9": {
        "trees_by_client": 100,
        "first_server_serialise_trees_size": 85124,
        "fit_time": 0.9665424823760986,
        "client_serialise_trees_size": 1918567,
        "final_server_serialise_trees_size": 9768733,
        "f1_score": 0.9685853341189711,
        "mcc": 0.9537509517954815,
        "accuracy": 0.9635348226018396,
        "precision": 0.9707511182221545,
        "recall": 0.9681502702275998,
        "confusion_matrix": [
            [
                0.9906928645294726,
                0.0,
                0.009307135470527405,
                0.0,
                0.0,
                0.0
            ],
            [
                0.015189873417721518,
                0.9670886075949368,
                0.012658227848101266,
                0.0,
                0.005063291139240506,
                0.0
            ],
            [
                0.02512562814070352,
                0.0033500837520938024,
                0.9698492462311558,
                0.0,
                0.0016750418760469012,
                0.0
            ],
            [
                0.0,
                0.0,
                0.0,
                1.0,
                0.0,
                0.0
            ],
            [
                0.0,
                0.021739130434782608,
                0.09698996655518395,
                0.0,
                0.8812709030100334,
                0.0
            ],
            [
                0.0,
                0.0,
                0.0,
                0.0,
                0.0,
                1.0
            ]
        ],
        "confusion_matrix_labels": [
            "DoS/DDoS",
            "Info_Gathering",
            "Injection",
            "MITM",
            "Malware",
            "Normal"
        ],
        "round_time": 10.062740802764893,
        "round_start_time": 1764807596.6095207,
        "round_end_time": 1764807606.6722615,
        "evaluate_time": 0.6033711433410645,
        "inference_time": 0.07609248161315918
    },
    "10": {
        "trees_by_client": 110,
        "first_server_serialise_trees_size": 94537,
        "fit_time": 0.8806400299072266,
        "client_serialise_trees_size": 2116801,
        "final_server_serialise_trees_size": 10828391,
        "f1_score": 0.9675781952067383,
        "mcc": 0.9521294108524908,
        "accuracy": 0.9622207621550591,
        "precision": 0.9700772547750418,
        "recall": 0.967035443025816,
        "confusion_matrix": [
            [
                0.9906928645294726,
                0.0,
                0.009307135470527405,
                0.0,
                0.0,
                0.0
            ],
            [
                0.015189873417721518,
                0.9670886075949368,
                0.012658227848101266,
                0.0,
                0.005063291139240506,
                0.0
            ],
            [
                0.02680067001675042,
                0.0016750418760469012,
                0.9698492462311558,
                0.0,
                0.0016750418760469012,
                0.0
            ],
            [
                0.0,
                0.0,
                0.0,
                1.0,
                0.0,
                0.0
            ],
            [
                0.0,
                0.021739130434782608,
                0.10367892976588629,
                0.0,
                0.8745819397993311,
                0.0
            ],
            [
                0.0,
                0.0,
                0.0,
                0.0,
                0.0,
                1.0
            ]
        ],
        "confusion_matrix_labels": [
            "DoS/DDoS",
            "Info_Gathering",
            "Injection",
            "MITM",
            "Malware",
            "Normal"
        ],
        "round_time": 11.062459945678711,
        "round_start_time": 1764807621.9754622,
        "round_end_time": 1764807633.0379221,
        "evaluate_time": 0.43204283714294434,
        "inference_time": 0.06686663627624512
    },
    "11": {
        "trees_by_client": 120,
        "first_server_serialise_trees_size": 104110,
        "fit_time": 1.239917278289795,
        "client_serialise_trees_size": 2321045,
        "final_server_serialise_trees_size": 11707382,
        "f1_score": 0.9676496146831232,
        "mcc": 0.9521207105733634,
        "accuracy": 0.9622207621550591,
        "precision": 0.9700752367604112,
        "recall": 0.9671417954656967,
        "confusion_matrix": [
            [
                0.9896587383660806,
                0.0,
                0.010341261633919338,
                0.0,
                0.0,
                0.0
            ],
            [
                0.015189873417721518,
                0.9670886075949368,
                0.012658227848101266,
                0.0,
                0.005063291139240506,
                0.0
            ],
            [
                0.02680067001675042,
                0.0016750418760469012,
                0.9698492462311558,
                0.0,
                0.0016750418760469012,
                0.0
            ],
            [
                0.0,
                0.0,
                0.0,
                1.0,
                0.0,
                0.0
            ],
            [
                0.0,
                0.021739130434782608,
                0.1020066889632107,
                0.0,
                0.8762541806020067,
                0.0
            ],
            [
                0.0,
                0.0,
                0.0,
                0.0,
                0.0,
                1.0
            ]
        ],
        "confusion_matrix_labels": [
            "DoS/DDoS",
            "Info_Gathering",
            "Injection",
            "MITM",
            "Malware",
            "Normal"
        ],
        "round_time": 12.223187923431396,
        "round_start_time": 1764807648.2787514,
        "round_end_time": 1764807660.5019393,
        "evaluate_time": 0.596459150314331,
        "inference_time": 0.1133885383605957
    },
    "12": {
        "trees_by_client": 130,
        "first_server_serialise_trees_size": 113578,
        "fit_time": 1.2506670951843262,
        "client_serialise_trees_size": 2518008,
        "final_server_serialise_trees_size": 12912000,
        "f1_score": 0.9683039301842525,
        "mcc": 0.9533457531485477,
        "accuracy": 0.9632063074901446,
        "precision": 0.9705219828906094,
        "recall": 0.9678715634271539,
        "confusion_matrix": [
            [
                0.9906928645294726,
                0.0,
                0.009307135470527405,
                0.0,
                0.0,
                0.0
            ],
            [
                0.015189873417721518,
                0.9670886075949368,
                0.012658227848101266,
                0.0,
                0.005063291139240506,
                0.0
            ],
            [
                0.02512562814070352,
                0.0033500837520938024,
                0.9698492462311558,
                0.0,
                0.0016750418760469012,
                0.0
            ],
            [
                0.0,
                0.0,
                0.0,
                1.0,
                0.0,
                0.0
            ],
            [
                0.0,
                0.021739130434782608,
                0.09866220735785954,
                0.0,
                0.8795986622073578,
                0.0
            ],
            [
                0.0,
                0.0,
                0.0,
                0.0,
                0.0,
                1.0
            ]
        ],
        "confusion_matrix_labels": [
            "DoS/DDoS",
            "Info_Gathering",
            "Injection",
            "MITM",
            "Malware",
            "Normal"
        ],
        "round_time": 12.06164264678955,
        "round_start_time": 1764807675.7675333,
        "round_end_time": 1764807687.829176,
        "evaluate_time": 0.5686194896697998,
        "inference_time": 0.057822465896606445
    },
    "13": {
        "trees_by_client": 140,
        "first_server_serialise_trees_size": 123405,
        "fit_time": 1.0289008617401123,
        "client_serialise_trees_size": 2697387,
        "final_server_serialise_trees_size": 13706284,
        "f1_score": 0.9687581262980229,
        "mcc": 0.9537253540486751,
        "accuracy": 0.9635348226018396,
        "precision": 0.9710253679698556,
        "recall": 0.9681498033820378,
        "confusion_matrix": [
            [
                0.9906928645294726,
                0.0,
                0.009307135470527405,
                0.0,
                0.0,
                0.0
            ],
            [
                0.015189873417721518,
                0.9670886075949368,
                0.012658227848101266,
                0.0,
                0.005063291139240506,
                0.0
            ],
            [
                0.02847571189279732,
                0.0016750418760469012,
                0.9681742043551089,
                0.0,
                0.0016750418760469012,
                0.0
            ],
            [
                0.0,
                0.0,
                0.0,
                1.0,
                0.0,
                0.0
            ],
            [
                0.0,
                0.021739130434782608,
                0.09531772575250837,
                0.0,
                0.882943143812709,
                0.0
            ],
            [
                0.0,
                0.0,
                0.0,
                0.0,
                0.0,
                1.0
            ]
        ],
        "confusion_matrix_labels": [
            "DoS/DDoS",
            "Info_Gathering",
            "Injection",
            "MITM",
            "Malware",
            "Normal"
        ],
        "round_time": 12.107495069503784,
        "round_start_time": 1764807703.1075273,
        "round_end_time": 1764807715.2150223,
        "evaluate_time": 0.6581027507781982,
        "inference_time": 0.10336875915527344
    },
    "14": {
        "trees_by_client": 150,
        "first_server_serialise_trees_size": 132878,
        "fit_time": 1.3806049823760986,
        "client_serialise_trees_size": 2905425,
        "final_server_serialise_trees_size": 14757245,
        "f1_score": 0.9666860128132234,
        "mcc": 0.9509109300156979,
        "accuracy": 0.9612352168199737,
        "precision": 0.969159708488975,
        "recall": 0.9663056750643588,
        "confusion_matrix": [
            [
                0.9896587383660806,
                0.0,
                0.010341261633919338,
                0.0,
                0.0,
                0.0
            ],
            [
                0.015189873417721518,
                0.9670886075949368,
                0.012658227848101266,
                0.0,
                0.005063291139240506,
                0.0
            ],
            [
                0.02512562814070352,
                0.0033500837520938024,
                0.9698492462311558,
                0.0,
                0.0016750418760469012,
                0.0
            ],
            [
                0.0,
                0.0,
                0.0,
                1.0,
                0.0,
                0.0
            ],
            [
                0.0,
                0.021739130434782608,
                0.10702341137123746,
                0.0,
                0.8712374581939799,
                0.0
            ],
            [
                0.0,
                0.0,
                0.0,
                0.0,
                0.0,
                1.0
            ]
        ],
        "confusion_matrix_labels": [
            "DoS/DDoS",
            "Info_Gathering",
            "Injection",
            "MITM",
            "Malware",
            "Normal"
        ],
        "round_time": 14.128364562988281,
        "round_start_time": 1764807730.4674716,
        "round_end_time": 1764807744.5958362,
        "evaluate_time": 0.3455495834350586,
        "inference_time": 0.04498457908630371
    },
    "15": {
        "trees_by_client": 160,
        "first_server_serialise_trees_size": 141372,
        "fit_time": 1.153247594833374,
        "client_serialise_trees_size": 3078944,
        "final_server_serialise_trees_size": 15826564,
        "f1_score": 0.96640429502124,
        "mcc": 0.9505073725099864,
        "accuracy": 0.9609067017082786,
        "precision": 0.9689353399585956,
        "recall": 0.9660269682639129,
        "confusion_matrix": [
            [
                0.9896587383660806,
                0.0,
                0.010341261633919338,
                0.0,
                0.0,
                0.0
            ],
            [
                0.015189873417721518,
                0.9670886075949368,
                0.012658227848101266,
                0.0,
                0.005063291139240506,
                0.0
            ],
            [
                0.02512562814070352,
                0.0033500837520938024,
                0.9698492462311558,
                0.0,
                0.0016750418760469012,
                0.0
            ],
            [
                0.0,
                0.0,
                0.0,
                1.0,
                0.0,
                0.0
            ],
            [
                0.0,
                0.021739130434782608,
                0.10869565217391304,
                0.0,
                0.8695652173913043,
                0.0
            ],
            [
                0.0,
                0.0,
                0.0,
                0.0,
                0.0,
                1.0
            ]
        ],
        "confusion_matrix_labels": [
            "DoS/DDoS",
            "Info_Gathering",
            "Injection",
            "MITM",
            "Malware",
            "Normal"
        ],
        "round_time": 13.530973196029663,
        "round_start_time": 1764807759.713478,
        "round_end_time": 1764807773.2444513,
        "evaluate_time": 0.5079391002655029,
        "inference_time": 0.1202392578125
    },
    "16": {
        "trees_by_client": 170,
        "first_server_serialise_trees_size": 151368,
        "fit_time": 1.7375900745391846,
        "client_serialise_trees_size": 3249582,
        "final_server_serialise_trees_size": 16619055,
        "f1_score": 0.9674592227017627,
        "mcc": 0.9521316604736416,
        "accuracy": 0.9622207621550591,
        "precision": 0.9698387014380092,
        "recall": 0.967035443025816,
        "confusion_matrix": [
            [
                0.9906928645294726,
                0.0,
                0.009307135470527405,
                0.0,
                0.0,
                0.0
            ],
            [
                0.015189873417721518,
                0.9670886075949368,
                0.012658227848101266,
                0.0,
                0.005063291139240506,
                0.0
            ],
            [
                0.02512562814070352,
                0.0033500837520938024,
                0.9698492462311558,
                0.0,
                0.0016750418760469012,
                0.0
            ],
            [
                0.0,
                0.0,
                0.0,
                1.0,
                0.0,
                0.0
            ],
            [
                0.0,
                0.021739130434782608,
                0.10367892976588629,
                0.0,
                0.8745819397993311,
                0.0
            ],
            [
                0.0,
                0.0,
                0.0,
                0.0,
                0.0,
                1.0
            ]
        ],
        "confusion_matrix_labels": [
            "DoS/DDoS",
            "Info_Gathering",
            "Injection",
            "MITM",
            "Malware",
            "Normal"
        ],
        "round_time": 15.550866603851318,
        "round_start_time": 1764807788.4721084,
        "round_end_time": 1764807804.022975,
        "evaluate_time": 0.6183667182922363,
        "inference_time": 0.0861973762512207
    },
    "17": {
        "trees_by_client": 180,
        "first_server_serialise_trees_size": 160349,
        "fit_time": 1.9459106922149658,
        "client_serialise_trees_size": 3433491,
        "final_server_serialise_trees_size": 17686587,
        "f1_score": 0.968357573054778,
        "mcc": 0.9532902764998461,
        "accuracy": 0.9632063074901446,
        "precision": 0.9704468244777087,
        "recall": 0.9678706297360301,
        "confusion_matrix": [
            [
                0.9906928645294726,
                0.0,
                0.009307135470527405,
                0.0,
                0.0,
                0.0
            ],
            [
                0.015189873417721518,
                0.9670886075949368,
                0.012658227848101266,
                0.0,
                0.005063291139240506,
                0.0
            ],
            [
                0.02680067001675042,
                0.0033500837520938024,
                0.966499162479062,
                0.0,
                0.0033500837520938024,
                0.0
            ],
            [
                0.0,
                0.0,
                0.0,
                1.0,
                0.0,
                0.0
            ],
            [
                0.0,
                0.021739130434782608,
                0.09531772575250837,
                0.0,
                0.882943143812709,
                0.0
            ],
            [
                0.0,
                0.0,
                0.0,
                0.0,
                0.0,
                1.0
            ]
        ],
        "confusion_matrix_labels": [
            "DoS/DDoS",
            "Info_Gathering",
            "Injection",
            "MITM",
            "Malware",
            "Normal"
        ],
        "round_time": 17.35650610923767,
        "round_start_time": 1764807819.2432406,
        "round_end_time": 1764807836.5997467,
        "evaluate_time": 0.7615370750427246,
        "inference_time": 0.08316969871520996
    },
    "18": {
        "trees_by_client": 190,
        "first_server_serialise_trees_size": 170688,
        "fit_time": 1.7950689792633057,
        "client_serialise_trees_size": 3636158,
        "final_server_serialise_trees_size": 18498369,
        "f1_score": 0.9690073179873858,
        "mcc": 0.9545787394577907,
        "accuracy": 0.96419185282523,
        "precision": 0.9712152126744064,
        "recall": 0.9684949789487304,
        "confusion_matrix": [
            [
                0.9927611168562565,
                0.0,
                0.007238883143743537,
                0.0,
                0.0,
                0.0
            ],
            [
                0.015189873417721518,
                0.9670886075949368,
                0.012658227848101266,
                0.0,
                0.005063291139240506,
                0.0
            ],
            [
                0.02512562814070352,
                0.0033500837520938024,
                0.9698492462311558,
                0.0,
                0.0016750418760469012,
                0.0
            ],
            [
                0.0,
                0.0,
                0.0,
                1.0,
                0.0,
                0.0
            ],
            [
                0.0,
                0.021739130434782608,
                0.09698996655518395,
                0.0,
                0.8812709030100334,
                0.0
            ],
            [
                0.0,
                0.0,
                0.0,
                0.0,
                0.0,
                1.0
            ]
        ],
        "confusion_matrix_labels": [
            "DoS/DDoS",
            "Info_Gathering",
            "Injection",
            "MITM",
            "Malware",
            "Normal"
        ],
        "round_time": 16.19213056564331,
        "round_start_time": 1764807851.8115265,
        "round_end_time": 1764807868.003657,
        "evaluate_time": 0.8308060169219971,
        "inference_time": 0.09319305419921875
    },
    "19": {
        "trees_by_client": 200,
        "first_server_serialise_trees_size": 179792,
        "fit_time": 1.4320907592773438,
        "client_serialise_trees_size": 3803074,
        "final_server_serialise_trees_size": 19436517,
        "f1_score": 0.9664507163028674,
        "mcc": 0.9505139916144516,
        "accuracy": 0.9609067017082786,
        "precision": 0.9691757173316037,
        "recall": 0.9659206158240323,
        "confusion_matrix": [
            [
                0.9906928645294726,
                0.0,
                0.009307135470527405,
                0.0,
                0.0,
                0.0
            ],
            [
                0.015189873417721518,
                0.9670886075949368,
                0.012658227848101266,
                0.0,
                0.005063291139240506,
                0.0
            ],
            [
                0.02680067001675042,
                0.0016750418760469012,
                0.9698492462311558,
                0.0,
                0.0016750418760469012,
                0.0
            ],
            [
                0.0,
                0.0,
                0.0,
                1.0,
                0.0,
                0.0
            ],
            [
                0.0,
                0.021739130434782608,
                0.11036789297658862,
                0.0,
