{
    "0": {
        "trees_by_client": 10,
        "first_server_serialise_trees_size": 9287,
        "fit_time": 0.07059001922607422,
        "client_serialise_trees_size": 256884,
        "final_server_serialise_trees_size": 1295103,
        "f1_score": 0.9688039814558783,
        "mcc": 0.9541213649267976,
        "accuracy": 0.9638633377135348,
        "precision": 0.9722369733928553,
        "recall": 0.9670667991932181,
        "confusion_matrix": [
            [
                0.9917695473251029,
                0.0,
                0.00823045267489712,
                0.0,
                0.0,
                0.0
            ],
            [
                0.024752475247524754,
                0.9529702970297029,
                0.012376237623762377,
                0.0,
                0.009900990099009901,
                0.0
            ],
            [
                0.024958402662229616,
                0.0016638935108153079,
                0.9733777038269551,
                0.0,
                0.0,
                0.0
            ],
            [
                0.0,
                0.0,
                0.0,
                1.0,
                0.0,
                0.0
            ],
            [
                0.0,
                0.015544041450777202,
                0.1001727115716753,
                0.0,
                0.8842832469775475,
                0.0
            ],
            [
                0.0,
                0.0,
                0.0,
                0.0,
                0.0,
                1.0
            ]
        ],
        "confusion_matrix_labels": [
            "DoS/DDoS",
            "Info_Gathering",
            "Injection",
            "MITM",
            "Malware",
            "Normal"
        ],
        "round_time": 31.63895606994629,
        "round_start_time": 1772640348.601467,
        "round_end_time": 1772640380.240423,
        "evaluate_time": 0.1093754768371582,
        "inference_time": 0.004934549331665039
    },
    "1": {
        "trees_by_client": 20,
        "first_server_serialise_trees_size": 9437,
        "fit_time": 0.17866969108581543,
        "client_serialise_trees_size": 540191,
        "final_server_serialise_trees_size": 2690001,
        "f1_score": 0.9685322982812119,
        "mcc": 0.9537313282599212,
        "accuracy": 0.9635348226018396,
        "precision": 0.9719552710607217,
        "recall": 0.9669036352084257,
        "confusion_matrix": [
            [
                0.9917695473251029,
                0.0,
                0.00823045267489712,
                0.0,
                0.0,
                0.0
            ],
            [
                0.022277227722772276,
                0.9554455445544554,
                0.012376237623762377,
                0.0,
                0.009900990099009901,
                0.0
            ],
            [
                0.024958402662229616,
                0.0016638935108153079,
                0.9733777038269551,
                0.0,
                0.0,
                0.0
            ],
            [
                0.0,
                0.0,
                0.0,
                1.0,
                0.0,
                0.0
            ],
            [
                0.0,
                0.015544041450777202,
                0.10362694300518134,
                0.0,
                0.8808290155440415,
                0.0
            ],
            [
                0.0,
                0.0,
                0.0,
                0.0,
                0.0,
                1.0
            ]
        ],
        "confusion_matrix_labels": [
            "DoS/DDoS",
            "Info_Gathering",
            "Injection",
            "MITM",
            "Malware",
            "Normal"
        ],
        "round_time": 3.099177837371826,
        "round_start_time": 1772640395.972539,
        "round_end_time": 1772640399.0717168,
        "evaluate_time": 0.15105676651000977,
        "inference_time": 0.008999109268188477
    },
    "2": {
        "trees_by_client": 30,
        "first_server_serialise_trees_size": 18926,
        "fit_time": 0.41991233825683594,
        "client_serialise_trees_size": 776260,
        "final_server_serialise_trees_size": 4067955,
        "f1_score": 0.9688179393008253,
        "mcc": 0.9541371531365829,
        "accuracy": 0.9638633377135348,
        "precision": 0.9721833242307688,
        "recall": 0.9671914878278846,
        "confusion_matrix": [
            [
                0.9917695473251029,
                0.0,
                0.00823045267489712,
                0.0,
                0.0,
                0.0
            ],
            [
                0.022277227722772276,
                0.9554455445544554,
                0.012376237623762377,
                0.0,
                0.009900990099009901,
                0.0
            ],
            [
                0.024958402662229616,
                0.0016638935108153079,
                0.9733777038269551,
                0.0,
                0.0,
                0.0
            ],
            [
                0.0,
                0.0,
                0.0,
                1.0,
                0.0,
                0.0
            ],
            [
                0.0,
                0.015544041450777202,
                0.10189982728842832,
                0.0,
                0.8825561312607945,
                0.0
            ],
            [
                0.0,
                0.0,
                0.0,
                0.0,
                0.0,
                1.0
            ]
        ],
        "confusion_matrix_labels": [
            "DoS/DDoS",
            "Info_Gathering",
            "Injection",
            "MITM",
            "Malware",
            "Normal"
        ],
        "round_time": 4.103330612182617,
        "round_start_time": 1772640414.159589,
        "round_end_time": 1772640418.2629197,
        "evaluate_time": 0.2661139965057373,
        "inference_time": 0.023263931274414062
    },
    "3": {
        "trees_by_client": 40,
        "first_server_serialise_trees_size": 28420,
        "fit_time": 0.42381834983825684,
        "client_serialise_trees_size": 1040387,
        "final_server_serialise_trees_size": 5409355,
        "f1_score": 0.9682328003640635,
        "mcc": 0.9533093856112871,
        "accuracy": 0.9632063074901446,
        "precision": 0.9717801892085441,
        "recall": 0.9664910939543004,
        "confusion_matrix": [
            [
                0.9917695473251029,
                0.0,
                0.00823045267489712,
                0.0,
                0.0,
                0.0
            ],
            [
                0.024752475247524754,
                0.9529702970297029,
                0.012376237623762377,
                0.0,
                0.009900990099009901,
                0.0
            ],
            [
                0.024958402662229616,
                0.0016638935108153079,
                0.9733777038269551,
                0.0,
                0.0,
                0.0
            ],
            [
                0.0,
                0.0,
                0.0,
                1.0,
                0.0,
                0.0
            ],
            [
                0.0,
                0.015544041450777202,
                0.10362694300518134,
                0.0,
                0.8808290155440415,
                0.0
            ],
            [
                0.0,
                0.0,
                0.0,
                0.0,
                0.0,
                1.0
            ]
        ],
        "confusion_matrix_labels": [
            "DoS/DDoS",
            "Info_Gathering",
            "Injection",
            "MITM",
            "Malware",
            "Normal"
        ],
        "round_time": 4.60335373878479,
        "round_start_time": 1772640433.434475,
        "round_end_time": 1772640438.0378287,
        "evaluate_time": 0.26477837562561035,
        "inference_time": 0.034078359603881836
    },
    "4": {
        "trees_by_client": 50,
        "first_server_serialise_trees_size": 37857,
        "fit_time": 0.49773454666137695,
        "client_serialise_trees_size": 1332710,
        "final_server_serialise_trees_size": 6677423,
        "f1_score": 0.967388699067525,
        "mcc": 0.9521105146201189,
        "accuracy": 0.9622207621550591,
        "precision": 0.9710497733535156,
        "recall": 0.9657522247305904,
        "confusion_matrix": [
            [
                0.9917695473251029,
                0.0,
                0.00823045267489712,
                0.0,
                0.0,
                0.0
            ],
            [
                0.022277227722772276,
                0.9554455445544554,
                0.012376237623762377,
                0.0,
                0.009900990099009901,
                0.0
            ],
            [
                0.024958402662229616,
                0.0016638935108153079,
                0.9733777038269551,
                0.0,
                0.0,
                0.0
            ],
            [
                0.0,
                0.0,
                0.0,
                1.0,
                0.0,
                0.0
            ],
            [
                0.0,
                0.015544041450777202,
                0.11053540587219343,
                0.0,
                0.8739205526770294,
                0.0
            ],
            [
                0.0,
                0.0,
                0.0,
                0.0,
                0.0,
                1.0
            ]
        ],
        "confusion_matrix_labels": [
            "DoS/DDoS",
            "Info_Gathering",
            "Injection",
            "MITM",
            "Malware",
            "Normal"
        ],
        "round_time": 5.643005609512329,
        "round_start_time": 1772640453.2045367,
        "round_end_time": 1772640458.8475423,
        "evaluate_time": 0.3320603370666504,
        "inference_time": 0.03576040267944336
    },
    "5": {
        "trees_by_client": 60,
        "first_server_serialise_trees_size": 47744,
        "fit_time": 0.8427159786224365,
        "client_serialise_trees_size": 1641843,
        "final_server_serialise_trees_size": 8013364,
        "f1_score": 0.9671025340515954,
        "mcc": 0.9517059311452154,
        "accuracy": 0.961892247043364,
        "precision": 0.9708250619632129,
        "recall": 0.9654643721111316,
        "confusion_matrix": [
            [
                0.9917695473251029,
                0.0,
                0.00823045267489712,
                0.0,
                0.0,
                0.0
            ],
            [
                0.022277227722772276,
                0.9554455445544554,
                0.012376237623762377,
                0.0,
                0.009900990099009901,
                0.0
            ],
            [
                0.024958402662229616,
                0.0016638935108153079,
                0.9733777038269551,
                0.0,
                0.0,
                0.0
            ],
            [
                0.0,
                0.0,
                0.0,
                1.0,
                0.0,
                0.0
            ],
            [
                0.0,
                0.015544041450777202,
                0.11226252158894647,
                0.0,
                0.8721934369602763,
                0.0
            ],
            [
                0.0,
                0.0,
                0.0,
                0.0,
                0.0,
                1.0
            ]
        ],
        "confusion_matrix_labels": [
            "DoS/DDoS",
            "Info_Gathering",
            "Injection",
            "MITM",
            "Malware",
            "Normal"
        ],
        "round_time": 6.315161943435669,
        "round_start_time": 1772640474.0274696,
        "round_end_time": 1772640480.3426316,
        "evaluate_time": 0.348818302154541,
        "inference_time": 0.03522896766662598
    },
    "6": {
        "trees_by_client": 70,
        "first_server_serialise_trees_size": 57123,
        "fit_time": 0.9879741668701172,
        "client_serialise_trees_size": 1828573,
        "final_server_serialise_trees_size": 9314489,
        "f1_score": 0.9668030361344471,
        "mcc": 0.9512837862300793,
        "accuracy": 0.9615637319316689,
        "precision": 0.9706499801110354,
        "recall": 0.9650518308570062,
        "confusion_matrix": [
            [
                0.9917695473251029,
                0.0,
                0.00823045267489712,
                0.0,
                0.0,
                0.0
            ],
            [
                0.024752475247524754,
                0.9529702970297029,
                0.012376237623762377,
                0.0,
                0.009900990099009901,
                0.0
            ],
            [
                0.024958402662229616,
                0.0016638935108153079,
                0.9733777038269551,
                0.0,
                0.0,
                0.0
            ],
            [
                0.0,
                0.0,
                0.0,
                1.0,
                0.0,
                0.0
            ],
            [
                0.0,
                0.015544041450777202,
                0.11226252158894647,
                0.0,
                0.8721934369602763,
                0.0
            ],
            [
                0.0,
                0.0,
                0.0,
                0.0,
                0.0,
                1.0
            ]
        ],
        "confusion_matrix_labels": [
            "DoS/DDoS",
            "Info_Gathering",
            "Injection",
            "MITM",
            "Malware",
            "Normal"
        ],
        "round_time": 6.984158515930176,
        "round_start_time": 1772640495.506488,
        "round_end_time": 1772640502.4906466,
        "evaluate_time": 0.3790853023529053,
        "inference_time": 0.04621434211730957
    },
    "7": {
        "trees_by_client": 80,
        "first_server_serialise_trees_size": 66042,
        "fit_time": 1.1417860984802246,
        "client_serialise_trees_size": 2098245,
        "final_server_serialise_trees_size": 10598409,
        "f1_score": 0.9665167624565555,
        "mcc": 0.9508794094306008,
        "accuracy": 0.9612352168199737,
        "precision": 0.9704259277160353,
        "recall": 0.9647639782375474,
        "confusion_matrix": [
            [
                0.9917695473251029,
                0.0,
                0.00823045267489712,
                0.0,
                0.0,
                0.0
            ],
            [
                0.024752475247524754,
                0.9529702970297029,
                0.012376237623762377,
                0.0,
                0.009900990099009901,
                0.0
            ],
            [
                0.024958402662229616,
                0.0016638935108153079,
                0.9733777038269551,
                0.0,
                0.0,
                0.0
            ],
            [
                0.0,
                0.0,
                0.0,
                1.0,
                0.0,
                0.0
            ],
            [
                0.0,
                0.015544041450777202,
                0.11398963730569948,
                0.0,
                0.8704663212435233,
                0.0
            ],
            [
                0.0,
                0.0,
                0.0,
                0.0,
                0.0,
                1.0
            ]
        ],
        "confusion_matrix_labels": [
            "DoS/DDoS",
            "Info_Gathering",
            "Injection",
            "MITM",
            "Malware",
            "Normal"
        ],
        "round_time": 7.872493267059326,
        "round_start_time": 1772640517.6605396,
        "round_end_time": 1772640525.533033,
        "evaluate_time": 0.3148369789123535,
        "inference_time": 0.031273841857910156
    },
    "8": {
        "trees_by_client": 90,
        "first_server_serialise_trees_size": 74995,
        "fit_time": 1.2663698196411133,
        "client_serialise_trees_size": 2339679,
        "final_server_serialise_trees_size": 11847019,
        "f1_score": 0.9665167624565555,
        "mcc": 0.9508794094306008,
        "accuracy": 0.9612352168199737,
        "precision": 0.9704259277160353,
        "recall": 0.9647639782375474,
        "confusion_matrix": [
            [
                0.9917695473251029,
                0.0,
                0.00823045267489712,
                0.0,
                0.0,
                0.0
            ],
            [
                0.024752475247524754,
                0.9529702970297029,
                0.012376237623762377,
                0.0,
                0.009900990099009901,
                0.0
            ],
            [
                0.024958402662229616,
                0.0016638935108153079,
                0.9733777038269551,
                0.0,
                0.0,
                0.0
            ],
            [
                0.0,
                0.0,
                0.0,
                1.0,
                0.0,
                0.0
            ],
            [
                0.0,
                0.015544041450777202,
                0.11398963730569948,
                0.0,
                0.8704663212435233,
                0.0
            ],
            [
                0.0,
                0.0,
                0.0,
                0.0,
                0.0,
                1.0
            ]
        ],
        "confusion_matrix_labels": [
            "DoS/DDoS",
            "Info_Gathering",
            "Injection",
            "MITM",
            "Malware",
            "Normal"
        ],
        "round_time": 8.61284327507019,
        "round_start_time": 1772640540.6424873,
        "round_end_time": 1772640549.2553306,
        "evaluate_time": 0.3835008144378662,
        "inference_time": 0.037598371505737305
    },
    "9": {
        "trees_by_client": 100,
        "first_server_serialise_trees_size": 85096,
        "fit_time": 0.9951004981994629,
        "client_serialise_trees_size": 2604654,
        "final_server_serialise_trees_size": 13062942,
        "f1_score": 0.9668162603737037,
        "mcc": 0.9513015950337045,
        "accuracy": 0.9615637319316689,
        "precision": 0.9706010095682128,
        "recall": 0.9651765194916727,
        "confusion_matrix": [
            [
                0.9917695473251029,
                0.0,
                0.00823045267489712,
                0.0,
                0.0,
                0.0
            ],
            [
                0.022277227722772276,
                0.9554455445544554,
                0.012376237623762377,
                0.0,
                0.009900990099009901,
                0.0
            ],
            [
                0.024958402662229616,
                0.0016638935108153079,
                0.9733777038269551,
                0.0,
                0.0,
                0.0
            ],
            [
                0.0,
                0.0,
                0.0,
                1.0,
                0.0,
                0.0
            ],
            [
                0.0,
                0.015544041450777202,
                0.11398963730569948,
                0.0,
                0.8704663212435233,
                0.0
            ],
            [
                0.0,
                0.0,
                0.0,
                0.0,
                0.0,
                1.0
            ]
        ],
        "confusion_matrix_labels": [
            "DoS/DDoS",
            "Info_Gathering",
            "Injection",
            "MITM",
            "Malware",
            "Normal"
        ],
        "round_time": 9.665436506271362,
        "round_start_time": 1772640564.3874543,
        "round_end_time": 1772640574.0528908,
        "evaluate_time": 0.49896836280822754,
        "inference_time": 0.0603489875793457
    },
    "10": {
        "trees_by_client": 110,
        "first_server_serialise_trees_size": 94892,
        "fit_time": 1.3884472846984863,
        "client_serialise_trees_size": 2837053,
        "final_server_serialise_trees_size": 14437789,
        "f1_score": 0.967388699067525,
        "mcc": 0.9521105146201189,
        "accuracy": 0.9622207621550591,
        "precision": 0.9710497733535156,
        "recall": 0.9657522247305904,
        "confusion_matrix": [
            [
                0.9917695473251029,
                0.0,
                0.00823045267489712,
                0.0,
                0.0,
                0.0
            ],
            [
                0.022277227722772276,
                0.9554455445544554,
                0.012376237623762377,
                0.0,
                0.009900990099009901,
                0.0
            ],
            [
                0.024958402662229616,
                0.0016638935108153079,
                0.9733777038269551,
                0.0,
                0.0,
                0.0
            ],
            [
                0.0,
                0.0,
                0.0,
                1.0,
                0.0,
                0.0
            ],
            [
                0.0,
                0.015544041450777202,
                0.11053540587219343,
                0.0,
                0.8739205526770294,
                0.0
            ],
            [
                0.0,
                0.0,
                0.0,
                0.0,
                0.0,
                1.0
            ]
        ],
        "confusion_matrix_labels": [
            "DoS/DDoS",
            "Info_Gathering",
            "Injection",
            "MITM",
            "Malware",
            "Normal"
        ],
        "round_time": 10.771956205368042,
        "round_start_time": 1772640589.2545052,
        "round_end_time": 1772640600.0264614,
        "evaluate_time": 0.5680363178253174,
        "inference_time": 0.07009696960449219
    },
    "11": {
        "trees_by_client": 120,
        "first_server_serialise_trees_size": 103871,
        "fit_time": 1.1550395488739014,
        "client_serialise_trees_size": 3147565,
        "final_server_serialise_trees_size": 15651209,
        "f1_score": 0.9668162603737037,
        "mcc": 0.9513015950337045,
        "accuracy": 0.9615637319316689,
        "precision": 0.9706010095682128,
        "recall": 0.9651765194916727,
        "confusion_matrix": [
            [
                0.9917695473251029,
                0.0,
                0.00823045267489712,
                0.0,
                0.0,
                0.0
            ],
            [
                0.022277227722772276,
                0.9554455445544554,
                0.012376237623762377,
                0.0,
                0.009900990099009901,
                0.0
            ],
            [
                0.024958402662229616,
                0.0016638935108153079,
                0.9733777038269551,
                0.0,
                0.0,
                0.0
            ],
            [
                0.0,
                0.0,
                0.0,
                1.0,
                0.0,
                0.0
            ],
            [
                0.0,
                0.015544041450777202,
                0.11398963730569948,
                0.0,
                0.8704663212435233,
                0.0
            ],
            [
                0.0,
                0.0,
                0.0,
                0.0,
                0.0,
                1.0
            ]
        ],
        "confusion_matrix_labels": [
            "DoS/DDoS",
            "Info_Gathering",
            "Injection",
            "MITM",
            "Malware",
            "Normal"
        ],
        "round_time": 11.406677722930908,
        "round_start_time": 1772640615.2044845,
        "round_end_time": 1772640626.6111622,
        "evaluate_time": 0.5696961879730225,
        "inference_time": 0.06768989562988281
    },
    "12": {
        "trees_by_client": 130,
        "first_server_serialise_trees_size": 113532,
        "fit_time": 1.7615928649902344,
        "client_serialise_trees_size": 3395401,
        "final_server_serialise_trees_size": 17041705,
        "f1_score": 0.9673752587940095,
        "mcc": 0.9520932819891421,
        "accuracy": 0.9622207621550591,
        "precision": 0.9711000649830926,
        "recall": 0.965627536095924,
        "confusion_matrix": [
            [
                0.9917695473251029,
                0.0,
                0.00823045267489712,
                0.0,
                0.0,
                0.0
            ],
            [
                0.024752475247524754,
                0.9529702970297029,
                0.012376237623762377,
                0.0,
                0.009900990099009901,
                0.0
            ],
            [
                0.024958402662229616,
                0.0016638935108153079,
                0.9733777038269551,
                0.0,
                0.0,
                0.0
            ],
            [
                0.0,
                0.0,
                0.0,
                1.0,
                0.0,
                0.0
            ],
            [
                0.0,
                0.015544041450777202,
                0.10880829015544041,
                0.0,
                0.8756476683937824,
                0.0
            ],
            [
                0.0,
                0.0,
                0.0,
                0.0,
                0.0,
                1.0
            ]
        ],
        "confusion_matrix_labels": [
            "DoS/DDoS",
            "Info_Gathering",
            "Injection",
            "MITM",
            "Malware",
            "Normal"
        ],
        "round_time": 11.823255777359009,
        "round_start_time": 1772640641.7925022,
        "round_end_time": 1772640653.615758,
        "evaluate_time": 0.619152307510376,
        "inference_time": 0.08153724670410156
    },
    "13": {
        "trees_by_client": 140,
        "first_server_serialise_trees_size": 123213,
        "fit_time": 1.7512261867523193,
        "client_serialise_trees_size": 3648112,
        "final_server_serialise_trees_size": 18414558,
        "f1_score": 0.9668162603737037,
        "mcc": 0.9513015950337045,
        "accuracy": 0.9615637319316689,
        "precision": 0.9706010095682128,
        "recall": 0.9651765194916727,
        "confusion_matrix": [
            [
                0.9917695473251029,
                0.0,
                0.00823045267489712,
                0.0,
                0.0,
                0.0
            ],
            [
                0.022277227722772276,
                0.9554455445544554,
                0.012376237623762377,
                0.0,
                0.009900990099009901,
                0.0
            ],
            [
                0.024958402662229616,
                0.0016638935108153079,
                0.9733777038269551,
                0.0,
                0.0,
                0.0
            ],
            [
                0.0,
                0.0,
                0.0,
                1.0,
                0.0,
                0.0
            ],
            [
                0.0,
                0.015544041450777202,
                0.11398963730569948,
                0.0,
                0.8704663212435233,
                0.0
            ],
            [
                0.0,
                0.0,
                0.0,
                0.0,
                0.0,
                1.0
            ]
        ],
        "confusion_matrix_labels": [
            "DoS/DDoS",
            "Info_Gathering",
            "Injection",
            "MITM",
            "Malware",
            "Normal"
        ],
        "round_time": 12.755125999450684,
        "round_start_time": 1772640668.8094544,
        "round_end_time": 1772640681.5645804,
        "evaluate_time": 0.6835801601409912,
        "inference_time": 0.09601283073425293
    },
    "14": {
        "trees_by_client": 150,
        "first_server_serialise_trees_size": 132461,
        "fit_time": 2.0386602878570557,
        "client_serialise_trees_size": 3900435,
        "final_server_serialise_trees_size": 19644190,
        "f1_score": 0.9665167624565555,
        "mcc": 0.9508794094306008,
        "accuracy": 0.9612352168199737,
        "precision": 0.9704259277160353,
        "recall": 0.9647639782375474,
        "confusion_matrix": [
            [
                0.9917695473251029,
                0.0,
                0.00823045267489712,
                0.0,
                0.0,
                0.0
            ],
            [
                0.024752475247524754,
                0.9529702970297029,
                0.012376237623762377,
                0.0,
                0.009900990099009901,
                0.0
            ],
            [
                0.024958402662229616,
                0.0016638935108153079,
                0.9733777038269551,
                0.0,
                0.0,
                0.0
            ],
            [
                0.0,
                0.0,
                0.0,
                1.0,
                0.0,
                0.0
            ],
            [
                0.0,
                0.015544041450777202,
                0.11398963730569948,
                0.0,
                0.8704663212435233,
                0.0
            ],
            [
                0.0,
                0.0,
                0.0,
                0.0,
                0.0,
                1.0
            ]
        ],
        "confusion_matrix_labels": [
            "DoS/DDoS",
            "Info_Gathering",
            "Injection",
            "MITM",
            "Malware",
            "Normal"
        ],
        "round_time": 13.565730810165405,
        "round_start_time": 1772640696.7484813,
        "round_end_time": 1772640710.314212,
        "evaluate_time": 0.5124688148498535,
        "inference_time": 0.08725214004516602
    },
    "15": {
        "trees_by_client": 160,
        "first_server_serialise_trees_size": 141717,
        "fit_time": 2.167659282684326,
        "client_serialise_trees_size": 4168905,
        "final_server_serialise_trees_size": 21374722,
        "f1_score": 0.9668162603737037,
        "mcc": 0.9513015950337045,
        "accuracy": 0.9615637319316689,
        "precision": 0.9706010095682128,
        "recall": 0.9651765194916727,
        "confusion_matrix": [
            [
                0.9917695473251029,
                0.0,
                0.00823045267489712,
                0.0,
                0.0,
                0.0
            ],
            [
                0.022277227722772276,
                0.9554455445544554,
                0.012376237623762377,
                0.0,
                0.009900990099009901,
                0.0
            ],
            [
                0.024958402662229616,
                0.0016638935108153079,
                0.9733777038269551,
                0.0,
                0.0,
                0.0
            ],
            [
                0.0,
                0.0,
                0.0,
                1.0,
                0.0,
                0.0
            ],
            [
                0.0,
                0.015544041450777202,
                0.11398963730569948,
                0.0,
                0.8704663212435233,
                0.0
            ],
            [
                0.0,
                0.0,
                0.0,
                0.0,
                0.0,
                1.0
            ]
        ],
        "confusion_matrix_labels": [
            "DoS/DDoS",
            "Info_Gathering",
            "Injection",
            "MITM",
            "Malware",
            "Normal"
        ],
        "round_time": 14.121286153793335,
        "round_start_time": 1772640725.4925787,
        "round_end_time": 1772640739.613865,
        "evaluate_time": 0.7073862552642822,
        "inference_time": 0.08071660995483398
    },
    "16": {
        "trees_by_client": 170,
        "first_server_serialise_trees_size": 151942,
        "fit_time": 2.42779803276062,
        "client_serialise_trees_size": 4473907,
        "final_server_serialise_trees_size": 22243129,
        "f1_score": 0.9679607082705705,
        "mcc": 0.952920424880192,
        "accuracy": 0.9628777923784494,
        "precision": 0.971501185522567,
        "recall": 0.9663279299695081,
        "confusion_matrix": [
            [
                0.9917695473251029,
                0.0,
                0.00823045267489712,
                0.0,
                0.0,
                0.0
            ],
            [
                0.022277227722772276,
                0.9554455445544554,
                0.012376237623762377,
                0.0,
                0.009900990099009901,
                0.0
            ],
            [
                0.024958402662229616,
                0.0016638935108153079,
                0.9733777038269551,
                0.0,
                0.0,
                0.0
            ],
            [
                0.0,
                0.0,
                0.0,
                1.0,
                0.0,
                0.0
            ],
            [
                0.0,
                0.015544041450777202,
                0.1070811744386874,
                0.0,
                0.8773747841105354,
                0.0
            ],
            [
                0.0,
                0.0,
                0.0,
                0.0,
                0.0,
                1.0
            ]
        ],
        "confusion_matrix_labels": [
            "DoS/DDoS",
            "Info_Gathering",
            "Injection",
            "MITM",
            "Malware",
            "Normal"
        ],
        "round_time": 15.498332977294922,
        "round_start_time": 1772640754.7955463,
        "round_end_time": 1772640770.2938793,
        "evaluate_time": 0.7792165279388428,
        "inference_time": 0.11118721961975098
    },
    "17": {
        "trees_by_client": 180,
        "first_server_serialise_trees_size": 160704,
        "fit_time": 2.4965789318084717,
        "client_serialise_trees_size": 4708675,
        "final_server_serialise_trees_size": 23501585,
        "f1_score": 0.9670753050092368,
        "mcc": 0.9516714194469138,
        "accuracy": 0.961892247043364,
        "precision": 0.970925261219555,
        "recall": 0.9652149948417984,
        "confusion_matrix": [
            [
                0.9917695473251029,
                0.0,
                0.00823045267489712,
                0.0,
                0.0,
                0.0
            ],
            [
                0.027227722772277228,
                0.9504950495049505,
                0.012376237623762377,
                0.0,
                0.009900990099009901,
                0.0
            ],
            [
                0.024958402662229616,
                0.0016638935108153079,
                0.9733777038269551,
                0.0,
                0.0,
                0.0
            ],
            [
                0.0,
                0.0,
                0.0,
                1.0,
                0.0,
                0.0
            ],
            [
                0.0,
                0.015544041450777202,
                0.10880829015544041,
                0.0,
                0.8756476683937824,
                0.0
            ],
            [
                0.0,
                0.0,
                0.0,
                0.0,
                0.0,
                1.0
            ]
        ],
        "confusion_matrix_labels": [
            "DoS/DDoS",
            "Info_Gathering",
            "Injection",
            "MITM",
            "Malware",
            "Normal"
        ],
        "round_time": 15.658657312393188,
        "round_start_time": 1772640785.5324495,
        "round_end_time": 1772640801.1911068,
        "evaluate_time": 0.6673235893249512,
        "inference_time": 0.10252189636230469
    },
    "18": {
        "trees_by_client": 190,
        "first_server_serialise_trees_size": 169684,
        "fit_time": 2.4343152046203613,
        "client_serialise_trees_size": 5043530,
        "final_server_serialise_trees_size": 24964228,
        "f1_score": 0.9688179393008253,
        "mcc": 0.9541371531365829,
        "accuracy": 0.9638633377135348,
        "precision": 0.9721833242307688,
        "recall": 0.9671914878278846,
        "confusion_matrix": [
            [
                0.9917695473251029,
                0.0,
                0.00823045267489712,
                0.0,
                0.0,
                0.0
            ],
            [
                0.022277227722772276,
                0.9554455445544554,
                0.012376237623762377,
                0.0,
                0.009900990099009901,
                0.0
            ],
            [
                0.024958402662229616,
                0.0016638935108153079,
                0.9733777038269551,
                0.0,
                0.0,
                0.0
            ],
            [
                0.0,
                0.0,
                0.0,
                1.0,
                0.0,
                0.0
            ],
            [
                0.0,
                0.015544041450777202,
                0.10189982728842832,
                0.0,
                0.8825561312607945,
                0.0
            ],
            [
                0.0,
                0.0,
                0.0,
                0.0,
                0.0,
                1.0
            ]
        ],
        "confusion_matrix_labels": [
            "DoS/DDoS",
            "Info_Gathering",
            "Injection",
            "MITM",
            "Malware",
            "Normal"
        ],
        "round_time": 17.409576654434204,
        "round_start_time": 1772640816.416141,
        "round_end_time": 1772640833.8257177,
        "evaluate_time": 0.8926684856414795,
        "inference_time": 0.0828864574432373
    },
    "19": {
        "trees_by_client": 200,
        "first_server_serialise_trees_size": 178908,
        "fit_time": 2.540050506591797,
        "client_serialise_trees_size": 5217020,
        "final_server_serialise_trees_size": 26496287,
        "f1_score": 0.9670892011503766,
        "mcc": 0.9516884103146027,
        "accuracy": 0.961892247043364,
        "precision": 0.9708746915013382,
        "recall": 0.965339683476465,
        "confusion_matrix": [
            [
                0.9917695473251029,
                0.0,
                0.00823045267489712,
                0.0,
                0.0,
                0.0
            ],
            [
                0.024752475247524754,
                0.9529702970297029,
                0.012376237623762377,
                0.0,
                0.009900990099009901,
                0.0
            ],
            [
                0.024958402662229616,
                0.0016638935108153079,
                0.9733777038269551,
                0.0,
                0.0,
                0.0
            ],
            [
                0.0,
                0.0,
                0.0,
                1.0,
                0.0,
                0.0
            ],
            [
                0.0,
                0.015544041450777202,
                0.11053540587219343,
                0.0,
                0.8739205526770294,
                0.0
            ],
            [
                0.0,
                0.0,
                0.0,
                0.0,
                0.0,
                1.0
            ]
        ],
        "confusion_matrix_labels": [
            "DoS/DDoS",
            "Info_Gathering",
            "Injection",
