{
    "0": {
        "trees_by_client": 10,
        "first_server_serialise_trees_size": 9282,
        "fit_time": 0.06888175010681152,
        "client_serialise_trees_size": 276950,
        "final_server_serialise_trees_size": 1331549,
        "f1_score": 0.9662168086717826,
        "mcc": 0.9504574247204366,
        "accuracy": 0.9609067017082786,
        "precision": 0.9702511239524977,
        "recall": 0.964351436983422,
        "confusion_matrix": [
            [
                0.9917695473251029,
                0.0,
                0.00823045267489712,
                0.0,
                0.0,
                0.0
            ],
            [
                0.027227722772277228,
                0.9504950495049505,
                0.012376237623762377,
                0.0,
                0.009900990099009901,
                0.0
            ],
            [
                0.024958402662229616,
                0.0016638935108153079,
                0.9733777038269551,
                0.0,
                0.0,
                0.0
            ],
            [
                0.0,
                0.0,
                0.0,
                1.0,
                0.0,
                0.0
            ],
            [
                0.0,
                0.015544041450777202,
                0.11398963730569948,
                0.0,
                0.8704663212435233,
                0.0
            ],
            [
                0.0,
                0.0,
                0.0,
                0.0,
                0.0,
                1.0
            ]
        ],
        "confusion_matrix_labels": [
            "DoS/DDoS",
            "Info_Gathering",
            "Injection",
            "MITM",
            "Malware",
            "Normal"
        ],
        "round_time": 33.272791385650635,
        "round_start_time": 1771783470.2586205,
        "round_end_time": 1771783503.531412,
        "evaluate_time": 0.0861666202545166,
        "inference_time": 0.0040400028228759766
    },
    "1": {
        "trees_by_client": 20,
        "first_server_serialise_trees_size": 9435,
        "fit_time": 0.1303694248199463,
        "client_serialise_trees_size": 518115,
        "final_server_serialise_trees_size": 2612964,
        "f1_score": 0.9667892473656038,
        "mcc": 0.951266507127851,
        "accuracy": 0.9615637319316689,
        "precision": 0.9706998877378005,
        "recall": 0.9649271422223397,
        "confusion_matrix": [
            [
                0.9917695473251029,
                0.0,
                0.00823045267489712,
                0.0,
                0.0,
                0.0
            ],
            [
                0.027227722772277228,
                0.9504950495049505,
                0.012376237623762377,
                0.0,
                0.009900990099009901,
                0.0
            ],
            [
                0.024958402662229616,
                0.0016638935108153079,
                0.9733777038269551,
                0.0,
                0.0,
                0.0
            ],
            [
                0.0,
                0.0,
                0.0,
                1.0,
                0.0,
                0.0
            ],
            [
                0.0,
                0.015544041450777202,
                0.11053540587219343,
                0.0,
                0.8739205526770294,
                0.0
            ],
            [
                0.0,
                0.0,
                0.0,
                0.0,
                0.0,
                1.0
            ]
        ],
        "confusion_matrix_labels": [
            "DoS/DDoS",
            "Info_Gathering",
            "Injection",
            "MITM",
            "Malware",
            "Normal"
        ],
        "round_time": 2.397355556488037,
        "round_start_time": 1771783518.7880015,
        "round_end_time": 1771783521.185357,
        "evaluate_time": 0.23441839218139648,
        "inference_time": 0.017678260803222656
    },
    "2": {
        "trees_by_client": 30,
        "first_server_serialise_trees_size": 18931,
        "fit_time": 0.29001903533935547,
        "client_serialise_trees_size": 785480,
        "final_server_serialise_trees_size": 4037998,
        "f1_score": 0.9688179393008253,
        "mcc": 0.9541371531365829,
        "accuracy": 0.9638633377135348,
        "precision": 0.9721833242307688,
        "recall": 0.9671914878278846,
        "confusion_matrix": [
            [
                0.9917695473251029,
                0.0,
                0.00823045267489712,
                0.0,
                0.0,
                0.0
            ],
            [
                0.022277227722772276,
                0.9554455445544554,
                0.012376237623762377,
                0.0,
                0.009900990099009901,
                0.0
            ],
            [
                0.024958402662229616,
                0.0016638935108153079,
                0.9733777038269551,
                0.0,
                0.0,
                0.0
            ],
            [
                0.0,
                0.0,
                0.0,
                1.0,
                0.0,
                0.0
            ],
            [
                0.0,
                0.015544041450777202,
                0.10189982728842832,
                0.0,
                0.8825561312607945,
                0.0
            ],
            [
                0.0,
                0.0,
                0.0,
                0.0,
                0.0,
                1.0
            ]
        ],
        "confusion_matrix_labels": [
            "DoS/DDoS",
            "Info_Gathering",
            "Injection",
            "MITM",
            "Malware",
            "Normal"
        ],
        "round_time": 3.9118142127990723,
        "round_start_time": 1771783536.3301623,
        "round_end_time": 1771783540.2419765,
        "evaluate_time": 0.24475312232971191,
        "inference_time": 0.019101858139038086
    },
    "3": {
        "trees_by_client": 40,
        "first_server_serialise_trees_size": 28391,
        "fit_time": 0.560870885848999,
        "client_serialise_trees_size": 1039307,
        "final_server_serialise_trees_size": 5518043,
        "f1_score": 0.9668162603737037,
        "mcc": 0.9513015950337045,
        "accuracy": 0.9615637319316689,
        "precision": 0.9706010095682128,
        "recall": 0.9651765194916727,
        "confusion_matrix": [
            [
                0.9917695473251029,
                0.0,
                0.00823045267489712,
                0.0,
                0.0,
                0.0
            ],
            [
                0.022277227722772276,
                0.9554455445544554,
                0.012376237623762377,
                0.0,
                0.009900990099009901,
                0.0
            ],
            [
                0.024958402662229616,
                0.0016638935108153079,
                0.9733777038269551,
                0.0,
                0.0,
                0.0
            ],
            [
                0.0,
                0.0,
                0.0,
                1.0,
                0.0,
                0.0
            ],
            [
                0.0,
                0.015544041450777202,
                0.11398963730569948,
                0.0,
                0.8704663212435233,
                0.0
            ],
            [
                0.0,
                0.0,
                0.0,
                0.0,
                0.0,
                1.0
            ]
        ],
        "confusion_matrix_labels": [
            "DoS/DDoS",
            "Info_Gathering",
            "Injection",
            "MITM",
            "Malware",
            "Normal"
        ],
        "round_time": 4.8286755084991455,
        "round_start_time": 1771783555.3842013,
        "round_end_time": 1771783560.2128768,
        "evaluate_time": 0.270554780960083,
        "inference_time": 0.027689456939697266
    },
    "4": {
        "trees_by_client": 50,
        "first_server_serialise_trees_size": 37641,
        "fit_time": 0.6532485485076904,
        "client_serialise_trees_size": 1254887,
        "final_server_serialise_trees_size": 6582358,
        "f1_score": 0.9668030361344471,
        "mcc": 0.9512837862300793,
        "accuracy": 0.9615637319316689,
        "precision": 0.9706499801110354,
        "recall": 0.9650518308570062,
        "confusion_matrix": [
            [
                0.9917695473251029,
                0.0,
                0.00823045267489712,
                0.0,
                0.0,
                0.0
            ],
            [
                0.024752475247524754,
                0.9529702970297029,
                0.012376237623762377,
                0.0,
                0.009900990099009901,
                0.0
            ],
            [
                0.024958402662229616,
                0.0016638935108153079,
                0.9733777038269551,
                0.0,
                0.0,
                0.0
            ],
            [
                0.0,
                0.0,
                0.0,
                1.0,
                0.0,
                0.0
            ],
            [
                0.0,
                0.015544041450777202,
                0.11226252158894647,
                0.0,
                0.8721934369602763,
                0.0
            ],
            [
                0.0,
                0.0,
                0.0,
                0.0,
                0.0,
                1.0
            ]
        ],
        "confusion_matrix_labels": [
            "DoS/DDoS",
            "Info_Gathering",
            "Injection",
            "MITM",
            "Malware",
            "Normal"
        ],
        "round_time": 5.483159780502319,
        "round_start_time": 1771783575.3849754,
        "round_end_time": 1771783580.8681352,
        "evaluate_time": 0.331179141998291,
        "inference_time": 0.03967738151550293
    },
    "5": {
        "trees_by_client": 60,
        "first_server_serialise_trees_size": 47518,
        "fit_time": 0.8152961730957031,
        "client_serialise_trees_size": 1641687,
        "final_server_serialise_trees_size": 8031329,
        "f1_score": 0.9679607082705705,
        "mcc": 0.952920424880192,
        "accuracy": 0.9628777923784494,
        "precision": 0.971501185522567,
        "recall": 0.9663279299695081,
        "confusion_matrix": [
            [
                0.9917695473251029,
                0.0,
                0.00823045267489712,
                0.0,
                0.0,
                0.0
            ],
            [
                0.022277227722772276,
                0.9554455445544554,
                0.012376237623762377,
                0.0,
                0.009900990099009901,
                0.0
            ],
            [
                0.024958402662229616,
                0.0016638935108153079,
                0.9733777038269551,
                0.0,
                0.0,
                0.0
            ],
            [
                0.0,
                0.0,
                0.0,
                1.0,
                0.0,
                0.0
            ],
            [
                0.0,
                0.015544041450777202,
                0.1070811744386874,
                0.0,
                0.8773747841105354,
                0.0
            ],
            [
                0.0,
                0.0,
                0.0,
                0.0,
                0.0,
                1.0
            ]
        ],
        "confusion_matrix_labels": [
            "DoS/DDoS",
            "Info_Gathering",
            "Injection",
            "MITM",
            "Malware",
            "Normal"
        ],
        "round_time": 6.296881675720215,
        "round_start_time": 1771783596.0710344,
        "round_end_time": 1771783602.367916,
        "evaluate_time": 0.3868215084075928,
        "inference_time": 0.030332565307617188
    },
    "6": {
        "trees_by_client": 70,
        "first_server_serialise_trees_size": 56943,
        "fit_time": 0.959089994430542,
        "client_serialise_trees_size": 1846715,
        "final_server_serialise_trees_size": 9304384,
        "f1_score": 0.9679470571151211,
        "mcc": 0.9529037693310584,
        "accuracy": 0.9628777923784494,
        "precision": 0.9715528106954047,
        "recall": 0.9662032413348416,
        "confusion_matrix": [
            [
                0.9917695473251029,
                0.0,
                0.00823045267489712,
                0.0,
                0.0,
                0.0
            ],
            [
                0.024752475247524754,
                0.9529702970297029,
                0.012376237623762377,
                0.0,
                0.009900990099009901,
                0.0
            ],
            [
                0.024958402662229616,
                0.0016638935108153079,
                0.9733777038269551,
                0.0,
                0.0,
                0.0
            ],
            [
                0.0,
                0.0,
                0.0,
                1.0,
                0.0,
                0.0
            ],
            [
                0.0,
                0.015544041450777202,
                0.10535405872193437,
                0.0,
                0.8791018998272885,
                0.0
            ],
            [
                0.0,
                0.0,
                0.0,
                0.0,
                0.0,
                1.0
            ]
        ],
        "confusion_matrix_labels": [
            "DoS/DDoS",
            "Info_Gathering",
            "Injection",
            "MITM",
            "Malware",
            "Normal"
        ],
        "round_time": 7.014164924621582,
        "round_start_time": 1771783617.5369875,
        "round_end_time": 1771783624.5511525,
        "evaluate_time": 0.3071446418762207,
        "inference_time": 0.033377647399902344
    },
    "7": {
        "trees_by_client": 80,
        "first_server_serialise_trees_size": 66083,
        "fit_time": 1.1058883666992188,
        "client_serialise_trees_size": 2084511,
        "final_server_serialise_trees_size": 10469393,
        "f1_score": 0.9665167624565555,
        "mcc": 0.9508794094306008,
        "accuracy": 0.9612352168199737,
        "precision": 0.9704259277160353,
        "recall": 0.9647639782375474,
        "confusion_matrix": [
            [
                0.9917695473251029,
                0.0,
                0.00823045267489712,
                0.0,
                0.0,
                0.0
            ],
            [
                0.024752475247524754,
                0.9529702970297029,
                0.012376237623762377,
                0.0,
                0.009900990099009901,
                0.0
            ],
            [
                0.024958402662229616,
                0.0016638935108153079,
                0.9733777038269551,
                0.0,
                0.0,
                0.0
            ],
            [
                0.0,
                0.0,
                0.0,
                1.0,
                0.0,
                0.0
            ],
            [
                0.0,
                0.015544041450777202,
                0.11398963730569948,
                0.0,
                0.8704663212435233,
                0.0
            ],
            [
                0.0,
                0.0,
                0.0,
                0.0,
                0.0,
                1.0
            ]
        ],
        "confusion_matrix_labels": [
            "DoS/DDoS",
            "Info_Gathering",
            "Injection",
            "MITM",
            "Malware",
            "Normal"
        ],
        "round_time": 8.906133651733398,
        "round_start_time": 1771783639.6779692,
        "round_end_time": 1771783648.5841029,
        "evaluate_time": 0.2134702205657959,
        "inference_time": 0.025388479232788086
    },
    "8": {
        "trees_by_client": 90,
        "first_server_serialise_trees_size": 75506,
        "fit_time": 1.0030670166015625,
        "client_serialise_trees_size": 2323469,
        "final_server_serialise_trees_size": 11948646,
        "f1_score": 0.9673752587940095,
        "mcc": 0.9520932819891421,
        "accuracy": 0.9622207621550591,
        "precision": 0.9711000649830926,
        "recall": 0.965627536095924,
        "confusion_matrix": [
            [
                0.9917695473251029,
                0.0,
                0.00823045267489712,
                0.0,
                0.0,
                0.0
            ],
            [
                0.024752475247524754,
                0.9529702970297029,
                0.012376237623762377,
                0.0,
                0.009900990099009901,
                0.0
            ],
            [
                0.024958402662229616,
                0.0016638935108153079,
                0.9733777038269551,
                0.0,
                0.0,
                0.0
            ],
            [
                0.0,
                0.0,
                0.0,
                1.0,
                0.0,
                0.0
            ],
            [
                0.0,
                0.015544041450777202,
                0.10880829015544041,
                0.0,
                0.8756476683937824,
                0.0
            ],
            [
                0.0,
                0.0,
                0.0,
                0.0,
                0.0,
                1.0
            ]
        ],
        "confusion_matrix_labels": [
            "DoS/DDoS",
            "Info_Gathering",
            "Injection",
            "MITM",
            "Malware",
            "Normal"
        ],
        "round_time": 7.909440994262695,
        "round_start_time": 1771783663.670028,
        "round_end_time": 1771783671.579469,
        "evaluate_time": 0.47050976753234863,
        "inference_time": 0.05831789970397949
    },
    "9": {
        "trees_by_client": 100,
        "first_server_serialise_trees_size": 85017,
        "fit_time": 1.392878770828247,
        "client_serialise_trees_size": 2579374,
        "final_server_serialise_trees_size": 13185110,
        "f1_score": 0.9668030361344471,
        "mcc": 0.9512837862300793,
        "accuracy": 0.9615637319316689,
        "precision": 0.9706499801110354,
        "recall": 0.9650518308570062,
        "confusion_matrix": [
            [
                0.9917695473251029,
                0.0,
                0.00823045267489712,
                0.0,
                0.0,
                0.0
            ],
            [
                0.024752475247524754,
                0.9529702970297029,
                0.012376237623762377,
                0.0,
                0.009900990099009901,
                0.0
            ],
            [
                0.024958402662229616,
                0.0016638935108153079,
                0.9733777038269551,
                0.0,
                0.0,
                0.0
            ],
            [
                0.0,
                0.0,
                0.0,
                1.0,
                0.0,
                0.0
            ],
            [
                0.0,
                0.015544041450777202,
                0.11226252158894647,
                0.0,
                0.8721934369602763,
                0.0
            ],
            [
                0.0,
                0.0,
                0.0,
                0.0,
                0.0,
                1.0
            ]
        ],
        "confusion_matrix_labels": [
            "DoS/DDoS",
            "Info_Gathering",
            "Injection",
            "MITM",
            "Malware",
            "Normal"
        ],
        "round_time": 9.251904249191284,
        "round_start_time": 1771783686.7419574,
        "round_end_time": 1771783695.9938617,
        "evaluate_time": 0.39561915397644043,
        "inference_time": 0.06398534774780273
    },
    "10": {
        "trees_by_client": 110,
        "first_server_serialise_trees_size": 94613,
        "fit_time": 1.571774959564209,
        "client_serialise_trees_size": 2873425,
        "final_server_serialise_trees_size": 14462897,
        "f1_score": 0.9682465550322693,
        "mcc": 0.9533257522768606,
        "accuracy": 0.9632063074901446,
        "precision": 0.9717278925475821,
        "recall": 0.966615782588967,
        "confusion_matrix": [
            [
                0.9917695473251029,
                0.0,
                0.00823045267489712,
                0.0,
                0.0,
                0.0
            ],
            [
                0.022277227722772276,
                0.9554455445544554,
                0.012376237623762377,
                0.0,
                0.009900990099009901,
                0.0
            ],
            [
                0.024958402662229616,
                0.0016638935108153079,
                0.9733777038269551,
                0.0,
                0.0,
                0.0
            ],
            [
                0.0,
                0.0,
                0.0,
                1.0,
                0.0,
                0.0
            ],
            [
                0.0,
                0.015544041450777202,
                0.10535405872193437,
                0.0,
                0.8791018998272885,
                0.0
            ],
            [
                0.0,
                0.0,
                0.0,
                0.0,
                0.0,
                1.0
            ]
        ],
        "confusion_matrix_labels": [
            "DoS/DDoS",
            "Info_Gathering",
            "Injection",
            "MITM",
            "Malware",
            "Normal"
        ],
        "round_time": 10.53995156288147,
        "round_start_time": 1771783711.1559567,
        "round_end_time": 1771783721.6959083,
        "evaluate_time": 0.48928093910217285,
        "inference_time": 0.07095527648925781
    },
    "11": {
        "trees_by_client": 120,
        "first_server_serialise_trees_size": 104004,
        "fit_time": 1.6610167026519775,
        "client_serialise_trees_size": 3127526,
        "final_server_serialise_trees_size": 15867846,
        "f1_score": 0.9668162603737037,
        "mcc": 0.9513015950337045,
        "accuracy": 0.9615637319316689,
        "precision": 0.9706010095682128,
        "recall": 0.9651765194916727,
        "confusion_matrix": [
            [
                0.9917695473251029,
                0.0,
                0.00823045267489712,
                0.0,
                0.0,
                0.0
            ],
            [
                0.022277227722772276,
                0.9554455445544554,
                0.012376237623762377,
                0.0,
                0.009900990099009901,
                0.0
            ],
            [
                0.024958402662229616,
                0.0016638935108153079,
                0.9733777038269551,
                0.0,
                0.0,
                0.0
            ],
            [
                0.0,
                0.0,
                0.0,
                1.0,
                0.0,
                0.0
            ],
            [
                0.0,
                0.015544041450777202,
                0.11398963730569948,
                0.0,
                0.8704663212435233,
                0.0
            ],
            [
                0.0,
                0.0,
                0.0,
                0.0,
                0.0,
                1.0
            ]
        ],
        "confusion_matrix_labels": [
            "DoS/DDoS",
            "Info_Gathering",
            "Injection",
            "MITM",
            "Malware",
            "Normal"
        ],
        "round_time": 10.776207447052002,
        "round_start_time": 1771783736.904961,
        "round_end_time": 1771783747.6811686,
        "evaluate_time": 0.527186393737793,
        "inference_time": 0.07596492767333984
    },
    "12": {
        "trees_by_client": 130,
        "first_server_serialise_trees_size": 113416,
        "fit_time": 1.8366212844848633,
        "client_serialise_trees_size": 3433534,
        "final_server_serialise_trees_size": 17425310,
        "f1_score": 0.9662168086717826,
        "mcc": 0.9504574247204366,
        "accuracy": 0.9609067017082786,
        "precision": 0.9702511239524977,
        "recall": 0.964351436983422,
        "confusion_matrix": [
            [
                0.9917695473251029,
                0.0,
                0.00823045267489712,
                0.0,
                0.0,
                0.0
            ],
            [
                0.027227722772277228,
                0.9504950495049505,
                0.012376237623762377,
                0.0,
                0.009900990099009901,
                0.0
            ],
            [
                0.024958402662229616,
                0.0016638935108153079,
                0.9733777038269551,
                0.0,
                0.0,
                0.0
            ],
            [
                0.0,
                0.0,
                0.0,
                1.0,
                0.0,
                0.0
            ],
            [
                0.0,
                0.015544041450777202,
                0.11398963730569948,
                0.0,
                0.8704663212435233,
                0.0
            ],
            [
                0.0,
                0.0,
                0.0,
                0.0,
                0.0,
                1.0
            ]
        ],
        "confusion_matrix_labels": [
            "DoS/DDoS",
            "Info_Gathering",
            "Injection",
            "MITM",
            "Malware",
            "Normal"
        ],
        "round_time": 12.93220853805542,
        "round_start_time": 1771783762.8579583,
        "round_end_time": 1771783775.7901669,
        "evaluate_time": 0.31569910049438477,
        "inference_time": 0.041208744049072266
    },
    "13": {
        "trees_by_client": 140,
        "first_server_serialise_trees_size": 123628,
        "fit_time": 1.462773323059082,
        "client_serialise_trees_size": 3636401,
        "final_server_serialise_trees_size": 18590080,
        "f1_score": 0.9668030361344471,
        "mcc": 0.9512837862300793,
        "accuracy": 0.9615637319316689,
        "precision": 0.9706499801110354,
        "recall": 0.9650518308570062,
        "confusion_matrix": [
            [
                0.9917695473251029,
                0.0,
                0.00823045267489712,
                0.0,
                0.0,
                0.0
            ],
            [
                0.024752475247524754,
                0.9529702970297029,
                0.012376237623762377,
                0.0,
                0.009900990099009901,
                0.0
            ],
            [
                0.024958402662229616,
                0.0016638935108153079,
                0.9733777038269551,
                0.0,
                0.0,
                0.0
            ],
            [
                0.0,
                0.0,
                0.0,
                1.0,
                0.0,
                0.0
            ],
            [
                0.0,
                0.015544041450777202,
                0.11226252158894647,
                0.0,
                0.8721934369602763,
                0.0
            ],
            [
                0.0,
                0.0,
                0.0,
                0.0,
                0.0,
                1.0
            ]
        ],
        "confusion_matrix_labels": [
            "DoS/DDoS",
            "Info_Gathering",
            "Injection",
            "MITM",
            "Malware",
            "Normal"
        ],
        "round_time": 11.456904172897339,
        "round_start_time": 1771783790.883661,
        "round_end_time": 1771783802.3405652,
        "evaluate_time": 0.5494480133056641,
        "inference_time": 0.09903526306152344
    },
    "14": {
        "trees_by_client": 150,
        "first_server_serialise_trees_size": 131453,
        "fit_time": 2.035417079925537,
        "client_serialise_trees_size": 3944310,
        "final_server_serialise_trees_size": 19675828,
        "f1_score": 0.9679607082705705,
        "mcc": 0.952920424880192,
        "accuracy": 0.9628777923784494,
        "precision": 0.971501185522567,
        "recall": 0.9663279299695081,
        "confusion_matrix": [
            [
                0.9917695473251029,
                0.0,
                0.00823045267489712,
                0.0,
                0.0,
                0.0
            ],
            [
                0.022277227722772276,
                0.9554455445544554,
                0.012376237623762377,
                0.0,
                0.009900990099009901,
                0.0
            ],
            [
                0.024958402662229616,
                0.0016638935108153079,
                0.9733777038269551,
                0.0,
                0.0,
                0.0
            ],
            [
                0.0,
                0.0,
                0.0,
                1.0,
                0.0,
                0.0
            ],
            [
                0.0,
                0.015544041450777202,
                0.1070811744386874,
                0.0,
                0.8773747841105354,
                0.0
            ],
            [
                0.0,
                0.0,
                0.0,
                0.0,
                0.0,
                1.0
            ]
        ],
        "confusion_matrix_labels": [
            "DoS/DDoS",
            "Info_Gathering",
            "Injection",
            "MITM",
            "Malware",
            "Normal"
        ],
        "round_time": 13.21806526184082,
        "round_start_time": 1771783817.549952,
        "round_end_time": 1771783830.7680173,
        "evaluate_time": 0.6746602058410645,
        "inference_time": 0.0835425853729248
    },
    "15": {
        "trees_by_client": 160,
        "first_server_serialise_trees_size": 141657,
        "fit_time": 1.9234530925750732,
        "client_serialise_trees_size": 4179747,
        "final_server_serialise_trees_size": 21160140,
        "f1_score": 0.967388699067525,
        "mcc": 0.9521105146201189,
        "accuracy": 0.9622207621550591,
        "precision": 0.9710497733535156,
        "recall": 0.9657522247305904,
        "confusion_matrix": [
            [
                0.9917695473251029,
                0.0,
                0.00823045267489712,
                0.0,
                0.0,
                0.0
            ],
            [
                0.022277227722772276,
                0.9554455445544554,
                0.012376237623762377,
                0.0,
                0.009900990099009901,
                0.0
            ],
            [
                0.024958402662229616,
                0.0016638935108153079,
                0.9733777038269551,
                0.0,
                0.0,
                0.0
            ],
            [
                0.0,
                0.0,
                0.0,
                1.0,
                0.0,
                0.0
            ],
            [
                0.0,
                0.015544041450777202,
                0.11053540587219343,
                0.0,
                0.8739205526770294,
                0.0
            ],
            [
                0.0,
                0.0,
                0.0,
                0.0,
                0.0,
                1.0
            ]
        ],
        "confusion_matrix_labels": [
            "DoS/DDoS",
            "Info_Gathering",
            "Injection",
            "MITM",
            "Malware",
            "Normal"
        ],
        "round_time": 14.36153507232666,
        "round_start_time": 1771783845.9549544,
        "round_end_time": 1771783860.3164895,
        "evaluate_time": 0.6988155841827393,
        "inference_time": 0.09174561500549316
    },
    "16": {
        "trees_by_client": 170,
        "first_server_serialise_trees_size": 150750,
        "fit_time": 2.0505220890045166,
        "client_serialise_trees_size": 4433655,
        "final_server_serialise_trees_size": 22569413,
        "f1_score": 0.9671025340515954,
        "mcc": 0.9517059311452154,
        "accuracy": 0.961892247043364,
        "precision": 0.9708250619632129,
        "recall": 0.9654643721111316,
        "confusion_matrix": [
            [
                0.9917695473251029,
                0.0,
                0.00823045267489712,
                0.0,
                0.0,
                0.0
            ],
            [
                0.022277227722772276,
                0.9554455445544554,
                0.012376237623762377,
                0.0,
                0.009900990099009901,
                0.0
            ],
            [
                0.024958402662229616,
                0.0016638935108153079,
                0.9733777038269551,
                0.0,
                0.0,
                0.0
            ],
            [
                0.0,
                0.0,
                0.0,
                1.0,
                0.0,
                0.0
            ],
            [
                0.0,
                0.015544041450777202,
                0.11226252158894647,
                0.0,
                0.8721934369602763,
                0.0
            ],
            [
                0.0,
                0.0,
                0.0,
                0.0,
                0.0,
                1.0
            ]
        ],
        "confusion_matrix_labels": [
            "DoS/DDoS",
            "Info_Gathering",
            "Injection",
            "MITM",
            "Malware",
            "Normal"
        ],
        "round_time": 15.591193675994873,
        "round_start_time": 1771783875.542933,
        "round_end_time": 1771783891.1341267,
        "evaluate_time": 0.39574670791625977,
        "inference_time": 0.052800655364990234
    },
    "17": {
        "trees_by_client": 180,
        "first_server_serialise_trees_size": 160974,
        "fit_time": 2.0354104042053223,
        "client_serialise_trees_size": 4695173,
        "final_server_serialise_trees_size": 23784881,
        "f1_score": 0.9668030361344471,
        "mcc": 0.9512837862300793,
        "accuracy": 0.9615637319316689,
        "precision": 0.9706499801110354,
        "recall": 0.9650518308570062,
        "confusion_matrix": [
            [
                0.9917695473251029,
                0.0,
                0.00823045267489712,
                0.0,
                0.0,
                0.0
            ],
            [
                0.024752475247524754,
                0.9529702970297029,
                0.012376237623762377,
                0.0,
                0.009900990099009901,
                0.0
            ],
            [
                0.024958402662229616,
                0.0016638935108153079,
                0.9733777038269551,
                0.0,
                0.0,
                0.0
            ],
            [
                0.0,
                0.0,
                0.0,
                1.0,
                0.0,
                0.0
            ],
            [
                0.0,
                0.015544041450777202,
                0.11226252158894647,
                0.0,
                0.8721934369602763,
                0.0
            ],
            [
                0.0,
                0.0,
                0.0,
                0.0,
                0.0,
                1.0
            ]
        ],
        "confusion_matrix_labels": [
            "DoS/DDoS",
            "Info_Gathering",
            "Injection",
            "MITM",
            "Malware",
            "Normal"
        ],
        "round_time": 14.565421104431152,
        "round_start_time": 1771783906.2379758,
        "round_end_time": 1771783920.803397,
        "evaluate_time": 0.6816959381103516,
        "inference_time": 0.09226799011230469
    },
    "18": {
        "trees_by_client": 190,
        "first_server_serialise_trees_size": 171095,
        "fit_time": 2.557391881942749,
        "client_serialise_trees_size": 4983890,
        "final_server_serialise_trees_size": 24941632,
        "f1_score": 0.9673752587940095,
        "mcc": 0.9520932819891421,
        "accuracy": 0.9622207621550591,
        "precision": 0.9711000649830926,
        "recall": 0.965627536095924,
        "confusion_matrix": [
            [
                0.9917695473251029,
                0.0,
                0.00823045267489712,
                0.0,
                0.0,
                0.0
            ],
            [
                0.024752475247524754,
                0.9529702970297029,
                0.012376237623762377,
                0.0,
                0.009900990099009901,
                0.0
            ],
            [
                0.024958402662229616,
                0.0016638935108153079,
                0.9733777038269551,
                0.0,
                0.0,
                0.0
            ],
            [
                0.0,
                0.0,
                0.0,
                1.0,
                0.0,
                0.0
            ],
            [
                0.0,
                0.015544041450777202,
                0.10880829015544041,
                0.0,
                0.8756476683937824,
                0.0
            ],
            [
                0.0,
                0.0,
                0.0,
                0.0,
                0.0,
                1.0
            ]
        ],
        "confusion_matrix_labels": [
            "DoS/DDoS",
            "Info_Gathering",
            "Injection",
            "MITM",
            "Malware",
            "Normal"
        ],
        "round_time": 16.368428468704224,
        "round_start_time": 1771783935.988966,
        "round_end_time": 1771783952.3573945,
        "evaluate_time": 0.7814533710479736,
        "inference_time": 0.11466526985168457
    },
    "19": {
        "trees_by_client": 200,
        "first_server_serialise_trees_size": 179098,
        "fit_time": 1.854034423828125,
        "client_serialise_trees_size": 5192124,
        "final_server_serialise_trees_size": 26095457,
        "f1_score": 0.967674756711158,
        "mcc": 0.9525153457632917,
        "accuracy": 0.9625492772667543,
        "precision": 0.9712751468352702,
        "recall": 0.9660400773500492,
        "confusion_matrix": [
            [
                0.9917695473251029,
                0.0,
                0.00823045267489712,
                0.0,
                0.0,
                0.0
            ],
            [
                0.022277227722772276,
                0.9554455445544554,
                0.012376237623762377,
                0.0,
                0.009900990099009901,
                0.0
            ],
            [
                0.024958402662229616,
                0.0016638935108153079,
                0.9733777038269551,
                0.0,
                0.0,
                0.0
            ],
            [
                0.0,
                0.0,
                0.0,
                1.0,
                0.0,
                0.0
            ],
            [
                0.0,
                0.015544041450777202,
                0.10880829015544041,
                0.0,
                0.8756476683937824,
                0.0
            ],
            [
                0.0,
                0.0,
                0.0,
                0.0,
                0.0,
                1.0
            ]
        ],
        "confusion_matrix_labels": [
            "DoS/DDoS",
            "Info_Gathering",
            "Injection",
