{
    "0": {
        "trees_by_client": 10,
        "first_server_serialise_trees_size": 9132,
        "fit_time": 0.4950580596923828,
        "client_serialise_trees_size": 612351,
        "final_server_serialise_trees_size": 769153,
        "f1_score": 0.9633491541672274,
        "mcc": 0.9450372744025087,
        "accuracy": 0.9567788258482331,
        "precision": 0.9667247554482449,
        "recall": 0.9616060853873165,
        "confusion_matrix": [
            [
                0.9840425531914894,
                0.00014775413711583924,
                0.015809692671394798,
                0.0,
                0.0,
                0.0
            ],
            [
                0.03168887288440764,
                0.9438242707958229,
                0.01584443644220382,
                0.0,
                0.008642419877565718,
                0.0
            ],
            [
                0.028768426058012362,
                0.0009510223490252021,
                0.9600570613409415,
                0.0,
                0.010223490252020923,
                0.0
            ],
            [
                0.0,
                0.0,
                0.0,
                1.0,
                0.0,
                0.0
            ],
            [
                0.0,
                0.01644895984518626,
                0.10183841315916788,
                0.0,
                0.8817126269956459,
                0.0
            ],
            [
                0.0,
                0.0,
                0.0,
                0.0,
                0.0,
                1.0
            ]
        ],
        "confusion_matrix_labels": [
            "DoS/DDoS",
            "Info_Gathering",
            "Injection",
            "MITM",
            "Malware",
            "Normal"
        ],
        "round_time": 46.16076993942261,
        "round_start_time": 1773245609.528787,
        "round_end_time": 1773245655.6895568,
        "evaluate_time": 1.0002906322479248,
        "inference_time": 0.003930091857910156
    },
    "1": {
        "trees_by_client": 20,
        "first_server_serialise_trees_size": 19347,
        "fit_time": 1.1717629432678223,
        "client_serialise_trees_size": 1202851,
        "final_server_serialise_trees_size": 1537963,
        "f1_score": 0.9647109753907434,
        "mcc": 0.9471369474149078,
        "accuracy": 0.9583274672673519,
        "precision": 0.9681093392131878,
        "recall": 0.9632894352173258,
        "confusion_matrix": [
            [
                0.9840425531914894,
                0.000591016548463357,
                0.015366430260047281,
                0.0,
                0.0,
                0.0
            ],
            [
                0.025927259632697156,
                0.950666186532229,
                0.015484335613971912,
                0.0,
                0.00792221822110191,
                0.0
            ],
            [
                0.028530670470756064,
                0.0011887779362815027,
                0.9674274845458868,
                0.0,
                0.0028530670470756064,
                0.0
            ],
            [
                0.0,
                0.0,
                0.0,
                1.0,
                0.0,
                0.0
            ],
            [
                0.0,
                0.01644895984518626,
                0.10595065312046444,
                0.0,
                0.8776003870343493,
                0.0
            ],
            [
                0.0,
                0.0,
                0.0,
                0.0,
                0.0,
                1.0
            ]
        ],
        "confusion_matrix_labels": [
            "DoS/DDoS",
            "Info_Gathering",
            "Injection",
            "MITM",
            "Malware",
            "Normal"
        ],
        "round_time": 5.948575496673584,
        "round_start_time": 1773245670.9721673,
        "round_end_time": 1773245676.9207428,
        "evaluate_time": 0.7697672843933105,
        "inference_time": 0.006867408752441406
    },
    "2": {
        "trees_by_client": 30,
        "first_server_serialise_trees_size": 28332,
        "fit_time": 1.6582984924316406,
        "client_serialise_trees_size": 1762121,
        "final_server_serialise_trees_size": 2244202,
        "f1_score": 0.9666435363720907,
        "mcc": 0.9501316561288894,
        "accuracy": 0.9606738936599559,
        "precision": 0.9690926046885865,
        "recall": 0.9660601016164505,
        "confusion_matrix": [
            [
                0.9869976359338062,
                0.0002955082742316785,
                0.012706855791962174,
                0.0,
                0.0,
                0.0
            ],
            [
                0.012243428159884768,
                0.9701116312567519,
                0.009722722362261434,
                0.0,
                0.00792221822110191,
                0.0
            ],
            [
                0.02734189253447456,
                0.0016642891107941037,
                0.9657631954350927,
                0.0,
                0.005230622919638612,
                0.0
            ],
            [
                0.0,
                0.0,
                0.0,
                1.0,
                0.0,
                0.0
            ],
            [
                0.0,
                0.018142235123367198,
                0.10836961780358007,
                0.0,
                0.8734881470730528,
                0.0
            ],
            [
                0.0,
                0.0,
                0.0,
                0.0,
                0.0,
                1.0
            ]
        ],
        "confusion_matrix_labels": [
            "DoS/DDoS",
            "Info_Gathering",
            "Injection",
            "MITM",
            "Malware",
            "Normal"
        ],
        "round_time": 7.858649492263794,
        "round_start_time": 1773245691.9810443,
        "round_end_time": 1773245699.8396938,
        "evaluate_time": 1.0092577934265137,
        "inference_time": 0.0031642913818359375
    },
    "3": {
        "trees_by_client": 40,
        "first_server_serialise_trees_size": 37922,
        "fit_time": 2.077533483505249,
        "client_serialise_trees_size": 2293794,
        "final_server_serialise_trees_size": 3041743,
        "f1_score": 0.9668887263553362,
        "mcc": 0.9505211221587284,
        "accuracy": 0.9609554648270684,
        "precision": 0.9693652860226724,
        "recall": 0.9663712694785146,
        "confusion_matrix": [
            [
                0.9868498817966903,
                0.000591016548463357,
                0.012559101654846336,
                0.0,
                0.0,
                0.0
            ],
            [
                0.011883327331652862,
                0.9711919337414476,
                0.009362621534029529,
                0.0,
                0.007562117392870004,
                0.0
            ],
            [
                0.026866381359961958,
                0.0016642891107941037,
                0.9676652401331431,
                0.0,
                0.0038040893961008085,
                0.0
            ],
            [
                0.0,
                0.0,
                0.0,
                1.0,
                0.0,
                0.0
            ],
            [
                0.0,
                0.017900338655055636,
                0.10957910014513789,
                0.0,
                0.8725205611998065,
                0.0
            ],
            [
                0.0,
                0.0,
                0.0,
                0.0,
                0.0,
                1.0
            ]
        ],
        "confusion_matrix_labels": [
            "DoS/DDoS",
            "Info_Gathering",
            "Injection",
            "MITM",
            "Malware",
            "Normal"
        ],
        "round_time": 8.994251489639282,
        "round_start_time": 1773245714.8942037,
        "round_end_time": 1773245723.8884552,
        "evaluate_time": 1.0956735610961914,
        "inference_time": 0.003631591796875
    },
    "4": {
        "trees_by_client": 50,
        "first_server_serialise_trees_size": 47346,
        "fit_time": 2.4936397075653076,
        "client_serialise_trees_size": 2826195,
        "final_server_serialise_trees_size": 3682721,
        "f1_score": 0.9671359397555688,
        "mcc": 0.9508644933975297,
        "accuracy": 0.9612370359941809,
        "precision": 0.9695746711387899,
        "recall": 0.9665934652201728,
        "confusion_matrix": [
            [
                0.9868498817966903,
                0.0002955082742316785,
                0.012854609929078014,
                0.0,
                0.0,
                0.0
            ],
            [
                0.011883327331652862,
                0.9708318329132157,
                0.009362621534029529,
                0.0,
                0.00792221822110191,
                0.0
            ],
            [
                0.02662862577270566,
                0.0016642891107941037,
                0.9676652401331431,
                0.0,
                0.004041844983357109,
                0.0
            ],
            [
                0.0,
                0.0,
                0.0,
                1.0,
                0.0,
                0.0
            ],
            [
                0.0,
                0.017900338655055636,
                0.10788582486695694,
                0.0,
                0.8742138364779874,
                0.0
            ],
            [
                0.0,
                0.0,
                0.0,
                0.0,
                0.0,
                1.0
            ]
        ],
        "confusion_matrix_labels": [
            "DoS/DDoS",
            "Info_Gathering",
            "Injection",
            "MITM",
            "Malware",
            "Normal"
        ],
        "round_time": 9.85171914100647,
        "round_start_time": 1773245738.9471145,
        "round_end_time": 1773245748.7988336,
        "evaluate_time": 1.2489416599273682,
        "inference_time": 0.0039942264556884766
    },
    "5": {
        "trees_by_client": 60,
        "first_server_serialise_trees_size": 56554,
        "fit_time": 3.090155839920044,
        "client_serialise_trees_size": 3505300,
        "final_server_serialise_trees_size": 4551959,
        "f1_score": 0.9670622067319418,
        "mcc": 0.9507365665780014,
        "accuracy": 0.9611431789384767,
        "precision": 0.9695499574100777,
        "recall": 0.9664528320973086,
        "confusion_matrix": [
            [
                0.9874408983451537,
                0.00014775413711583924,
                0.012411347517730497,
                0.0,
                0.0,
                0.0
            ],
            [
                0.011883327331652862,
                0.9708318329132157,
                0.009362621534029529,
                0.0,
                0.00792221822110191,
                0.0
            ],
            [
                0.02710413694721826,
                0.0014265335235378032,
                0.9667142177841179,
                0.0,
                0.004755111745126011,
                0.0
            ],
            [
                0.0,
                0.0,
                0.0,
                1.0,
                0.0,
                0.0
            ],
            [
                0.0,
                0.017658442186744075,
                0.10861151427189163,
                0.0,
                0.8737300435413643,
                0.0
            ],
            [
                0.0,
                0.0,
                0.0,
                0.0,
                0.0,
                1.0
            ]
        ],
        "confusion_matrix_labels": [
            "DoS/DDoS",
            "Info_Gathering",
            "Injection",
            "MITM",
            "Malware",
            "Normal"
        ],
        "round_time": 11.42835283279419,
        "round_start_time": 1773245763.8531187,
        "round_end_time": 1773245775.2814715,
        "evaluate_time": 1.325481653213501,
        "inference_time": 0.004652738571166992
    },
    "6": {
        "trees_by_client": 70,
        "first_server_serialise_trees_size": 66811,
        "fit_time": 3.5589511394500732,
        "client_serialise_trees_size": 4147184,
        "final_server_serialise_trees_size": 5306390,
        "f1_score": 0.966396827603519,
        "mcc": 0.9497192231153123,
        "accuracy": 0.9603453939649913,
        "precision": 0.9688501580264917,
        "recall": 0.9658350513524542,
        "confusion_matrix": [
            [
                0.9868498817966903,
                0.00014775413711583924,
                0.013002364066193853,
                0.0,
                0.0,
                0.0
            ],
            [
                0.011883327331652862,
                0.9708318329132157,
                0.009722722362261434,
                0.0,
                0.007562117392870004,
                0.0
            ],
            [
                0.02734189253447456,
                0.0016642891107941037,
                0.9650499286733238,
                0.0,
                0.005943889681407513,
                0.0
            ],
            [
                0.0,
                0.0,
                0.0,
                1.0,
                0.0,
                0.0
            ],
            [
                0.0,
                0.018142235123367198,
                0.10957910014513789,
                0.0,
                0.872278664731495,
                0.0
            ],
            [
                0.0,
                0.0,
                0.0,
                0.0,
                0.0,
                1.0
            ]
        ],
        "confusion_matrix_labels": [
            "DoS/DDoS",
            "Info_Gathering",
            "Injection",
            "MITM",
            "Malware",
            "Normal"
        ],
        "round_time": 13.22211241722107,
        "round_start_time": 1773245790.336185,
        "round_end_time": 1773245803.5582974,
        "evaluate_time": 1.451369047164917,
        "inference_time": 0.005328655242919922
    },
    "7": {
        "trees_by_client": 80,
        "first_server_serialise_trees_size": 75743,
        "fit_time": 4.032097339630127,
        "client_serialise_trees_size": 4490322,
        "final_server_serialise_trees_size": 5864407,
        "f1_score": 0.9667448652454512,
        "mcc": 0.9503214644839554,
        "accuracy": 0.9608146792435122,
        "precision": 0.9691313733694035,
        "recall": 0.9662490714936083,
        "confusion_matrix": [
            [
                0.9867021276595744,
                0.0007387706855791962,
                0.012559101654846336,
                0.0,
                0.0,
                0.0
            ],
            [
                0.011883327331652862,
                0.9708318329132157,
                0.009362621534029529,
                0.0,
                0.00792221822110191,
                0.0
            ],
            [
                0.026866381359961958,
                0.0016642891107941037,
                0.9667142177841179,
                0.0,
                0.004755111745126011,
                0.0
            ],
            [
                0.0,
                0.0,
                0.0,
                1.0,
                0.0,
                0.0
            ],
            [
                0.0,
                0.018142235123367198,
                0.10861151427189163,
                0.0,
                0.8732462506047411,
                0.0
            ],
            [
                0.0,
                0.0,
                0.0,
                0.0,
                0.0,
                1.0
            ]
        ],
        "confusion_matrix_labels": [
            "DoS/DDoS",
            "Info_Gathering",
            "Injection",
            "MITM",
            "Malware",
            "Normal"
        ],
        "round_time": 15.995430707931519,
        "round_start_time": 1773245818.6210988,
        "round_end_time": 1773245834.6165295,
        "evaluate_time": 1.7526261806488037,
        "inference_time": 0.005995750427246094
    },
    "8": {
        "trees_by_client": 90,
        "first_server_serialise_trees_size": 85371,
        "fit_time": 4.731566905975342,
        "client_serialise_trees_size": 4997822,
        "final_server_serialise_trees_size": 6497459,
        "f1_score": 0.9673251401666842,
        "mcc": 0.9511845707045418,
        "accuracy": 0.9614716786334413,
        "precision": 0.9699281014214826,
        "recall": 0.9666981426918665,
        "confusion_matrix": [
            [
                0.9877364066193853,
                0.0,
                0.012263593380614658,
                0.0,
                0.0,
                0.0
            ],
            [
                0.011883327331652862,
                0.9708318329132157,
                0.009362621534029529,
                0.0,
                0.00792221822110191,
                0.0
            ],
            [
                0.02710413694721826,
                0.0016642891107941037,
                0.9686162624821684,
                0.0,
                0.002615311459819306,
                0.0
            ],
            [
                0.0,
                0.0,
                0.0,
                1.0,
                0.0,
                0.0
            ],
            [
                0.0,
                0.017658442186744075,
                0.10933720367682633,
                0.0,
                0.8730043541364296,
                0.0
            ],
            [
                0.0,
                0.0,
                0.0,
                0.0,
                0.0,
                1.0
            ]
        ],
        "confusion_matrix_labels": [
            "DoS/DDoS",
            "Info_Gathering",
            "Injection",
            "MITM",
            "Malware",
            "Normal"
        ],
        "round_time": 16.136099576950073,
        "round_start_time": 1773245849.6801026,
        "round_end_time": 1773245865.8162022,
        "evaluate_time": 1.7424278259277344,
        "inference_time": 0.007416248321533203
    },
    "9": {
        "trees_by_client": 100,
        "first_server_serialise_trees_size": 94439,
        "fit_time": 5.0792505741119385,
        "client_serialise_trees_size": 5675046,
        "final_server_serialise_trees_size": 7376271,
        "f1_score": 0.9675297987252277,
        "mcc": 0.9514616947386021,
        "accuracy": 0.9617063212727017,
        "precision": 0.9700270465953258,
        "recall": 0.9669261947342704,
        "confusion_matrix": [
            [
                0.9878841607565012,
                0.0,
                0.012115839243498818,
                0.0,
                0.0,
                0.0
            ],
            [
                0.011523226503420959,
                0.9715520345696795,
                0.009362621534029529,
                0.0,
                0.007562117392870004,
                0.0
            ],
            [
                0.02710413694721826,
                0.0016642891107941037,
                0.9676652401331431,
                0.0,
                0.003566333808844508,
                0.0
            ],
            [
                0.0,
                0.0,
                0.0,
                1.0,
                0.0,
                0.0
            ],
            [
                0.0,
                0.017658442186744075,
                0.10788582486695694,
                0.0,
                0.874455732946299,
                0.0
            ],
            [
                0.0,
                0.0,
                0.0,
                0.0,
                0.0,
                1.0
            ]
        ],
        "confusion_matrix_labels": [
            "DoS/DDoS",
            "Info_Gathering",
            "Injection",
            "MITM",
            "Malware",
            "Normal"
        ],
        "round_time": 19.971195220947266,
        "round_start_time": 1773245880.8786864,
        "round_end_time": 1773245900.8498816,
        "evaluate_time": 1.557410717010498,
        "inference_time": 0.007103443145751953
    },
    "10": {
        "trees_by_client": 110,
        "first_server_serialise_trees_size": 104045,
        "fit_time": 5.486759901046753,
        "client_serialise_trees_size": 6079658,
        "final_server_serialise_trees_size": 7994504,
        "f1_score": 0.965321162873131,
        "mcc": 0.94828638830368,
        "accuracy": 0.9591252522408372,
        "precision": 0.9682479396917091,
        "recall": 0.9647417801521224,
        "confusion_matrix": [
            [
                0.9869976359338062,
                0.0004432624113475177,
                0.012559101654846336,
                0.0,
                0.0,
                0.0
            ],
            [
                0.011883327331652862,
                0.9704717320849838,
                0.009722722362261434,
                0.0,
                0.00792221822110191,
                0.0
            ],
            [
                0.02734189253447456,
                0.0014265335235378032,
                0.968378506894912,
                0.0,
                0.0028530670470756064,
                0.0
            ],
            [
                0.0,
                0.0,
                0.0,
                1.0,
                0.0,
                0.0
            ],
            [
                0.0,
                0.017900338655055636,
                0.11949685534591195,
                0.0,
                0.8626028059990324,
                0.0
            ],
            [
                0.0,
                0.0,
                0.0,
                0.0,
                0.0,
                1.0
            ]
        ],
        "confusion_matrix_labels": [
            "DoS/DDoS",
            "Info_Gathering",
            "Injection",
            "MITM",
            "Malware",
            "Normal"
        ],
        "round_time": 21.654592990875244,
        "round_start_time": 1773245915.9155734,
        "round_end_time": 1773245937.5701663,
        "evaluate_time": 1.8699100017547607,
        "inference_time": 0.007855415344238281
    },
    "11": {
        "trees_by_client": 120,
        "first_server_serialise_trees_size": 113682,
        "fit_time": 6.176949739456177,
        "client_serialise_trees_size": 6951140,
        "final_server_serialise_trees_size": 8928505,
        "f1_score": 0.9663831100814404,
        "mcc": 0.9497509220491618,
        "accuracy": 0.9603453939649913,
        "precision": 0.9689459423410453,
        "recall": 0.965819230420987,
        "confusion_matrix": [
            [
                0.987145390070922,
                0.0002955082742316785,
                0.012559101654846336,
                0.0,
                0.0,
                0.0
            ],
            [
                0.011163125675189053,
                0.9711919337414476,
                0.009722722362261434,
                0.0,
                0.00792221822110191,
                0.0
            ],
            [
                0.02710413694721826,
                0.0014265335235378032,
                0.9664764621968617,
                0.0,
                0.004992867332382311,
                0.0
            ],
            [
                0.0,
                0.0,
                0.0,
                1.0,
                0.0,
                0.0
            ],
            [
                0.0,
                0.017658442186744075,
                0.11223996129656506,
                0.0,
                0.8701015965166908,
                0.0
            ],
            [
                0.0,
                0.0,
                0.0,
                0.0,
                0.0,
                1.0
            ]
        ],
        "confusion_matrix_labels": [
            "DoS/DDoS",
            "Info_Gathering",
            "Injection",
            "MITM",
            "Malware",
            "Normal"
        ],
        "round_time": 23.34561586380005,
        "round_start_time": 1773245952.6351783,
        "round_end_time": 1773245975.9807942,
        "evaluate_time": 2.111907720565796,
        "inference_time": 0.008788585662841797
    },
    "12": {
        "trees_by_client": 130,
        "first_server_serialise_trees_size": 122470,
        "fit_time": 6.665610074996948,
        "client_serialise_trees_size": 7342385,
        "final_server_serialise_trees_size": 9627660,
        "f1_score": 0.965515357355399,
        "mcc": 0.9482570183946541,
        "accuracy": 0.9592191092965414,
        "precision": 0.9685566061246194,
        "recall": 0.9643300011227093,
        "confusion_matrix": [
            [
                0.9838947990543735,
                0.0002955082742316785,
                0.015809692671394798,
                0.0,
                0.0,
                0.0
            ],
            [
                0.019085343896290963,
                0.9553474972992438,
                0.017284839755131436,
                0.0,
                0.008282319049333813,
                0.0
            ],
            [
                0.028530670470756064,
                0.0011887779362815027,
                0.9664764621968617,
                0.0,
                0.0038040893961008085,
                0.0
            ],
            [
                0.0,
                0.0,
                0.0,
                1.0,
                0.0,
                0.0
            ],
            [
                0.0,
                0.01644895984518626,
                0.10328979196903725,
                0.0,
                0.8802612481857764,
                0.0
            ],
            [
                0.0,
                0.0,
                0.0,
                0.0,
                0.0,
                1.0
            ]
        ],
        "confusion_matrix_labels": [
            "DoS/DDoS",
            "Info_Gathering",
            "Injection",
            "MITM",
            "Malware",
            "Normal"
        ],
        "round_time": 23.57240653038025,
        "round_start_time": 1773245991.044216,
        "round_end_time": 1773246014.6166224,
        "evaluate_time": 1.9539451599121094,
        "inference_time": 0.035695791244506836
    },
    "13": {
        "trees_by_client": 140,
        "first_server_serialise_trees_size": 132595,
        "fit_time": 7.3112053871154785,
        "client_serialise_trees_size": 7945002,
        "final_server_serialise_trees_size": 10326537,
        "f1_score": 0.9674126794907373,
        "mcc": 0.9513309536513359,
        "accuracy": 0.9616124642169975,
        "precision": 0.9698471060990018,
        "recall": 0.9668335315638044,
        "confusion_matrix": [
            [
                0.9874408983451537,
                0.000591016548463357,
                0.011968085106382979,
                0.0,
                0.0,
                0.0
            ],
            [
                0.011883327331652862,
                0.9704717320849838,
                0.009722722362261434,
                0.0,
                0.00792221822110191,
                0.0
            ],
            [
                0.02710413694721826,
                0.0016642891107941037,
                0.9676652401331431,
                0.0,
                0.003566333808844508,
                0.0
            ],
            [
                0.0,
                0.0,
                0.0,
                1.0,
                0.0,
                0.0
            ],
            [
                0.0,
                0.017658442186744075,
                0.1069182389937107,
                0.0,
                0.8754233188195453,
                0.0
            ],
            [
                0.0,
                0.0,
                0.0,
                0.0,
                0.0,
                1.0
            ]
        ],
        "confusion_matrix_labels": [
            "DoS/DDoS",
            "Info_Gathering",
            "Injection",
            "MITM",
            "Malware",
            "Normal"
        ],
        "round_time": 26.642893075942993,
        "round_start_time": 1773246029.6961093,
        "round_end_time": 1773246056.3390024,
        "evaluate_time": 2.0916101932525635,
        "inference_time": 0.011184930801391602
    },
    "14": {
        "trees_by_client": 150,
        "first_server_serialise_trees_size": 141515,
        "fit_time": 7.779839992523193,
        "client_serialise_trees_size": 8491012,
        "final_server_serialise_trees_size": 11160662,
        "f1_score": 0.9669141072799413,
        "mcc": 0.9505905804456174,
        "accuracy": 0.9610023933549204,
        "precision": 0.9695122320132774,
        "recall": 0.9663143316740501,
        "confusion_matrix": [
            [
                0.9869976359338062,
                0.0004432624113475177,
                0.012559101654846336,
                0.0,
                0.0,
                0.0
            ],
            [
                0.012603528988116673,
                0.96975153042852,
                0.009722722362261434,
                0.0,
                0.00792221822110191,
                0.0
            ],
            [
                0.02710413694721826,
                0.0016642891107941037,
                0.9686162624821684,
                0.0,
                0.002615311459819306,
                0.0
            ],
            [
                0.0,
                0.0,
                0.0,
                1.0,
                0.0,
                0.0
            ],
            [
                0.0,
                0.017900338655055636,
                0.10957910014513789,
                0.0,
                0.8725205611998065,
                0.0
            ],
            [
                0.0,
                0.0,
                0.0,
                0.0,
                0.0,
                1.0
            ]
        ],
        "confusion_matrix_labels": [
            "DoS/DDoS",
            "Info_Gathering",
            "Injection",
            "MITM",
            "Malware",
            "Normal"
        ],
        "round_time": 27.9126193523407,
        "round_start_time": 1773246071.419108,
        "round_end_time": 1773246099.3317273,
        "evaluate_time": 2.2611124515533447,
        "inference_time": 0.01008915901184082
    },
    "15": {
        "trees_by_client": 160,
        "first_server_serialise_trees_size": 151491,
        "fit_time": 8.09857177734375,
        "client_serialise_trees_size": 9022133,
        "final_server_serialise_trees_size": 11721576,
        "f1_score": 0.967220154174958,
        "mcc": 0.9510436838598508,
        "accuracy": 0.9613778215777371,
        "precision": 0.9696768483805212,
        "recall": 0.9666626418037674,
        "confusion_matrix": [
            [
                0.987145390070922,
                0.000591016548463357,
                0.012263593380614658,
                0.0,
                0.0,
                0.0
            ],
            [
                0.011883327331652862,
                0.9704717320849838,
                0.009722722362261434,
                0.0,
                0.00792221822110191,
                0.0
            ],
            [
                0.02710413694721826,
                0.0016642891107941037,
                0.9679029957203994,
                0.0,
                0.0033285782215882074,
                0.0
            ],
            [
                0.0,
                0.0,
                0.0,
                1.0,
                0.0,
                0.0
            ],
            [
                0.0,
                0.017900338655055636,
                0.10764392839864538,
                0.0,
                0.874455732946299,
                0.0
            ],
            [
                0.0,
                0.0,
                0.0,
                0.0,
                0.0,
                1.0
            ]
        ],
        "confusion_matrix_labels": [
            "DoS/DDoS",
            "Info_Gathering",
            "Injection",
            "MITM",
            "Malware",
            "Normal"
        ],
        "round_time": 29.884865283966064,
        "round_start_time": 1773246114.3860974,
        "round_end_time": 1773246144.2709627,
        "evaluate_time": 2.5437300205230713,
        "inference_time": 0.010288238525390625
    },
    "16": {
        "trees_by_client": 170,
        "first_server_serialise_trees_size": 161983,
        "fit_time": 8.67784857749939,
        "client_serialise_trees_size": 9553305,
        "final_server_serialise_trees_size": 12434859,
        "f1_score": 0.9673268514219034,
        "mcc": 0.9511633377751427,
        "accuracy": 0.9614716786334413,
        "precision": 0.9698831053189044,
        "recall": 0.96667650206762,
        "confusion_matrix": [
            [
                0.9875886524822695,
                0.00014775413711583924,
                0.012263593380614658,
                0.0,
                0.0,
                0.0
            ],
            [
                0.012243428159884768,
                0.9701116312567519,
                0.009722722362261434,
                0.0,
                0.00792221822110191,
                0.0
            ],
            [
                0.02757964812173086,
                0.0014265335235378032,
                0.9679029957203994,
                0.0,
                0.003090822634331907,
                0.0
            ],
            [
                0.0,
                0.0,
                0.0,
                1.0,
                0.0,
                0.0
            ],
            [
                0.0,
                0.017900338655055636,
                0.10764392839864538,
                0.0,
                0.874455732946299,
                0.0
            ],
            [
                0.0,
                0.0,
                0.0,
                0.0,
                0.0,
                1.0
            ]
        ],
        "confusion_matrix_labels": [
            "DoS/DDoS",
            "Info_Gathering",
            "Injection",
            "MITM",
            "Malware",
            "Normal"
        ],
        "round_time": 29.24347472190857,
        "round_start_time": 1773246159.3223112,
        "round_end_time": 1773246188.565786,
        "evaluate_time": 2.5302178859710693,
        "inference_time": 0.011224508285522461
    },
    "17": {
        "trees_by_client": 180,
        "first_server_serialise_trees_size": 171042,
        "fit_time": 9.280107021331787,
        "client_serialise_trees_size": 10232341,
        "final_server_serialise_trees_size": 13259581,
        "f1_score": 0.9673413281129677,
        "mcc": 0.9512140581124836,
        "accuracy": 0.9615186071612933,
        "precision": 0.9697932287571086,
        "recall": 0.9667575998926637,
        "confusion_matrix": [
            [
                0.9875886524822695,
                0.0002955082742316785,
                0.012115839243498818,
                0.0,
                0.0,
                0.0
            ],
            [
                0.011883327331652862,
                0.9708318329132157,
                0.009362621534029529,
                0.0,
                0.00792221822110191,
                0.0
            ],
            [
                0.02710413694721826,
                0.0016642891107941037,
                0.9674274845458868,
                0.0,
                0.0038040893961008085,
                0.0
            ],
            [
                0.0,
                0.0,
                0.0,
                1.0,
                0.0,
                0.0
            ],
            [
                0.0,
                0.017900338655055636,
                0.10740203193033382,
                0.0,
                0.8746976294146106,
                0.0
            ],
            [
                0.0,
                0.0,
                0.0,
                0.0,
                0.0,
                1.0
            ]
        ],
        "confusion_matrix_labels": [
            "DoS/DDoS",
            "Info_Gathering",
            "Injection",
            "MITM",
            "Malware",
            "Normal"
        ],
        "round_time": 32.903496742248535,
        "round_start_time": 1773246203.6102028,
        "round_end_time": 1773246236.5136995,
        "evaluate_time": 2.6889286041259766,
        "inference_time": 0.012168169021606445
    },
    "18": {
        "trees_by_client": 190,
        "first_server_serialise_trees_size": 179754,
        "fit_time": 10.034653902053833,
        "client_serialise_trees_size": 10954330,
        "final_server_serialise_trees_size": 14135100,
        "f1_score": 0.9675765036021281,
        "mcc": 0.9515763468624817,
        "accuracy": 0.9618001783284058,
        "precision": 0.9700410315262947,
        "recall": 0.9669864360168784,
        "confusion_matrix": [
            [
                0.9878841607565012,
                0.00014775413711583924,
                0.011968085106382979,
                0.0,
                0.0,
                0.0
            ],
            [
                0.011523226503420959,
                0.9711919337414476,
                0.009362621534029529,
                0.0,
                0.00792221822110191,
                0.0
            ],
            [
                0.02710413694721826,
                0.0016642891107941037,
                0.9679029957203994,
                0.0,
                0.0033285782215882074,
                0.0
            ],
            [
                0.0,
                0.0,
                0.0,
                1.0,
                0.0,
                0.0
            ],
            [
                0.0,
                0.017900338655055636,
                0.10716013546202226,
                0.0,
                0.8749395258829221,
                0.0
            ],
            [
                0.0,
                0.0,
                0.0,
                0.0,
                0.0,
                1.0
            ]
        ],
        "confusion_matrix_labels": [
            "DoS/DDoS",
            "Info_Gathering",
            "Injection",
            "MITM",
            "Malware",
            "Normal"
        ],
        "round_time": 34.44906401634216,
        "round_start_time": 1773246251.5710979,
        "round_end_time": 1773246286.0201619,
        "evaluate_time": 2.8334953784942627,
        "inference_time": 0.012357473373413086
    },
    "19": {
        "trees_by_client": 200,
        "first_server_serialise_trees_size": 189221,
        "fit_time": 10.381033420562744,
        "client_serialise_trees_size": 11401680,
        "final_server_serialise_trees_size": 14584987,
        "f1_score": 0.9662243699883789,
        "mcc": 0.949514304969842,
        "accuracy": 0.960157679853583,
        "precision": 0.9687895167166013,
        "recall": 0.9656743466441545,
        "confusion_matrix": [
            [
                0.9869976359338062,
                0.0004432624113475177,
                0.012559101654846336,
                0.0,
                0.0,
                0.0
            ],
            [
                0.011883327331652862,
                0.9711919337414476,
                0.009362621534029529,
                0.0,
                0.007562117392870004,
                0.0
            ],
            [
                0.02710413694721826,
                0.0016642891107941037,
                0.9662387066096053,
                0.0,
                0.004992867332382311,
                0.0
            ],
