{
    "0": {
        "trees_by_client": 10,
        "first_server_serialise_trees_size": 9232,
        "fit_time": 0.5418932437896729,
        "client_serialise_trees_size": 585894,
        "final_server_serialise_trees_size": 762523,
        "f1_score": 0.9667266471063488,
        "mcc": 0.9499745199370948,
        "accuracy": 0.9605312558663412,
        "precision": 0.9692932081842169,
        "recall": 0.966087370703251,
        "confusion_matrix": [
            [
                0.9840401950642825,
                0.0011822077730161075,
                0.014777597162701345,
                0.0,
                0.0,
                0.0
            ],
            [
                0.013323730644580483,
                0.9672308246308966,
                0.012603528988116673,
                0.0,
                0.0068419157364061935,
                0.0
            ],
            [
                0.02734189253447456,
                0.0007132667617689016,
                0.968378506894912,
                0.0,
                0.003566333808844508,
                0.0
            ],
            [
                0.0,
                0.0,
                0.0,
                1.0,
                0.0,
                0.0
            ],
            [
                0.0,
                0.016690856313497822,
                0.10643444605708757,
                0.0,
                0.8768746976294146,
                0.0
            ],
            [
                0.0,
                0.0,
                0.0,
                0.0,
                0.0,
                1.0
            ]
        ],
        "confusion_matrix_labels": [
            "DoS/DDoS",
            "Info_Gathering",
            "Injection",
            "MITM",
            "Malware",
            "Normal"
        ],
        "round_time": 45.83595561981201,
        "round_start_time": 1770730486.24975,
        "round_end_time": 1770730532.0857055,
        "evaluate_time": 1.0266306400299072,
        "inference_time": 0.002104043960571289
    },
    "1": {
        "trees_by_client": 20,
        "first_server_serialise_trees_size": 9497,
        "fit_time": 1.0299160480499268,
        "client_serialise_trees_size": 1120552,
        "final_server_serialise_trees_size": 1542122,
        "f1_score": 0.9669096080068553,
        "mcc": 0.9503724452121617,
        "accuracy": 0.9608128402477942,
        "precision": 0.9695867740945049,
        "recall": 0.9662813898725284,
        "confusion_matrix": [
            [
                0.9846312989507906,
                0.0008866558297620806,
                0.014482045219447319,
                0.0,
                0.0,
                0.0
            ],
            [
                0.011523226503420959,
                0.9675909254591285,
                0.014404033129276198,
                0.0,
                0.006481814908174289,
                0.0
            ],
            [
                0.026866381359961958,
                0.0009510223490252021,
                0.9700427960057061,
                0.0,
                0.0021398002853067048,
                0.0
            ],
            [
                0.0,
                0.0,
                0.0,
                1.0,
                0.0,
                0.0
            ],
            [
                0.0,
                0.016690856313497822,
                0.10788582486695694,
                0.0,
                0.8754233188195453,
                0.0
            ],
            [
                0.0,
                0.0,
                0.0,
                0.0,
                0.0,
                1.0
            ]
        ],
        "confusion_matrix_labels": [
            "DoS/DDoS",
            "Info_Gathering",
            "Injection",
            "MITM",
            "Malware",
            "Normal"
        ],
        "round_time": 5.766510963439941,
        "round_start_time": 1770730547.368511,
        "round_end_time": 1770730553.135022,
        "evaluate_time": 0.7933833599090576,
        "inference_time": 0.002404928207397461
    },
    "2": {
        "trees_by_client": 30,
        "first_server_serialise_trees_size": 18851,
        "fit_time": 1.589801549911499,
        "client_serialise_trees_size": 1648815,
        "final_server_serialise_trees_size": 2319221,
        "f1_score": 0.9687659204717572,
        "mcc": 0.953274677984279,
        "accuracy": 0.9631593767599024,
        "precision": 0.9711032843647366,
        "recall": 0.9681366814628211,
        "confusion_matrix": [
            [
                0.9867001625535687,
                0.0008866558297620806,
                0.01241318161666913,
                0.0,
                0.0,
                0.0
            ],
            [
                0.011523226503420959,
                0.9686712279438243,
                0.013323730644580483,
                0.0,
                0.006481814908174289,
                0.0
            ],
            [
                0.02662862577270566,
                0.0007132667617689016,
                0.9700427960057061,
                0.0,
                0.002615311459819306,
                0.0
            ],
            [
                0.0,
                0.0,
                0.0,
                1.0,
                0.0,
                0.0
            ],
            [
                0.0,
                0.01741654571843251,
                0.09917755200774069,
                0.0,
                0.8834059022738268,
                0.0
            ],
            [
                0.0,
                0.0,
                0.0,
                0.0,
                0.0,
                1.0
            ]
        ],
        "confusion_matrix_labels": [
            "DoS/DDoS",
            "Info_Gathering",
            "Injection",
            "MITM",
            "Malware",
            "Normal"
        ],
        "round_time": 7.584531307220459,
        "round_start_time": 1770730568.2028487,
        "round_end_time": 1770730575.78738,
        "evaluate_time": 0.9604940414428711,
        "inference_time": 0.002977609634399414
    },
    "3": {
        "trees_by_client": 40,
        "first_server_serialise_trees_size": 28319,
        "fit_time": 2.0765154361724854,
        "client_serialise_trees_size": 2296898,
        "final_server_serialise_trees_size": 3112509,
        "f1_score": 0.9677688798361643,
        "mcc": 0.9516528334330202,
        "accuracy": 0.9618453163131219,
        "precision": 0.9702904455593813,
        "recall": 0.9671617441008543,
        "confusion_matrix": [
            [
                0.9858135067238067,
                0.0008866558297620806,
                0.01329983744643121,
                0.0,
                0.0,
                0.0
            ],
            [
                0.011163125675189053,
                0.96975153042852,
                0.012603528988116673,
                0.0,
                0.006481814908174289,
                0.0
            ],
            [
                0.02710413694721826,
                0.00047551117451260106,
                0.9698050404184498,
                0.0,
                0.002615311459819306,
                0.0
            ],
            [
                0.0,
                0.0,
                0.0,
                1.0,
                0.0,
                0.0
            ],
            [
                0.0,
                0.016932752781809387,
                0.10546686018384131,
                0.0,
                0.8776003870343493,
                0.0
            ],
            [
                0.0,
                0.0,
                0.0,
                0.0,
                0.0,
                1.0
            ]
        ],
        "confusion_matrix_labels": [
            "DoS/DDoS",
            "Info_Gathering",
            "Injection",
            "MITM",
            "Malware",
            "Normal"
        ],
        "round_time": 10.194243669509888,
        "round_start_time": 1770730590.8404002,
        "round_end_time": 1770730601.034644,
        "evaluate_time": 0.8436117172241211,
        "inference_time": 0.003926992416381836
    },
    "4": {
        "trees_by_client": 50,
        "first_server_serialise_trees_size": 37911,
        "fit_time": 2.6742122173309326,
        "client_serialise_trees_size": 2917988,
        "final_server_serialise_trees_size": 3854509,
        "f1_score": 0.969408152336427,
        "mcc": 0.9540308997261404,
        "accuracy": 0.9637694762530505,
        "precision": 0.9716619951728537,
        "recall": 0.9687676430526411,
        "confusion_matrix": [
            [
                0.9862568346386877,
                0.0008866558297620806,
                0.01285650953155017,
                0.0,
                0.0,
                0.0
            ],
            [
                0.010803024846957148,
                0.96975153042852,
                0.012963629816348578,
                0.0,
                0.006481814908174289,
                0.0
            ],
            [
                0.026866381359961958,
                0.00047551117451260106,
                0.9698050404184498,
                0.0,
                0.0028530670470756064,
                0.0
            ],
            [
                0.0,
                0.0,
                0.0,
                1.0,
                0.0,
                0.0
            ],
            [
                0.0,
                0.0162070633768747,
                0.09700048379293662,
                0.0,
                0.8867924528301887,
                0.0
            ],
            [
                0.0,
                0.0,
                0.0,
                0.0,
                0.0,
                1.0
            ]
        ],
        "confusion_matrix_labels": [
            "DoS/DDoS",
            "Info_Gathering",
            "Injection",
            "MITM",
            "Malware",
            "Normal"
        ],
        "round_time": 11.313861846923828,
        "round_start_time": 1770730616.0931869,
        "round_end_time": 1770730627.4070487,
        "evaluate_time": 1.230412244796753,
        "inference_time": 0.004225015640258789
    },
    "5": {
        "trees_by_client": 60,
        "first_server_serialise_trees_size": 47022,
        "fit_time": 3.0550520420074463,
        "client_serialise_trees_size": 3415187,
        "final_server_serialise_trees_size": 4676265,
        "f1_score": 0.9690843562770958,
        "mcc": 0.9536351014964795,
        "accuracy": 0.9634409611413554,
        "precision": 0.9714606771730402,
        "recall": 0.9684085711363424,
        "confusion_matrix": [
            [
                0.9864046106103148,
                0.0010344318013890941,
                0.012560957588296144,
                0.0,
                0.0,
                0.0
            ],
            [
                0.011163125675189053,
                0.9686712279438243,
                0.013683831472812387,
                0.0,
                0.006481814908174289,
                0.0
            ],
            [
                0.026390870185449358,
                0.0007132667617689016,
                0.9705183071802187,
                0.0,
                0.0023775558725630053,
                0.0
            ],
            [
                0.0,
                0.0,
                0.0,
                1.0,
                0.0,
                0.0
            ],
            [
                0.0,
                0.015723270440251572,
                0.09941944847605225,
                0.0,
                0.8848572810836962,
                0.0
            ],
            [
                0.0,
                0.0,
                0.0,
                0.0,
                0.0,
                1.0
            ]
        ],
        "confusion_matrix_labels": [
            "DoS/DDoS",
            "Info_Gathering",
            "Injection",
            "MITM",
            "Malware",
            "Normal"
        ],
        "round_time": 13.22294020652771,
        "round_start_time": 1770730642.459446,
        "round_end_time": 1770730655.6823862,
        "evaluate_time": 1.3512816429138184,
        "inference_time": 0.004905223846435547
    },
    "6": {
        "trees_by_client": 70,
        "first_server_serialise_trees_size": 56690,
        "fit_time": 3.720245361328125,
        "client_serialise_trees_size": 4011265,
        "final_server_serialise_trees_size": 5469885,
        "f1_score": 0.9687916588657939,
        "mcc": 0.9531870346365872,
        "accuracy": 0.9630655152994181,
        "precision": 0.9713075196916218,
        "recall": 0.9680926901726536,
        "confusion_matrix": [
            [
                0.9867001625535687,
                0.0007388798581350672,
                0.012560957588296144,
                0.0,
                0.0,
                0.0
            ],
            [
                0.011163125675189053,
                0.9693914296002881,
                0.012963629816348578,
                0.0,
                0.006481814908174289,
                0.0
            ],
            [
                0.026390870185449358,
                0.00047551117451260106,
                0.9709938183547313,
                0.0,
                0.0021398002853067048,
                0.0
            ],
            [
                0.0,
                0.0,
                0.0,
                1.0,
                0.0,
                0.0
            ],
            [
                0.0,
                0.015723270440251572,
                0.10280599903241412,
                0.0,
                0.8814707305273343,
                0.0
            ],
            [
                0.0,
                0.0,
                0.0,
                0.0,
                0.0,
                1.0
            ]
        ],
        "confusion_matrix_labels": [
            "DoS/DDoS",
            "Info_Gathering",
            "Injection",
            "MITM",
            "Malware",
            "Normal"
        ],
        "round_time": 13.96818470954895,
        "round_start_time": 1770730670.7440753,
        "round_end_time": 1770730684.71226,
        "evaluate_time": 1.4235680103302002,
        "inference_time": 0.0055806636810302734
    },
    "7": {
        "trees_by_client": 80,
        "first_server_serialise_trees_size": 66424,
        "fit_time": 4.232325315475464,
        "client_serialise_trees_size": 4620007,
        "final_server_serialise_trees_size": 6256525,
        "f1_score": 0.9688611076179491,
        "mcc": 0.9533438660015169,
        "accuracy": 0.9632063074901446,
        "precision": 0.9713028180196766,
        "recall": 0.9681599304977405,
        "confusion_matrix": [
            [
                0.9868479385251958,
                0.0008866558297620806,
                0.012265405645042117,
                0.0,
                0.0,
                0.0
            ],
            [
                0.011523226503420959,
                0.9686712279438243,
                0.012963629816348578,
                0.0,
                0.0068419157364061935,
                0.0
            ],
            [
                0.02662862577270566,
                0.00047551117451260106,
                0.9705183071802187,
                0.0,
                0.0023775558725630053,
                0.0
            ],
            [
                0.0,
                0.0,
                0.0,
                1.0,
                0.0,
                0.0
            ],
            [
                0.0,
                0.0162070633768747,
                0.10087082728592163,
                0.0,
                0.8829221093372037,
                0.0
            ],
            [
                0.0,
                0.0,
                0.0,
                0.0,
                0.0,
                1.0
            ]
        ],
        "confusion_matrix_labels": [
            "DoS/DDoS",
            "Info_Gathering",
            "Injection",
            "MITM",
            "Malware",
            "Normal"
        ],
        "round_time": 15.922670602798462,
        "round_start_time": 1770730699.7713544,
        "round_end_time": 1770730715.694025,
        "evaluate_time": 1.2658047676086426,
        "inference_time": 0.0072176456451416016
    },
    "8": {
        "trees_by_client": 90,
        "first_server_serialise_trees_size": 75386,
        "fit_time": 4.656058073043823,
        "client_serialise_trees_size": 5158001,
        "final_server_serialise_trees_size": 6968937,
        "f1_score": 0.9691778840125164,
        "mcc": 0.9537655581633291,
        "accuracy": 0.9635348226018396,
        "precision": 0.9716770229385667,
        "recall": 0.9684250760009715,
        "confusion_matrix": [
            [
                0.9869957144968228,
                0.0005911038865080538,
                0.01241318161666913,
                0.0,
                0.0,
                0.0
            ],
            [
                0.011523226503420959,
                0.9686712279438243,
                0.013323730644580483,
                0.0,
                0.006481814908174289,
                0.0
            ],
            [
                0.026866381359961958,
                0.00047551117451260106,
                0.9709938183547313,
                0.0,
                0.0016642891107941037,
                0.0
            ],
            [
                0.0,
                0.0,
                0.0,
                1.0,
                0.0,
                0.0
            ],
            [
                0.0,
                0.015965166908563134,
                0.10014513788098693,
                0.0,
                0.8838896952104499,
                0.0
            ],
            [
                0.0,
                0.0,
                0.0,
                0.0,
                0.0,
                1.0
            ]
        ],
        "confusion_matrix_labels": [
            "DoS/DDoS",
            "Info_Gathering",
            "Injection",
            "MITM",
            "Malware",
            "Normal"
        ],
        "round_time": 18.23251175880432,
        "round_start_time": 1770730730.7561889,
        "round_end_time": 1770730748.9887006,
        "evaluate_time": 1.6718077659606934,
        "inference_time": 0.0067751407623291016
    },
    "9": {
        "trees_by_client": 100,
        "first_server_serialise_trees_size": 85014,
        "fit_time": 5.194243431091309,
        "client_serialise_trees_size": 5846600,
        "final_server_serialise_trees_size": 7817371,
        "f1_score": 0.9691493398488902,
        "mcc": 0.9537530461080459,
        "accuracy": 0.9635348226018396,
        "precision": 0.9715201568029282,
        "recall": 0.9684768403733622,
        "confusion_matrix": [
            [
                0.9867001625535687,
                0.0007388798581350672,
                0.012560957588296144,
                0.0,
                0.0,
                0.0
            ],
            [
                0.011523226503420959,
                0.9690313287720562,
                0.012963629816348578,
                0.0,
                0.006481814908174289,
                0.0
            ],
            [
                0.02662862577270566,
                0.00023775558725630053,
                0.9707560627674751,
                0.0,
                0.0023775558725630053,
                0.0
            ],
            [
                0.0,
                0.0,
                0.0,
                1.0,
                0.0,
                0.0
            ],
            [
                0.0,
                0.016932752781809387,
                0.09869375907111756,
                0.0,
                0.8843734881470731,
                0.0
            ],
            [
                0.0,
                0.0,
                0.0,
                0.0,
                0.0,
                1.0
            ]
        ],
        "confusion_matrix_labels": [
            "DoS/DDoS",
            "Info_Gathering",
            "Injection",
            "MITM",
            "Malware",
            "Normal"
        ],
        "round_time": 20.87655735015869,
        "round_start_time": 1770730764.0524375,
        "round_end_time": 1770730784.928995,
        "evaluate_time": 1.7633411884307861,
        "inference_time": 0.007439136505126953
    },
    "10": {
        "trees_by_client": 110,
        "first_server_serialise_trees_size": 94921,
        "fit_time": 5.666172742843628,
        "client_serialise_trees_size": 6497625,
        "final_server_serialise_trees_size": 8527797,
        "f1_score": 0.9688510425973407,
        "mcc": 0.9532293774020512,
        "accuracy": 0.9631124460296602,
        "precision": 0.9713137718820534,
        "recall": 0.9681460593166323,
        "confusion_matrix": [
            [
                0.9864046106103148,
                0.0007388798581350672,
                0.01285650953155017,
                0.0,
                0.0,
                0.0
            ],
            [
                0.011523226503420959,
                0.9690313287720562,
                0.012963629816348578,
                0.0,
                0.006481814908174289,
                0.0
            ],
            [
                0.026866381359961958,
                0.00023775558725630053,
                0.9705183071802187,
                0.0,
                0.0023775558725630053,
                0.0
            ],
            [
                0.0,
                0.0,
                0.0,
                1.0,
                0.0,
                0.0
            ],
            [
                0.0,
                0.0162070633768747,
                0.10087082728592163,
                0.0,
                0.8829221093372037,
                0.0
            ],
            [
                0.0,
                0.0,
                0.0,
                0.0,
                0.0,
                1.0
            ]
        ],
        "confusion_matrix_labels": [
            "DoS/DDoS",
            "Info_Gathering",
            "Injection",
            "MITM",
            "Malware",
            "Normal"
        ],
        "round_time": 23.39218759536743,
        "round_start_time": 1770730799.9939475,
        "round_end_time": 1770730823.386135,
        "evaluate_time": 1.5826337337493896,
        "inference_time": 0.007843494415283203
    },
    "11": {
        "trees_by_client": 120,
        "first_server_serialise_trees_size": 104013,
        "fit_time": 6.246666193008423,
        "client_serialise_trees_size": 7171160,
        "final_server_serialise_trees_size": 9372421,
        "f1_score": 0.9694754375976972,
        "mcc": 0.9541333901523177,
        "accuracy": 0.9638633377135348,
        "precision": 0.9717285140504384,
        "recall": 0.9687788805502283,
        "confusion_matrix": [
            [
                0.9865523865819418,
                0.0007388798581350672,
                0.012708733559923156,
                0.0,
                0.0,
                0.0
            ],
            [
                0.011523226503420959,
                0.9690313287720562,
                0.012963629816348578,
                0.0,
                0.006481814908174289,
                0.0
            ],
            [
                0.02662862577270566,
                0.00023775558725630053,
                0.9693295292439372,
                0.0,
                0.0038040893961008085,
                0.0
            ],
            [
                0.0,
                0.0,
                0.0,
                1.0,
                0.0,
                0.0
            ],
            [
                0.0,
                0.0162070633768747,
                0.09603289791969037,
                0.0,
                0.8877600387034349,
                0.0
            ],
            [
                0.0,
                0.0,
                0.0,
                0.0,
                0.0,
                1.0
            ]
        ],
        "confusion_matrix_labels": [
            "DoS/DDoS",
            "Info_Gathering",
            "Injection",
            "MITM",
            "Malware",
            "Normal"
        ],
        "round_time": 23.285232305526733,
        "round_start_time": 1770730838.449025,
        "round_end_time": 1770730861.7342572,
        "evaluate_time": 2.015148878097534,
        "inference_time": 0.009684562683105469
    },
    "12": {
        "trees_by_client": 130,
        "first_server_serialise_trees_size": 114107,
        "fit_time": 6.736220359802246,
        "client_serialise_trees_size": 7451884,
        "final_server_serialise_trees_size": 10084256,
        "f1_score": 0.9686140774090783,
        "mcc": 0.9529545390525046,
        "accuracy": 0.9628777923784494,
        "precision": 0.9711602472267454,
        "recall": 0.9679157391109987,
        "confusion_matrix": [
            [
                0.9868479385251958,
                0.0005911038865080538,
                0.012560957588296144,
                0.0,
                0.0,
                0.0
            ],
            [
                0.011163125675189053,
                0.9693914296002881,
                0.012963629816348578,
                0.0,
                0.006481814908174289,
                0.0
            ],
            [
                0.02662862577270566,
                0.00023775558725630053,
                0.9709938183547313,
                0.0,
                0.0021398002853067048,
                0.0
            ],
            [
                0.0,
                0.0,
                0.0,
                1.0,
                0.0,
                0.0
            ],
            [
                0.0,
                0.01644895984518626,
                0.10328979196903725,
                0.0,
                0.8802612481857764,
                0.0
            ],
            [
                0.0,
                0.0,
                0.0,
                0.0,
                0.0,
                1.0
            ]
        ],
        "confusion_matrix_labels": [
            "DoS/DDoS",
            "Info_Gathering",
            "Injection",
            "MITM",
            "Malware",
            "Normal"
        ],
        "round_time": 24.34788155555725,
        "round_start_time": 1770730876.7993593,
        "round_end_time": 1770730901.1472409,
        "evaluate_time": 2.11830735206604,
        "inference_time": 0.011125326156616211
    },
    "13": {
        "trees_by_client": 140,
        "first_server_serialise_trees_size": 123264,
        "fit_time": 7.244770526885986,
        "client_serialise_trees_size": 8032781,
        "final_server_serialise_trees_size": 10821266,
        "f1_score": 0.9687572128667447,
        "mcc": 0.9531652059461732,
        "accuracy": 0.9630655152994181,
        "precision": 0.9712263578270973,
        "recall": 0.9680349682863786,
        "confusion_matrix": [
            [
                0.9867001625535687,
                0.0007388798581350672,
                0.012560957588296144,
                0.0,
                0.0,
                0.0
            ],
            [
                0.011883327331652862,
                0.9683111271155924,
                0.012963629816348578,
                0.0,
                0.0068419157364061935,
                0.0
            ],
            [
                0.02662862577270566,
                0.00023775558725630053,
                0.9705183071802187,
                0.0,
                0.002615311459819306,
                0.0
            ],
            [
                0.0,
                0.0,
                0.0,
                1.0,
                0.0,
                0.0
            ],
            [
                0.0,
                0.01644895984518626,
                0.10087082728592163,
                0.0,
                0.8826802128688921,
                0.0
            ],
            [
                0.0,
                0.0,
                0.0,
                0.0,
                0.0,
                1.0
            ]
        ],
        "confusion_matrix_labels": [
            "DoS/DDoS",
            "Info_Gathering",
            "Injection",
            "MITM",
            "Malware",
            "Normal"
        ],
        "round_time": 26.548770666122437,
        "round_start_time": 1770730916.210409,
        "round_end_time": 1770730942.7591796,
        "evaluate_time": 2.1981239318847656,
        "inference_time": 0.01030278205871582
    },
    "14": {
        "trees_by_client": 150,
        "first_server_serialise_trees_size": 132704,
        "fit_time": 7.787380218505859,
        "client_serialise_trees_size": 8919233,
        "final_server_serialise_trees_size": 11770913,
        "f1_score": 0.96975142348699,
        "mcc": 0.9545755456000575,
        "accuracy": 0.96419185282523,
        "precision": 0.9721071493645295,
        "recall": 0.9690295926938477,
        "confusion_matrix": [
            [
                0.9869957144968228,
                0.0007388798581350672,
                0.012265405645042117,
                0.0,
                0.0,
                0.0
            ],
            [
                0.011523226503420959,
                0.9693914296002881,
                0.012963629816348578,
                0.0,
                0.006121714079942384,
                0.0
            ],
            [
                0.02662862577270566,
                0.00047551117451260106,
                0.9707560627674751,
                0.0,
                0.0021398002853067048,
                0.0
            ],
            [
                0.0,
                0.0,
                0.0,
                1.0,
                0.0,
                0.0
            ],
            [
                0.0,
                0.015723270440251572,
                0.09724238026124818,
                0.0,
                0.8870343492985002,
                0.0
            ],
            [
                0.0,
                0.0,
                0.0,
                0.0,
                0.0,
                1.0
            ]
        ],
        "confusion_matrix_labels": [
            "DoS/DDoS",
            "Info_Gathering",
            "Injection",
            "MITM",
            "Malware",
            "Normal"
        ],
        "round_time": 28.226340770721436,
        "round_start_time": 1770730957.8273702,
        "round_end_time": 1770730986.053711,
        "evaluate_time": 2.4715826511383057,
        "inference_time": 0.012039422988891602
    },
    "15": {
        "trees_by_client": 160,
        "first_server_serialise_trees_size": 141705,
        "fit_time": 8.255478382110596,
        "client_serialise_trees_size": 9376261,
        "final_server_serialise_trees_size": 12683451,
        "f1_score": 0.9696627143543003,
        "mcc": 0.9543919003496112,
        "accuracy": 0.9640510606345035,
        "precision": 0.9719860124269823,
        "recall": 0.9689563948548767,
        "confusion_matrix": [
            [
                0.9865523865819418,
                0.0007388798581350672,
                0.012708733559923156,
                0.0,
                0.0,
                0.0
            ],
            [
                0.011163125675189053,
                0.9693914296002881,
                0.012963629816348578,
                0.0,
                0.006481814908174289,
                0.0
            ],
            [
                0.02662862577270566,
                0.00023775558725630053,
                0.9705183071802187,
                0.0,
                0.002615311459819306,
                0.0
            ],
            [
                0.0,
                0.0,
                0.0,
                1.0,
                0.0,
                0.0
            ],
            [
                0.0,
                0.015723270440251572,
                0.09700048379293662,
                0.0,
                0.8872762457668119,
                0.0
            ],
            [
                0.0,
                0.0,
                0.0,
                0.0,
                0.0,
                1.0
            ]
        ],
        "confusion_matrix_labels": [
            "DoS/DDoS",
            "Info_Gathering",
            "Injection",
            "MITM",
            "Malware",
            "Normal"
        ],
        "round_time": 27.63250994682312,
        "round_start_time": 1770731001.1234481,
        "round_end_time": 1770731028.755958,
        "evaluate_time": 2.6796889305114746,
        "inference_time": 0.011823892593383789
    },
    "16": {
        "trees_by_client": 170,
        "first_server_serialise_trees_size": 151648,
        "fit_time": 8.932700634002686,
        "client_serialise_trees_size": 9676812,
        "final_server_serialise_trees_size": 13110586,
        "f1_score": 0.9695657853937188,
        "mcc": 0.9543280278845463,
        "accuracy": 0.9640041299042613,
        "precision": 0.9718913539430072,
        "recall": 0.9688500079486717,
        "confusion_matrix": [
            [
                0.9869957144968228,
                0.0007388798581350672,
                0.012265405645042117,
                0.0,
                0.0,
                0.0
            ],
            [
                0.011523226503420959,
                0.9690313287720562,
                0.012963629816348578,
                0.0,
                0.006481814908174289,
                0.0
            ],
            [
                0.02662862577270566,
                0.00023775558725630053,
                0.9702805515929624,
                0.0,
                0.0028530670470756064,
                0.0
            ],
            [
                0.0,
                0.0,
                0.0,
                1.0,
                0.0,
                0.0
            ],
            [
                0.0,
                0.0162070633768747,
                0.09700048379293662,
                0.0,
                0.8867924528301887,
                0.0
            ],
            [
                0.0,
                0.0,
                0.0,
                0.0,
                0.0,
                1.0
            ]
        ],
        "confusion_matrix_labels": [
            "DoS/DDoS",
            "Info_Gathering",
            "Injection",
            "MITM",
            "Malware",
            "Normal"
        ],
        "round_time": 31.22181463241577,
        "round_start_time": 1770731043.822229,
        "round_end_time": 1770731075.0440435,
        "evaluate_time": 2.7857742309570312,
        "inference_time": 0.012294769287109375
    },
    "17": {
        "trees_by_client": 180,
        "first_server_serialise_trees_size": 160428,
        "fit_time": 9.302162885665894,
        "client_serialise_trees_size": 10425295,
        "final_server_serialise_trees_size": 13911897,
        "f1_score": 0.9688006227048933,
        "mcc": 0.9532304828774231,
        "accuracy": 0.9631124460296602,
        "precision": 0.9712663801456102,
        "recall": 0.9680989990682899,
        "confusion_matrix": [
            [
                0.9868479385251958,
                0.0007388798581350672,
                0.01241318161666913,
                0.0,
                0.0,
                0.0
            ],
            [
                0.011523226503420959,
                0.9690313287720562,
                0.012963629816348578,
                0.0,
                0.006481814908174289,
                0.0
            ],
            [
                0.02662862577270566,
                0.00023775558725630053,
                0.9705183071802187,
                0.0,
                0.002615311459819306,
                0.0
            ],
            [
                0.0,
                0.0,
                0.0,
                1.0,
                0.0,
                0.0
            ],
            [
                0.0,
                0.01644895984518626,
                0.10135462022254475,
                0.0,
                0.8821964199322689,
                0.0
            ],
            [
                0.0,
                0.0,
                0.0,
                0.0,
                0.0,
                1.0
            ]
        ],
        "confusion_matrix_labels": [
            "DoS/DDoS",
            "Info_Gathering",
            "Injection",
            "MITM",
            "Malware",
            "Normal"
        ],
        "round_time": 34.06649899482727,
        "round_start_time": 1770731090.1123633,
        "round_end_time": 1770731124.1788623,
        "evaluate_time": 2.4064366817474365,
        "inference_time": 0.014711856842041016
    },
    "18": {
        "trees_by_client": 190,
        "first_server_serialise_trees_size": 169689,
        "fit_time": 9.847450971603394,
        "client_serialise_trees_size": 11119905,
        "final_server_serialise_trees_size": 14786751,
        "f1_score": 0.9694586790168073,
        "mcc": 0.9541560231169112,
        "accuracy": 0.9638633377135348,
        "precision": 0.9717751415949568,
        "recall": 0.9687754298160156,
        "confusion_matrix": [
            [
                0.9865523865819418,
                0.0007388798581350672,
                0.012708733559923156,
                0.0,
                0.0,
                0.0
            ],
            [
                0.011523226503420959,
                0.9690313287720562,
                0.012963629816348578,
                0.0,
                0.006481814908174289,
                0.0
            ],
            [
                0.026390870185449358,
                0.00047551117451260106,
                0.9705183071802187,
                0.0,
                0.002615311459819306,
                0.0
            ],
            [
                0.0,
                0.0,
                0.0,
                1.0,
                0.0,
                0.0
            ],
            [
                0.0,
                0.0162070633768747,
                0.09724238026124818,
                0.0,
                0.8865505563618771,
                0.0
            ],
            [
                0.0,
                0.0,
                0.0,
                0.0,
                0.0,
                1.0
            ]
        ],
        "confusion_matrix_labels": [
            "DoS/DDoS",
            "Info_Gathering",
            "Injection",
            "MITM",
            "Malware",
            "Normal"
        ],
        "round_time": 37.58088278770447,
        "round_start_time": 1770731139.4696503,
        "round_end_time": 1770731177.050533,
        "evaluate_time": 2.8888986110687256,
        "inference_time": 0.013399600982666016
    },
    "19": {
        "trees_by_client": 200,
        "first_server_serialise_trees_size": 180481,
        "fit_time": 10.269856929779053,
        "client_serialise_trees_size": 11655500,
        "final_server_serialise_trees_size": 15492827,
        "f1_score": 0.9693437411400575,
        "mcc": 0.9539900963153795,
        "accuracy": 0.9637225455228083,
        "precision": 0.9717192564066268,
        "recall": 0.9686531012881748,
        "confusion_matrix": [
            [
                0.9865523865819418,
                0.0008866558297620806,
                0.012560957588296144,
                0.0,
                0.0,
                0.0
            ],
            [
                0.011523226503420959,
                0.9690313287720562,
                0.012963629816348578,
                0.0,
                0.006481814908174289,
                0.0
            ],
            [
                0.02662862577270566,
                0.00023775558725630053,
                0.9709938183547313,
                0.0,
