{
    "0": {
        "trees_by_client": 10,
        "first_server_serialise_trees_size": 9123,
        "fit_time": 0.5246808528900146,
        "client_serialise_trees_size": 655830,
        "final_server_serialise_trees_size": 781054,
        "f1_score": 0.9656305310651258,
        "mcc": 0.9479668269212034,
        "accuracy": 0.9591721807686893,
        "precision": 0.967680387502595,
        "recall": 0.9646367621877446,
        "confusion_matrix": [
            [
                0.9822695035460993,
                0.0010342789598108747,
                0.016548463356973995,
                0.0,
                0.00014775413711583924,
                0.0
            ],
            [
                0.020165646380986675,
                0.9578682030968672,
                0.013683831472812387,
                0.0,
                0.008282319049333813,
                0.0
            ],
            [
                0.029481692819781264,
                0.0009510223490252021,
                0.9538754160722777,
                0.0,
                0.015691868758915834,
                0.0
            ],
            [
                0.0,
                0.0,
                0.0,
                1.0,
                0.0,
                0.0
            ],
            [
                0.0,
                0.01644895984518626,
                0.08974358974358974,
                0.0,
                0.893807450411224,
                0.0
            ],
            [
                0.0,
                0.0,
                0.0,
                0.0,
                0.0,
                1.0
            ]
        ],
        "confusion_matrix_labels": [
            "DoS/DDoS",
            "Info_Gathering",
            "Injection",
            "MITM",
            "Malware",
            "Normal"
        ],
        "round_time": 45.557735204696655,
        "round_start_time": 1770834907.049616,
        "round_end_time": 1770834952.6073513,
        "evaluate_time": 0.9350550174713135,
        "inference_time": 0.004141092300415039
    },
    "1": {
        "trees_by_client": 20,
        "first_server_serialise_trees_size": 9510,
        "fit_time": 1.0264756679534912,
        "client_serialise_trees_size": 1135679,
        "final_server_serialise_trees_size": 1443877,
        "f1_score": 0.9656425082155806,
        "mcc": 0.9485678994552675,
        "accuracy": 0.9594068234079497,
        "precision": 0.9681940402854905,
        "recall": 0.9651561927972696,
        "confusion_matrix": [
            [
                0.9858156028368794,
                0.0010342789598108747,
                0.013150118203309693,
                0.0,
                0.0,
                0.0
            ],
            [
                0.011883327331652862,
                0.9711919337414476,
                0.009362621534029529,
                0.0,
                0.007562117392870004,
                0.0
            ],
            [
                0.028055159296243463,
                0.0011887779362815027,
                0.9657631954350927,
                0.0,
                0.004992867332382311,
                0.0
            ],
            [
                0.0,
                0.0,
                0.0,
                1.0,
                0.0,
                0.0
            ],
            [
                0.0,
                0.018142235123367198,
                0.11369134010643445,
                0.0,
                0.8681664247701983,
                0.0
            ],
            [
                0.0,
                0.0,
                0.0,
                0.0,
                0.0,
                1.0
            ]
        ],
        "confusion_matrix_labels": [
            "DoS/DDoS",
            "Info_Gathering",
            "Injection",
            "MITM",
            "Malware",
            "Normal"
        ],
        "round_time": 6.057696580886841,
        "round_start_time": 1770834967.8994699,
        "round_end_time": 1770834973.9571664,
        "evaluate_time": 0.5920441150665283,
        "inference_time": 0.002675294876098633
    },
    "2": {
        "trees_by_client": 30,
        "first_server_serialise_trees_size": 18922,
        "fit_time": 1.575061321258545,
        "client_serialise_trees_size": 1683754,
        "final_server_serialise_trees_size": 2246528,
        "f1_score": 0.9667445390645079,
        "mcc": 0.9502378249436969,
        "accuracy": 0.96076775071566,
        "precision": 0.969087163317116,
        "recall": 0.9662169066347324,
        "confusion_matrix": [
            [
                0.9868498817966903,
                0.000591016548463357,
                0.012559101654846336,
                0.0,
                0.0,
                0.0
            ],
            [
                0.011883327331652862,
                0.9711919337414476,
                0.009002520705797623,
                0.0,
                0.00792221822110191,
                0.0
            ],
            [
                0.02757964812173086,
                0.0011887779362815027,
                0.9652876842605801,
                0.0,
                0.005943889681407513,
                0.0
            ],
            [
                0.0,
                0.0,
                0.0,
                1.0,
                0.0,
                0.0
            ],
            [
                0.0,
                0.018384131591678763,
                0.10764392839864538,
                0.0,
                0.8739719400096758,
                0.0
            ],
            [
                0.0,
                0.0,
                0.0,
                0.0,
                0.0,
                1.0
            ]
        ],
        "confusion_matrix_labels": [
            "DoS/DDoS",
            "Info_Gathering",
            "Injection",
            "MITM",
            "Malware",
            "Normal"
        ],
        "round_time": 7.388108253479004,
        "round_start_time": 1770834988.9924417,
        "round_end_time": 1770834996.38055,
        "evaluate_time": 0.8658843040466309,
        "inference_time": 0.002924203872680664
    },
    "3": {
        "trees_by_client": 40,
        "first_server_serialise_trees_size": 28457,
        "fit_time": 2.052844524383545,
        "client_serialise_trees_size": 2257680,
        "final_server_serialise_trees_size": 2910440,
        "f1_score": 0.9659961308269135,
        "mcc": 0.9486897415150591,
        "accuracy": 0.9596414660472101,
        "precision": 0.9687999266247015,
        "recall": 0.9647007766233368,
        "confusion_matrix": [
            [
                0.9831560283687943,
                0.0002955082742316785,
                0.016548463356973995,
                0.0,
                0.0,
                0.0
            ],
            [
                0.025207057976233346,
                0.9539070939863161,
                0.012243428159884768,
                0.0,
                0.008642419877565718,
                0.0
            ],
            [
                0.028768426058012362,
                0.0009510223490252021,
                0.963623395149786,
                0.0,
                0.006657156443176415,
                0.0
            ],
            [
                0.0,
                0.0,
                0.0,
                1.0,
                0.0,
                0.0
            ],
            [
                0.0,
                0.01644895984518626,
                0.09603289791969037,
                0.0,
                0.8875181422351234,
                0.0
            ],
            [
                0.0,
                0.0,
                0.0,
                0.0,
                0.0,
                1.0
            ]
        ],
        "confusion_matrix_labels": [
            "DoS/DDoS",
            "Info_Gathering",
            "Injection",
            "MITM",
            "Malware",
            "Normal"
        ],
        "round_time": 8.66603708267212,
        "round_start_time": 1770835011.4273531,
        "round_end_time": 1770835020.0933902,
        "evaluate_time": 0.9451878070831299,
        "inference_time": 0.012192249298095703
    },
    "4": {
        "trees_by_client": 50,
        "first_server_serialise_trees_size": 37877,
        "fit_time": 2.5130341053009033,
        "client_serialise_trees_size": 2874642,
        "final_server_serialise_trees_size": 3646226,
        "f1_score": 0.9648785437959851,
        "mcc": 0.9472082551218646,
        "accuracy": 0.9584213243230559,
        "precision": 0.9679834411461713,
        "recall": 0.9635682345126327,
        "confusion_matrix": [
            [
                0.9831560283687943,
                0.0008865248226950354,
                0.015957446808510637,
                0.0,
                0.0,
                0.0
            ],
            [
                0.02556715880446525,
                0.9524666906733885,
                0.013323730644580483,
                0.0,
                0.008642419877565718,
                0.0
            ],
            [
                0.028768426058012362,
                0.0009510223490252021,
                0.9655254398478365,
                0.0,
                0.004755111745126011,
                0.0
            ],
            [
                0.0,
                0.0,
                0.0,
                1.0,
                0.0,
                0.0
            ],
            [
                0.0,
                0.01644895984518626,
                0.10328979196903725,
                0.0,
                0.8802612481857764,
                0.0
            ],
            [
                0.0,
                0.0,
                0.0,
                0.0,
                0.0,
                1.0
            ]
        ],
        "confusion_matrix_labels": [
            "DoS/DDoS",
            "Info_Gathering",
            "Injection",
            "MITM",
            "Malware",
            "Normal"
        ],
        "round_time": 9.67786192893982,
        "round_start_time": 1770835035.1503441,
        "round_end_time": 1770835044.828206,
        "evaluate_time": 1.0430519580841064,
        "inference_time": 0.01647162437438965
    },
    "5": {
        "trees_by_client": 60,
        "first_server_serialise_trees_size": 46932,
        "fit_time": 3.062403440475464,
        "client_serialise_trees_size": 3361528,
        "final_server_serialise_trees_size": 4358539,
        "f1_score": 0.9665883761672012,
        "mcc": 0.9500542390182988,
        "accuracy": 0.9605800366042517,
        "precision": 0.9691180387659787,
        "recall": 0.9660651213894743,
        "confusion_matrix": [
            [
                0.9867021276595744,
                0.000591016548463357,
                0.012706855791962174,
                0.0,
                0.0,
                0.0
            ],
            [
                0.011523226503420959,
                0.9711919337414476,
                0.009362621534029529,
                0.0,
                0.00792221822110191,
                0.0
            ],
            [
                0.02710413694721826,
                0.0016642891107941037,
                0.9674274845458868,
                0.0,
                0.0038040893961008085,
                0.0
            ],
            [
                0.0,
                0.0,
                0.0,
                1.0,
                0.0,
                0.0
            ],
            [
                0.0,
                0.017658442186744075,
                0.11127237542331882,
                0.0,
                0.8710691823899371,
                0.0
            ],
            [
                0.0,
                0.0,
                0.0,
                0.0,
                0.0,
                1.0
            ]
        ],
        "confusion_matrix_labels": [
            "DoS/DDoS",
            "Info_Gathering",
            "Injection",
            "MITM",
            "Malware",
            "Normal"
        ],
        "round_time": 12.720951318740845,
        "round_start_time": 1770835059.906343,
        "round_end_time": 1770835072.6272943,
        "evaluate_time": 1.1376843452453613,
        "inference_time": 0.0045545101165771484
    },
    "6": {
        "trees_by_client": 70,
        "first_server_serialise_trees_size": 56795,
        "fit_time": 3.552589178085327,
        "client_serialise_trees_size": 3998405,
        "final_server_serialise_trees_size": 5168048,
        "f1_score": 0.9670968619633237,
        "mcc": 0.9508021397268739,
        "accuracy": 0.9611901074663288,
        "precision": 0.969514632949036,
        "recall": 0.9665648291925327,
        "confusion_matrix": [
            [
                0.9865543735224587,
                0.0007387706855791962,
                0.012706855791962174,
                0.0,
                0.0,
                0.0
            ],
            [
                0.011523226503420959,
                0.9704717320849838,
                0.010082823190493338,
                0.0,
                0.00792221822110191,
                0.0
            ],
            [
                0.026866381359961958,
                0.0014265335235378032,
                0.9676652401331431,
                0.0,
                0.004041844983357109,
                0.0
            ],
            [
                0.0,
                0.0,
                0.0,
                1.0,
                0.0,
                0.0
            ],
            [
                0.0,
                0.017658442186744075,
                0.10764392839864538,
                0.0,
                0.8746976294146106,
                0.0
            ],
            [
                0.0,
                0.0,
                0.0,
                0.0,
                0.0,
                1.0
            ]
        ],
        "confusion_matrix_labels": [
            "DoS/DDoS",
            "Info_Gathering",
            "Injection",
            "MITM",
            "Malware",
            "Normal"
        ],
        "round_time": 12.620386838912964,
        "round_start_time": 1770835087.663902,
        "round_end_time": 1770835100.284289,
        "evaluate_time": 1.2435572147369385,
        "inference_time": 0.005243062973022461
    },
    "7": {
        "trees_by_client": 80,
        "first_server_serialise_trees_size": 66382,
        "fit_time": 4.087903261184692,
        "client_serialise_trees_size": 4594369,
        "final_server_serialise_trees_size": 5832952,
        "f1_score": 0.9667471806497246,
        "mcc": 0.9502769196691007,
        "accuracy": 0.96076775071566,
        "precision": 0.9692547358355353,
        "recall": 0.9661876743952179,
        "confusion_matrix": [
            [
                0.9867021276595744,
                0.0004432624113475177,
                0.012854609929078014,
                0.0,
                0.0,
                0.0
            ],
            [
                0.012243428159884768,
                0.9704717320849838,
                0.009722722362261434,
                0.0,
                0.007562117392870004,
                0.0
            ],
            [
                0.02710413694721826,
                0.0016642891107941037,
                0.9671897289586305,
                0.0,
                0.004041844983357109,
                0.0
            ],
            [
                0.0,
                0.0,
                0.0,
                1.0,
                0.0,
                0.0
            ],
            [
                0.0,
                0.017900338655055636,
                0.10933720367682633,
                0.0,
                0.872762457668118,
                0.0
            ],
            [
                0.0,
                0.0,
                0.0,
                0.0,
                0.0,
                1.0
            ]
        ],
        "confusion_matrix_labels": [
            "DoS/DDoS",
            "Info_Gathering",
            "Injection",
            "MITM",
            "Malware",
            "Normal"
        ],
        "round_time": 14.084697961807251,
        "round_start_time": 1770835115.3334131,
        "round_end_time": 1770835129.418111,
        "evaluate_time": 1.390275478363037,
        "inference_time": 0.005741596221923828
    },
    "8": {
        "trees_by_client": 90,
        "first_server_serialise_trees_size": 75832,
        "fit_time": 4.644045829772949,
        "client_serialise_trees_size": 5078211,
        "final_server_serialise_trees_size": 6505772,
        "f1_score": 0.9668672756035552,
        "mcc": 0.9504318737064097,
        "accuracy": 0.9609085362992162,
        "precision": 0.9693518050811205,
        "recall": 0.9662493118094558,
        "confusion_matrix": [
            [
                0.9872931442080378,
                0.0002955082742316785,
                0.012411347517730497,
                0.0,
                0.0,
                0.0
            ],
            [
                0.012243428159884768,
                0.9704717320849838,
                0.009722722362261434,
                0.0,
                0.007562117392870004,
                0.0
            ],
            [
                0.02734189253447456,
                0.0014265335235378032,
                0.9660009510223491,
                0.0,
                0.005230622919638612,
                0.0
            ],
            [
                0.0,
                0.0,
                0.0,
                1.0,
                0.0,
                0.0
            ],
            [
                0.0,
                0.017658442186744075,
                0.10861151427189163,
                0.0,
                0.8737300435413643,
                0.0
            ],
            [
                0.0,
                0.0,
                0.0,
                0.0,
                0.0,
                1.0
            ]
        ],
        "confusion_matrix_labels": [
            "DoS/DDoS",
            "Info_Gathering",
            "Injection",
            "MITM",
            "Malware",
            "Normal"
        ],
        "round_time": 17.865433931350708,
        "round_start_time": 1770835144.4673514,
        "round_end_time": 1770835162.3327854,
        "evaluate_time": 1.2899754047393799,
        "inference_time": 0.006398677825927734
    },
    "9": {
        "trees_by_client": 100,
        "first_server_serialise_trees_size": 85598,
        "fit_time": 5.006802320480347,
        "client_serialise_trees_size": 5763329,
        "final_server_serialise_trees_size": 7294558,
        "f1_score": 0.9665514755952861,
        "mcc": 0.9499629900328753,
        "accuracy": 0.9605331080763997,
        "precision": 0.9689920426911751,
        "recall": 0.9660139459507877,
        "confusion_matrix": [
            [
                0.9868498817966903,
                0.0007387706855791962,
                0.012411347517730497,
                0.0,
                0.0,
                0.0
            ],
            [
                0.011883327331652862,
                0.9711919337414476,
                0.009362621534029529,
                0.0,
                0.007562117392870004,
                0.0
            ],
            [
                0.02734189253447456,
                0.0014265335235378032,
                0.9657631954350927,
                0.0,
                0.005468378506894912,
                0.0
            ],
            [
                0.0,
                0.0,
                0.0,
                1.0,
                0.0,
                0.0
            ],
            [
                0.0,
                0.017658442186744075,
                0.11006289308176101,
                0.0,
                0.872278664731495,
                0.0
            ],
            [
                0.0,
                0.0,
                0.0,
                0.0,
                0.0,
                1.0
            ]
        ],
        "confusion_matrix_labels": [
            "DoS/DDoS",
            "Info_Gathering",
            "Injection",
            "MITM",
            "Malware",
            "Normal"
        ],
        "round_time": 19.72405695915222,
        "round_start_time": 1770835177.3841486,
        "round_end_time": 1770835197.1082056,
        "evaluate_time": 1.578488826751709,
        "inference_time": 0.0070438385009765625
    }
}