{
    "0": {
        "trees_by_client": 10,
        "first_server_serialise_trees_size": 9519,
        "fit_time": 0.5123045444488525,
        "client_serialise_trees_size": 558271,
        "final_server_serialise_trees_size": 703504,
        "f1_score": 0.9627126547692092,
        "mcc": 0.9437392474311331,
        "accuracy": 0.9558402552911915,
        "precision": 0.9649860698666198,
        "recall": 0.9616462081582142,
        "confusion_matrix": [
            [
                0.9821217494089834,
                0.0008865248226950354,
                0.016991725768321513,
                0.0,
                0.0,
                0.0
            ],
            [
                0.02124594886568239,
                0.9549873964710118,
                0.015124234785740008,
                0.0,
                0.008642419877565718,
                0.0
            ],
            [
                0.028768426058012362,
                0.0014265335235378032,
                0.9491203043271517,
                0.0,
                0.020684736091298145,
                0.0
            ],
            [
                0.0,
                0.0,
                0.0,
                1.0,
                0.0,
                0.0
            ],
            [
                0.0,
                0.01644895984518626,
                0.09990324141267537,
                0.0,
                0.8836477987421384,
                0.0
            ],
            [
                0.0,
                0.0,
                0.0,
                0.0,
                0.0,
                1.0
            ]
        ],
        "confusion_matrix_labels": [
            "DoS/DDoS",
            "Info_Gathering",
            "Injection",
            "MITM",
            "Malware",
            "Normal"
        ],
        "round_time": 45.91553544998169,
        "round_start_time": 1771339795.0577602,
        "round_end_time": 1771339840.9732957,
        "evaluate_time": 0.9589142799377441,
        "inference_time": 0.004177093505859375
    },
    "1": {
        "trees_by_client": 20,
        "first_server_serialise_trees_size": 9357,
        "fit_time": 1.048325538635254,
        "client_serialise_trees_size": 1113653,
        "final_server_serialise_trees_size": 1476764,
        "f1_score": 0.9675918669656758,
        "mcc": 0.951493494351385,
        "accuracy": 0.9617532498005538,
        "precision": 0.9699853380297404,
        "recall": 0.9669959516917945,
        "confusion_matrix": [
            [
                0.9874408983451537,
                0.0002955082742316785,
                0.012263593380614658,
                0.0,
                0.0,
                0.0
            ],
            [
                0.012243428159884768,
                0.9711919337414476,
                0.009002520705797623,
                0.0,
                0.007562117392870004,
                0.0
            ],
            [
                0.02757964812173086,
                0.0011887779362815027,
                0.9669519733713742,
                0.0,
                0.0042796005706134095,
                0.0
            ],
            [
                0.0,
                0.0,
                0.0,
                1.0,
                0.0,
                0.0
            ],
            [
                0.0,
                0.018142235123367198,
                0.10546686018384131,
                0.0,
                0.8763909046927915,
                0.0
            ],
            [
                0.0,
                0.0,
                0.0,
                0.0,
                0.0,
                1.0
            ]
        ],
        "confusion_matrix_labels": [
            "DoS/DDoS",
            "Info_Gathering",
            "Injection",
            "MITM",
            "Malware",
            "Normal"
        ],
        "round_time": 5.325408935546875,
        "round_start_time": 1771339856.2697294,
        "round_end_time": 1771339861.5951383,
        "evaluate_time": 0.8138420581817627,
        "inference_time": 0.0024764537811279297
    },
    "2": {
        "trees_by_client": 30,
        "first_server_serialise_trees_size": 18911,
        "fit_time": 1.5783324241638184,
        "client_serialise_trees_size": 1784801,
        "final_server_serialise_trees_size": 2246458,
        "f1_score": 0.9665157003288963,
        "mcc": 0.9498888479006147,
        "accuracy": 0.9604392510206955,
        "precision": 0.9691494667782593,
        "recall": 0.9659434830084761,
        "confusion_matrix": [
            [
                0.9867021276595744,
                0.0002955082742316785,
                0.013002364066193853,
                0.0,
                0.0,
                0.0
            ],
            [
                0.011883327331652862,
                0.9711919337414476,
                0.009362621534029529,
                0.0,
                0.007562117392870004,
                0.0
            ],
            [
                0.02734189253447456,
                0.0014265335235378032,
                0.9676652401331431,
                0.0,
                0.003566333808844508,
                0.0
            ],
            [
                0.0,
                0.0,
                0.0,
                1.0,
                0.0,
                0.0
            ],
            [
                0.0,
                0.017658442186744075,
                0.11223996129656506,
                0.0,
                0.8701015965166908,
                0.0
            ],
            [
                0.0,
                0.0,
                0.0,
                0.0,
                0.0,
                1.0
            ]
        ],
        "confusion_matrix_labels": [
            "DoS/DDoS",
            "Info_Gathering",
            "Injection",
            "MITM",
            "Malware",
            "Normal"
        ],
        "round_time": 7.694471597671509,
        "round_start_time": 1771339876.6523092,
        "round_end_time": 1771339884.3467808,
        "evaluate_time": 1.0533249378204346,
        "inference_time": 0.003091573715209961
    },
    "3": {
        "trees_by_client": 40,
        "first_server_serialise_trees_size": 28339,
        "fit_time": 2.015475273132324,
        "client_serialise_trees_size": 2328032,
        "final_server_serialise_trees_size": 2820837,
        "f1_score": 0.9662353218816225,
        "mcc": 0.9518712521753361,
        "accuracy": 0.9620348209676662,
        "precision": 0.9670488730572981,
        "recall": 0.967300479171302,
        "confusion_matrix": [
            [
                0.9869976359338062,
                0.0002955082742316785,
                0.012706855791962174,
                0.0,
                0.0,
                0.0
            ],
            [
                0.011523226503420959,
                0.9715520345696795,
                0.009002520705797623,
                0.0,
                0.00792221822110191,
                0.0
            ],
            [
                0.02734189253447456,
                0.0014265335235378032,
                0.968378506894912,
                0.00023775558725630053,
                0.002615311459819306,
                0.0
            ],
            [
                0.0,
                0.0,
                0.0,
                1.0,
                0.0,
                0.0
            ],
            [
                0.0,
                0.017658442186744075,
                0.10546686018384131,
                0.0,
                0.8768746976294146,
                0.0
            ],
            [
                0.0,
                0.0,
                0.0,
                0.0,
                0.0,
                1.0
            ]
        ],
        "confusion_matrix_labels": [
            "DoS/DDoS",
            "Info_Gathering",
            "Injection",
            "MITM",
            "Malware",
            "Normal"
        ],
        "round_time": 9.621460676193237,
        "round_start_time": 1771339899.4035673,
        "round_end_time": 1771339909.025028,
        "evaluate_time": 1.196666955947876,
        "inference_time": 0.0036902427673339844
    },
    "4": {
        "trees_by_client": 50,
        "first_server_serialise_trees_size": 38030,
        "fit_time": 2.6032555103302,
        "client_serialise_trees_size": 2983655,
        "final_server_serialise_trees_size": 3779592,
        "f1_score": 0.9661767643549802,
        "mcc": 0.9494755635923008,
        "accuracy": 0.9601107513257309,
        "precision": 0.9688726475586944,
        "recall": 0.9655754879900504,
        "confusion_matrix": [
            [
                0.987145390070922,
                0.0002955082742316785,
                0.012559101654846336,
                0.0,
                0.0,
                0.0
            ],
            [
                0.012243428159884768,
                0.9704717320849838,
                0.009362621534029529,
                0.0,
                0.00792221822110191,
                0.0
            ],
            [
                0.02734189253447456,
                0.0014265335235378032,
                0.9674274845458868,
                0.0,
                0.0038040893961008085,
                0.0
            ],
            [
                0.0,
                0.0,
                0.0,
                1.0,
                0.0,
                0.0
            ],
            [
                0.0,
                0.017900338655055636,
                0.11369134010643445,
                0.0,
                0.86840832123851,
                0.0
            ],
            [
                0.0,
                0.0,
                0.0,
                0.0,
                0.0,
                1.0
            ]
        ],
        "confusion_matrix_labels": [
            "DoS/DDoS",
            "Info_Gathering",
            "Injection",
            "MITM",
            "Malware",
            "Normal"
        ],
        "round_time": 10.22611379623413,
        "round_start_time": 1771339924.0956023,
        "round_end_time": 1771339934.321716,
        "evaluate_time": 1.2798256874084473,
        "inference_time": 0.004158496856689453
    },
    "5": {
        "trees_by_client": 60,
        "first_server_serialise_trees_size": 47470,
        "fit_time": 3.045205593109131,
        "client_serialise_trees_size": 3360343,
        "final_server_serialise_trees_size": 4414132,
        "f1_score": 0.9658786441516803,
        "mcc": 0.9491348107189972,
        "accuracy": 0.9598291801586184,
        "precision": 0.9686501701526979,
        "recall": 0.9652755304525718,
        "confusion_matrix": [
            [
                0.9878841607565012,
                0.0,
                0.012115839243498818,
                0.0,
                0.0,
                0.0
            ],
            [
                0.011883327331652862,
                0.9708318329132157,
                0.009722722362261434,
                0.0,
                0.007562117392870004,
                0.0
            ],
            [
                0.02710413694721826,
                0.0014265335235378032,
                0.9671897289586305,
                0.0,
                0.0042796005706134095,
                0.0
            ],
            [
                0.0,
                0.0,
                0.0,
                1.0,
                0.0,
                0.0
            ],
            [
                0.0,
                0.018384131591678763,
                0.11586840832123851,
                0.0,
                0.8657474600870827,
                0.0
            ],
            [
                0.0,
                0.0,
                0.0,
                0.0,
                0.0,
                1.0
            ]
        ],
        "confusion_matrix_labels": [
            "DoS/DDoS",
            "Info_Gathering",
            "Injection",
            "MITM",
            "Malware",
            "Normal"
        ],
        "round_time": 11.809179544448853,
        "round_start_time": 1771339949.383826,
        "round_end_time": 1771339961.1930056,
        "evaluate_time": 1.394829511642456,
        "inference_time": 0.004796028137207031
    },
    "6": {
        "trees_by_client": 70,
        "first_server_serialise_trees_size": 56578,
        "fit_time": 3.633126974105835,
        "client_serialise_trees_size": 3966960,
        "final_server_serialise_trees_size": 5052095,
        "f1_score": 0.9671517105741573,
        "mcc": 0.9508708797339257,
        "accuracy": 0.9612370359941809,
        "precision": 0.9695527590388663,
        "recall": 0.9666682577886655,
        "confusion_matrix": [
            [
                0.9867021276595744,
                0.0007387706855791962,
                0.012559101654846336,
                0.0,
                0.0,
                0.0
            ],
            [
                0.011163125675189053,
                0.9719121353979114,
                0.009362621534029529,
                0.0,
                0.007562117392870004,
                0.0
            ],
            [
                0.02710413694721826,
                0.0014265335235378032,
                0.9676652401331431,
                0.0,
                0.0038040893961008085,
                0.0
            ],
            [
                0.0,
                0.0,
                0.0,
                1.0,
                0.0,
                0.0
            ],
            [
                0.0,
                0.017900338655055636,
                0.10836961780358007,
                0.0,
                0.8737300435413643,
                0.0
            ],
            [
                0.0,
                0.0,
                0.0,
                0.0,
                0.0,
                1.0
            ]
        ],
        "confusion_matrix_labels": [
            "DoS/DDoS",
            "Info_Gathering",
            "Injection",
            "MITM",
            "Malware",
            "Normal"
        ],
        "round_time": 15.61107873916626,
        "round_start_time": 1771339976.2507515,
        "round_end_time": 1771339991.8618302,
        "evaluate_time": 1.2217462062835693,
        "inference_time": 0.005393266677856445
    },
    "7": {
        "trees_by_client": 80,
        "first_server_serialise_trees_size": 65980,
        "fit_time": 4.043639421463013,
        "client_serialise_trees_size": 4594992,
        "final_server_serialise_trees_size": 5881301,
        "f1_score": 0.9670689039662635,
        "mcc": 0.9507295998454198,
        "accuracy": 0.9611431789384767,
        "precision": 0.9694677720865732,
        "recall": 0.9665202941364024,
        "confusion_matrix": [
            [
                0.9869976359338062,
                0.0004432624113475177,
                0.012559101654846336,
                0.0,
                0.0,
                0.0
            ],
            [
                0.011883327331652862,
                0.9711919337414476,
                0.009362621534029529,
                0.0,
                0.007562117392870004,
                0.0
            ],
            [
                0.02710413694721826,
                0.0014265335235378032,
                0.9664764621968617,
                0.0,
                0.004992867332382311,
                0.0
            ],
            [
                0.0,
                0.0,
                0.0,
                1.0,
                0.0,
                0.0
            ],
            [
                0.0,
                0.017900338655055636,
                0.10764392839864538,
                0.0,
                0.874455732946299,
                0.0
            ],
            [
                0.0,
                0.0,
                0.0,
                0.0,
                0.0,
                1.0
            ]
        ],
        "confusion_matrix_labels": [
            "DoS/DDoS",
            "Info_Gathering",
            "Injection",
            "MITM",
            "Malware",
            "Normal"
        ],
        "round_time": 14.528359413146973,
        "round_start_time": 1771340006.9248295,
        "round_end_time": 1771340021.453189,
        "evaluate_time": 1.649479627609253,
        "inference_time": 0.006323814392089844
    },
    "8": {
        "trees_by_client": 90,
        "first_server_serialise_trees_size": 75897,
        "fit_time": 4.592235088348389,
        "client_serialise_trees_size": 5110335,
        "final_server_serialise_trees_size": 6494223,
        "f1_score": 0.9670927766128693,
        "mcc": 0.9508188447000603,
        "accuracy": 0.9611901074663288,
        "precision": 0.9695963293735973,
        "recall": 0.9665407789448665,
        "confusion_matrix": [
            [
                0.987145390070922,
                0.0004432624113475177,
                0.012411347517730497,
                0.0,
                0.0,
                0.0
            ],
            [
                0.011883327331652862,
                0.9711919337414476,
                0.009362621534029529,
                0.0,
                0.007562117392870004,
                0.0
            ],
            [
                0.026866381359961958,
                0.0016642891107941037,
                0.9679029957203994,
                0.0,
                0.003566333808844508,
                0.0
            ],
            [
                0.0,
                0.0,
                0.0,
                1.0,
                0.0,
                0.0
            ],
            [
                0.0,
                0.017658442186744075,
                0.10933720367682633,
                0.0,
                0.8730043541364296,
                0.0
            ],
            [
                0.0,
                0.0,
                0.0,
                0.0,
                0.0,
                1.0
            ]
        ],
        "confusion_matrix_labels": [
            "DoS/DDoS",
            "Info_Gathering",
            "Injection",
            "MITM",
            "Malware",
            "Normal"
        ],
        "round_time": 16.036752462387085,
        "round_start_time": 1771340036.515696,
        "round_end_time": 1771340052.5524485,
        "evaluate_time": 1.8198745250701904,
        "inference_time": 0.0064432621002197266
    },
    "9": {
        "trees_by_client": 100,
        "first_server_serialise_trees_size": 84963,
        "fit_time": 5.049135446548462,
        "client_serialise_trees_size": 5632552,
        "final_server_serialise_trees_size": 7228520,
        "f1_score": 0.9675492919070922,
        "mcc": 0.9514620818622928,
        "accuracy": 0.9617063212727017,
        "precision": 0.9700201222984193,
        "recall": 0.9669678752680625,
        "confusion_matrix": [
            [
                0.9872931442080378,
                0.0002955082742316785,
                0.012411347517730497,
                0.0,
                0.0,
                0.0
            ],
            [
                0.011163125675189053,
                0.9711919337414476,
                0.009722722362261434,
                0.0,
                0.00792221822110191,
                0.0
            ],
            [
                0.02734189253447456,
                0.0014265335235378032,
                0.9681407513076558,
                0.0,
                0.003090822634331907,
                0.0
            ],
            [
                0.0,
                0.0,
                0.0,
                1.0,
                0.0,
                0.0
            ],
            [
                0.0,
                0.017658442186744075,
                0.10716013546202226,
                0.0,
                0.8751814223512336,
                0.0
            ],
            [
                0.0,
                0.0,
                0.0,
                0.0,
                0.0,
                1.0
            ]
        ],
        "confusion_matrix_labels": [
            "DoS/DDoS",
            "Info_Gathering",
            "Injection",
            "MITM",
            "Malware",
            "Normal"
        ],
        "round_time": 20.18352484703064,
        "round_start_time": 1771340067.6157546,
        "round_end_time": 1771340087.7992795,
        "evaluate_time": 1.8428740501403809,
        "inference_time": 0.007439851760864258
    }
}