{
    "0": {
        "trees_by_client": 10,
        "first_server_serialise_trees_size": 9501,
        "fit_time": 0.015308141708374023,
        "client_serialise_trees_size": 25556,
        "final_server_serialise_trees_size": 836123,
        "f1_score": 0.9171383027817696,
        "mcc": 0.9375888067136572,
        "accuracy": 0.9610859728506788,
        "precision": 0.8960445256930595,
        "recall": 0.957066961260252,
        "confusion_matrix": [
            [
                0.9166666666666666,
                0.0,
                0.08333333333333333,
                0.0,
                0.0,
                0.0
            ],
            [
                0.011182108626198083,
                0.9680511182108626,
                0.009584664536741214,
                0.0,
                0.011182108626198083,
                0.0
            ],
            [
                0.012987012987012988,
                0.004329004329004329,
                0.9826839826839827,
                0.0,
                0.0,
                0.0
            ],
            [
                0.0,
                0.0,
                0.0,
                1.0,
                0.0,
                0.0
            ],
            [
                0.0,
                0.020833333333333332,
                0.10416666666666667,
                0.0,
                0.875,
                0.0
            ],
            [
                0.0,
                0.0,
                0.0,
                0.0,
                0.0,
                1.0
            ]
        ],
        "confusion_matrix_labels": [
            "DoS/DDoS",
            "Info_Gathering",
            "Injection",
            "MITM",
            "Malware",
            "Normal"
        ],
        "round_time": 47.043272495269775,
        "round_start_time": 1771785312.708338,
        "round_end_time": 1771785359.7516105,
        "evaluate_time": 0.08684396743774414,
        "inference_time": 0.008945941925048828
    },
    "1": {
        "trees_by_client": 20,
        "first_server_serialise_trees_size": 9360,
        "fit_time": 0.07409286499023438,
        "client_serialise_trees_size": 50139,
        "final_server_serialise_trees_size": 1669425,
        "f1_score": 0.909668458679744,
        "mcc": 0.9376610093144889,
        "accuracy": 0.9610859728506788,
        "precision": 0.8870603860956899,
        "recall": 0.9583940346719899,
        "confusion_matrix": [
            [
                0.9166666666666666,
                0.0,
                0.08333333333333333,
                0.0,
                0.0,
                0.0
            ],
            [
                0.01437699680511182,
                0.9664536741214057,
                0.007987220447284345,
                0.0,
                0.011182108626198083,
                0.0
            ],
            [
                0.017316017316017316,
                0.004329004329004329,
                0.9783549783549783,
                0.0,
                0.0,
                0.0
            ],
            [
                0.0,
                0.0,
                0.0,
                1.0,
                0.0,
                0.0
            ],
            [
                0.0,
                0.020833333333333332,
                0.09027777777777778,
                0.0,
                0.8888888888888888,
                0.0
            ],
            [
                0.0,
                0.0,
                0.0,
                0.0,
                0.0,
                1.0
            ]
        ],
        "confusion_matrix_labels": [
            "DoS/DDoS",
            "Info_Gathering",
            "Injection",
            "MITM",
            "Malware",
            "Normal"
        ],
        "round_time": 3.045374870300293,
        "round_start_time": 1771785375.565978,
        "round_end_time": 1771785378.611353,
        "evaluate_time": 0.08186221122741699,
        "inference_time": 0.010455131530761719
    },
    "2": {
        "trees_by_client": 30,
        "first_server_serialise_trees_size": 19038,
        "fit_time": 0.1144094467163086,
        "client_serialise_trees_size": 71942,
        "final_server_serialise_trees_size": 2543664,
        "f1_score": 0.92177053221356,
        "mcc": 0.9391061912772263,
        "accuracy": 0.9619909502262444,
        "precision": 0.8970030535126036,
        "recall": 0.9722829235608789,
        "confusion_matrix": [
            [
                1.0,
                0.0,
                0.0,
                0.0,
                0.0,
                0.0
            ],
            [
                0.011182108626198083,
                0.9664536741214057,
                0.011182108626198083,
                0.0,
                0.011182108626198083,
                0.0
            ],
            [
                0.017316017316017316,
                0.004329004329004329,
                0.9783549783549783,
                0.0,
                0.0,
                0.0
            ],
            [
                0.0,
                0.0,
                0.0,
                1.0,
                0.0,
                0.0
            ],
            [
                0.0,
                0.020833333333333332,
                0.09027777777777778,
                0.0,
                0.8888888888888888,
                0.0
            ],
            [
                0.0,
                0.0,
                0.0,
                0.0,
                0.0,
                1.0
            ]
        ],
        "confusion_matrix_labels": [
            "DoS/DDoS",
            "Info_Gathering",
            "Injection",
            "MITM",
            "Malware",
            "Normal"
        ],
        "round_time": 3.474033832550049,
        "round_start_time": 1771785393.7569833,
        "round_end_time": 1771785397.231017,
        "evaluate_time": 0.12407994270324707,
        "inference_time": 0.027617454528808594
    },
    "3": {
        "trees_by_client": 40,
        "first_server_serialise_trees_size": 28089,
        "fit_time": 0.09084606170654297,
        "client_serialise_trees_size": 99095,
        "final_server_serialise_trees_size": 3258375,
        "f1_score": 0.9099079254456716,
        "mcc": 0.9389778177343558,
        "accuracy": 0.9619909502262444,
        "precision": 0.8876434604271483,
        "recall": 0.9582050153136414,
        "confusion_matrix": [
            [
                0.9166666666666666,
                0.0,
                0.08333333333333333,
                0.0,
                0.0,
                0.0
            ],
            [
                0.012779552715654952,
                0.9696485623003195,
                0.006389776357827476,
                0.0,
                0.011182108626198083,
                0.0
            ],
            [
                0.021645021645021644,
                0.004329004329004329,
                0.974025974025974,
                0.0,
                0.0,
                0.0
            ],
            [
                0.0,
                0.0,
                0.0,
                1.0,
                0.0,
                0.0
            ],
            [
                0.0,
                0.020833333333333332,
                0.09027777777777778,
                0.0,
                0.8888888888888888,
                0.0
            ],
            [
                0.0,
                0.0,
                0.0,
                0.0,
                0.0,
                1.0
            ]
        ],
        "confusion_matrix_labels": [
            "DoS/DDoS",
            "Info_Gathering",
            "Injection",
            "MITM",
            "Malware",
            "Normal"
        ],
        "round_time": 4.492453336715698,
        "round_start_time": 1771785412.3609424,
        "round_end_time": 1771785416.8533957,
        "evaluate_time": 0.140610933303833,
        "inference_time": 0.029157638549804688
    },
    "4": {
        "trees_by_client": 50,
        "first_server_serialise_trees_size": 37835,
        "fit_time": 0.12890172004699707,
        "client_serialise_trees_size": 128678,
        "final_server_serialise_trees_size": 4086166,
        "f1_score": 0.9124848670965638,
        "mcc": 0.9389587017476146,
        "accuracy": 0.9619909502262444,
        "precision": 0.8903322534016387,
        "recall": 0.9582050153136414,
        "confusion_matrix": [
            [
                0.9166666666666666,
                0.0,
                0.08333333333333333,
                0.0,
                0.0,
                0.0
            ],
            [
                0.011182108626198083,
                0.9696485623003195,
                0.007987220447284345,
                0.0,
                0.011182108626198083,
                0.0
            ],
            [
                0.021645021645021644,
                0.004329004329004329,
                0.974025974025974,
                0.0,
                0.0,
                0.0
            ],
            [
                0.0,
                0.0,
                0.0,
                1.0,
                0.0,
                0.0
            ],
            [
                0.0,
                0.020833333333333332,
                0.09027777777777778,
                0.0,
                0.8888888888888888,
                0.0
            ],
            [
                0.0,
                0.0,
                0.0,
                0.0,
                0.0,
                1.0
            ]
        ],
        "confusion_matrix_labels": [
            "DoS/DDoS",
            "Info_Gathering",
            "Injection",
            "MITM",
            "Malware",
            "Normal"
        ],
        "round_time": 6.2710347175598145,
        "round_start_time": 1771785431.9969878,
        "round_end_time": 1771785438.2680225,
        "evaluate_time": 0.07181549072265625,
        "inference_time": 0.016442060470581055
    },
    "5": {
        "trees_by_client": 60,
        "first_server_serialise_trees_size": 47285,
        "fit_time": 0.18404769897460938,
        "client_serialise_trees_size": 151170,
        "final_server_serialise_trees_size": 4957843,
        "f1_score": 0.9116202663227067,
        "mcc": 0.940549444421873,
        "accuracy": 0.96289592760181,
        "precision": 0.8884519084310968,
        "recall": 0.9607088494868048,
        "confusion_matrix": [
            [
                0.9166666666666666,
                0.0,
                0.08333333333333333,
                0.0,
                0.0,
                0.0
            ],
            [
                0.01437699680511182,
                0.9664536741214057,
                0.007987220447284345,
                0.0,
                0.011182108626198083,
                0.0
            ],
            [
                0.017316017316017316,
                0.004329004329004329,
                0.9783549783549783,
                0.0,
                0.0,
                0.0
            ],
            [
                0.0,
                0.0,
                0.0,
                1.0,
                0.0,
                0.0
            ],
            [
                0.0,
                0.020833333333333332,
                0.0763888888888889,
                0.0,
                0.9027777777777778,
                0.0
            ],
            [
                0.0,
                0.0,
                0.0,
                0.0,
                0.0,
                1.0
            ]
        ],
        "confusion_matrix_labels": [
            "DoS/DDoS",
            "Info_Gathering",
            "Injection",
            "MITM",
            "Malware",
            "Normal"
        ],
        "round_time": 5.219705104827881,
        "round_start_time": 1771785453.336967,
        "round_end_time": 1771785458.556672,
        "evaluate_time": 0.17029404640197754,
        "inference_time": 0.04088711738586426
    },
    "6": {
        "trees_by_client": 70,
        "first_server_serialise_trees_size": 56954,
        "fit_time": 0.160081148147583,
        "client_serialise_trees_size": 179985,
        "final_server_serialise_trees_size": 5755380,
        "f1_score": 0.919870419585381,
        "mcc": 0.9419046986066805,
        "accuracy": 0.9638009049773756,
        "precision": 0.8952737759278343,
        "recall": 0.9728154049240311,
        "confusion_matrix": [
            [
                1.0,
                0.0,
                0.0,
                0.0,
                0.0,
                0.0
            ],
            [
                0.012779552715654952,
                0.9696485623003195,
                0.006389776357827476,
                0.0,
                0.011182108626198083,
                0.0
            ],
            [
                0.017316017316017316,
                0.004329004329004329,
                0.9783549783549783,
                0.0,
                0.0,
                0.0
            ],
            [
                0.0,
                0.0,
                0.0,
                1.0,
                0.0,
                0.0
            ],
            [
                0.0,
                0.020833333333333332,
                0.09027777777777778,
                0.0,
                0.8888888888888888,
                0.0
            ],
            [
                0.0,
                0.0,
                0.0,
                0.0,
                0.0,
                1.0
            ]
        ],
        "confusion_matrix_labels": [
            "DoS/DDoS",
            "Info_Gathering",
            "Injection",
            "MITM",
            "Malware",
            "Normal"
        ],
        "round_time": 7.025380849838257,
        "round_start_time": 1771785473.700982,
        "round_end_time": 1771785480.726363,
        "evaluate_time": 0.1692490577697754,
        "inference_time": 0.03544211387634277
    },
    "7": {
        "trees_by_client": 80,
        "first_server_serialise_trees_size": 66398,
        "fit_time": 0.16962051391601562,
        "client_serialise_trees_size": 203743,
        "final_server_serialise_trees_size": 6599468,
        "f1_score": 0.9089258709754883,
        "mcc": 0.9375331728503248,
        "accuracy": 0.9610859728506788,
        "precision": 0.8869465050099418,
        "recall": 0.9570476079062341,
        "confusion_matrix": [
            [
                0.9166666666666666,
                0.0,
                0.08333333333333333,
                0.0,
                0.0,
                0.0
            ],
            [
                0.012779552715654952,
                0.9696485623003195,
                0.006389776357827476,
                0.0,
                0.011182108626198083,
                0.0
            ],
            [
                0.021645021645021644,
                0.004329004329004329,
                0.974025974025974,
                0.0,
                0.0,
                0.0
            ],
            [
                0.0,
                0.0,
                0.0,
                1.0,
                0.0,
                0.0
            ],
            [
                0.0,
                0.020833333333333332,
                0.09722222222222222,
                0.0,
                0.8819444444444444,
                0.0
            ],
            [
                0.0,
                0.0,
                0.0,
                0.0,
                0.0,
                1.0
            ]
        ],
        "confusion_matrix_labels": [
            "DoS/DDoS",
            "Info_Gathering",
            "Injection",
            "MITM",
            "Malware",
            "Normal"
        ],
        "round_time": 7.561820983886719,
        "round_start_time": 1771785495.8490012,
        "round_end_time": 1771785503.4108222,
        "evaluate_time": 0.19449949264526367,
        "inference_time": 0.0353693962097168
    },
    "8": {
        "trees_by_client": 90,
        "first_server_serialise_trees_size": 75950,
        "fit_time": 0.1659681797027588,
        "client_serialise_trees_size": 229489,
        "final_server_serialise_trees_size": 7438105,
        "f1_score": 0.9157465308395193,
        "mcc": 0.9390885423187346,
        "accuracy": 0.9619909502262444,
        "precision": 0.8912388875295653,
        "recall": 0.9713917568350476,
        "confusion_matrix": [
            [
                1.0,
                0.0,
                0.0,
                0.0,
                0.0,
                0.0
            ],
            [
                0.01437699680511182,
                0.9680511182108626,
                0.006389776357827476,
                0.0,
                0.011182108626198083,
                0.0
            ],
            [
                0.017316017316017316,
                0.004329004329004329,
                0.9783549783549783,
                0.0,
                0.0,
                0.0
            ],
            [
                0.0,
                0.0,
                0.0,
                1.0,
                0.0,
                0.0
            ],
            [
                0.0,
                0.020833333333333332,
                0.09722222222222222,
                0.0,
                0.8819444444444444,
                0.0
            ],
            [
                0.0,
                0.0,
                0.0,
                0.0,
                0.0,
                1.0
            ]
        ],
        "confusion_matrix_labels": [
            "DoS/DDoS",
            "Info_Gathering",
            "Injection",
            "MITM",
            "Malware",
            "Normal"
        ],
        "round_time": 8.237833261489868,
        "round_start_time": 1771785518.5629468,
        "round_end_time": 1771785526.80078,
        "evaluate_time": 0.21027326583862305,
        "inference_time": 0.03461003303527832
    },
    "9": {
        "trees_by_client": 100,
        "first_server_serialise_trees_size": 85074,
        "fit_time": 0.24179553985595703,
        "client_serialise_trees_size": 253266,
        "final_server_serialise_trees_size": 8220901,
        "f1_score": 0.924162466067076,
        "mcc": 0.9447297105787812,
        "accuracy": 0.9656108597285068,
        "precision": 0.8996028153346218,
        "recall": 0.9742390530130146,
        "confusion_matrix": [
            [
                1.0,
                0.0,
                0.0,
                0.0,
                0.0,
                0.0
            ],
            [
                0.011182108626198083,
                0.9712460063897763,
                0.006389776357827476,
                0.0,
                0.011182108626198083,
                0.0
            ],
            [
                0.017316017316017316,
                0.004329004329004329,
                0.9783549783549783,
                0.0,
                0.0,
                0.0
            ],
            [
                0.0,
                0.0,
                0.0,
                1.0,
                0.0,
                0.0
            ],
            [
                0.0,
                0.020833333333333332,
                0.08333333333333333,
                0.0,
                0.8958333333333334,
                0.0
            ],
            [
                0.0,
                0.0,
                0.0,
                0.0,
                0.0,
                1.0
            ]
        ],
        "confusion_matrix_labels": [
            "DoS/DDoS",
            "Info_Gathering",
            "Injection",
            "MITM",
            "Malware",
            "Normal"
        ],
        "round_time": 9.002658367156982,
        "round_start_time": 1771785541.9069843,
        "round_end_time": 1771785550.9096427,
        "evaluate_time": 0.21722745895385742,
        "inference_time": 0.057738304138183594
    },
    "10": {
        "trees_by_client": 110,
        "first_server_serialise_trees_size": 94873,
        "fit_time": 0.35342836380004883,
        "client_serialise_trees_size": 280868,
        "final_server_serialise_trees_size": 9082709,
        "f1_score": 0.911219074743947,
        "mcc": 0.9375374606659946,
        "accuracy": 0.9610859728506788,
        "precision": 0.8896303054608671,
        "recall": 0.9566117012203273,
        "confusion_matrix": [
            [
                0.9166666666666666,
                0.0,
                0.08333333333333333,
                0.0,
                0.0,
                0.0
            ],
            [
                0.012779552715654952,
                0.9696485623003195,
                0.006389776357827476,
                0.0,
                0.011182108626198083,
                0.0
            ],
            [
                0.017316017316017316,
                0.004329004329004329,
                0.9783549783549783,
                0.0,
                0.0,
                0.0
            ],
            [
                0.0,
                0.0,
                0.0,
                1.0,
                0.0,
                0.0
            ],
            [
                0.0,
                0.020833333333333332,
                0.10416666666666667,
                0.0,
                0.875,
                0.0
            ],
            [
                0.0,
                0.0,
                0.0,
                0.0,
                0.0,
                1.0
            ]
        ],
        "confusion_matrix_labels": [
            "DoS/DDoS",
            "Info_Gathering",
            "Injection",
            "MITM",
            "Malware",
            "Normal"
        ],
        "round_time": 9.603318452835083,
        "round_start_time": 1771785566.063972,
        "round_end_time": 1771785575.6672904,
        "evaluate_time": 0.1821906566619873,
        "inference_time": 0.06150674819946289
    },
    "11": {
        "trees_by_client": 120,
        "first_server_serialise_trees_size": 104484,
        "fit_time": 0.23847007751464844,
        "client_serialise_trees_size": 302435,
        "final_server_serialise_trees_size": 9695901,
        "f1_score": 0.911219074743947,
        "mcc": 0.9375374606659946,
        "accuracy": 0.9610859728506788,
        "precision": 0.8896303054608671,
        "recall": 0.9566117012203273,
        "confusion_matrix": [
            [
                0.9166666666666666,
                0.0,
                0.08333333333333333,
                0.0,
                0.0,
                0.0
            ],
            [
                0.012779552715654952,
                0.9696485623003195,
                0.006389776357827476,
                0.0,
                0.011182108626198083,
                0.0
            ],
            [
                0.017316017316017316,
                0.004329004329004329,
                0.9783549783549783,
                0.0,
                0.0,
                0.0
            ],
            [
                0.0,
                0.0,
                0.0,
                1.0,
                0.0,
                0.0
            ],
            [
                0.0,
                0.020833333333333332,
                0.10416666666666667,
                0.0,
                0.875,
                0.0
            ],
            [
                0.0,
                0.0,
                0.0,
                0.0,
                0.0,
                1.0
            ]
        ],
        "confusion_matrix_labels": [
            "DoS/DDoS",
            "Info_Gathering",
            "Injection",
            "MITM",
            "Malware",
            "Normal"
        ],
        "round_time": 10.678833484649658,
        "round_start_time": 1771785590.8199632,
        "round_end_time": 1771785601.4987967,
        "evaluate_time": 0.21051549911499023,
        "inference_time": 0.061345577239990234
    },
    "12": {
        "trees_by_client": 130,
        "first_server_serialise_trees_size": 113543,
        "fit_time": 0.26607823371887207,
        "client_serialise_trees_size": 329364,
        "final_server_serialise_trees_size": 10607381,
        "f1_score": 0.9151412497374819,
        "mcc": 0.9433159639856442,
        "accuracy": 0.9647058823529412,
        "precision": 0.8924172719550688,
        "recall": 0.961241330849957,
        "confusion_matrix": [
            [
                0.9166666666666666,
                0.0,
                0.08333333333333333,
                0.0,
                0.0,
                0.0
            ],
            [
                0.012779552715654952,
                0.9696485623003195,
                0.006389776357827476,
                0.0,
                0.011182108626198083,
                0.0
            ],
            [
                0.017316017316017316,
                0.004329004329004329,
                0.9783549783549783,
                0.0,
                0.0,
                0.0
            ],
            [
                0.0,
                0.0,
                0.0,
                1.0,
                0.0,
                0.0
            ],
            [
                0.0,
                0.020833333333333332,
                0.0763888888888889,
                0.0,
                0.9027777777777778,
                0.0
            ],
            [
                0.0,
                0.0,
                0.0,
                0.0,
                0.0,
                1.0
            ]
        ],
        "confusion_matrix_labels": [
            "DoS/DDoS",
            "Info_Gathering",
            "Injection",
            "MITM",
            "Malware",
            "Normal"
        ],
        "round_time": 11.35783863067627,
        "round_start_time": 1771785616.668949,
        "round_end_time": 1771785628.0267875,
        "evaluate_time": 0.29709339141845703,
        "inference_time": 0.05105185508728027
    },
    "13": {
        "trees_by_client": 140,
        "first_server_serialise_trees_size": 122908,
        "fit_time": 0.32764720916748047,
        "client_serialise_trees_size": 354143,
        "final_server_serialise_trees_size": 11476550,
        "f1_score": 0.9164049828623138,
        "mcc": 0.9418011509555184,
        "accuracy": 0.9638009049773756,
        "precision": 0.8946402847720751,
        "recall": 0.9591927567167184,
        "confusion_matrix": [
            [
                0.9166666666666666,
                0.0,
                0.08333333333333333,
                0.0,
                0.0,
                0.0
            ],
            [
                0.011182108626198083,
                0.9712460063897763,
                0.006389776357827476,
                0.0,
                0.011182108626198083,
                0.0
            ],
            [
                0.017316017316017316,
                0.004329004329004329,
                0.9783549783549783,
                0.0,
                0.0,
                0.0
            ],
            [
                0.0,
                0.0,
                0.0,
                1.0,
                0.0,
                0.0
            ],
            [
                0.0,
                0.020833333333333332,
                0.09027777777777778,
                0.0,
                0.8888888888888888,
                0.0
            ],
            [
                0.0,
                0.0,
                0.0,
                0.0,
                0.0,
                1.0
            ]
        ],
        "confusion_matrix_labels": [
            "DoS/DDoS",
            "Info_Gathering",
            "Injection",
            "MITM",
            "Malware",
            "Normal"
        ],
        "round_time": 12.514223098754883,
        "round_start_time": 1771785643.162941,
        "round_end_time": 1771785655.677164,
        "evaluate_time": 0.2760579586029053,
        "inference_time": 0.0890951156616211
    },
    "14": {
        "trees_by_client": 150,
        "first_server_serialise_trees_size": 132858,
        "fit_time": 0.341503381729126,
        "client_serialise_trees_size": 378386,
        "final_server_serialise_trees_size": 11048648,
        "f1_score": 0.9322544549747303,
        "mcc": 0.9417683289706953,
        "accuracy": 0.9638009049773756,
        "precision": 0.9159782948137352,
        "recall": 0.9574297766190738,
        "confusion_matrix": [
            [
                0.9166666666666666,
                0.0,
                0.08333333333333333,
                0.0,
                0.0,
                0.0
            ],
            [
                0.006389776357827476,
                0.9728434504792333,
                0.009584664536741214,
                0.0,
                0.011182108626198083,
                0.0
            ],
            [
                0.008658008658008658,
                0.004329004329004329,
                0.987012987012987,
                0.0,
                0.0,
                0.0
            ],
            [
                0.0,
                0.0,
                0.0,
                1.0,
                0.0,
                0.0
            ],
            [
                0.0,
                0.020833333333333332,
                0.1111111111111111,
                0.0,
                0.8680555555555556,
                0.0
            ],
            [
                0.0,
                0.0,
                0.0,
                0.0,
                0.0,
                1.0
            ]
        ],
        "confusion_matrix_labels": [
            "DoS/DDoS",
            "Info_Gathering",
            "Injection",
            "MITM",
            "Malware",
            "Normal"
        ],
        "round_time": 12.530198097229004,
        "round_start_time": 1771785670.8942394,
        "round_end_time": 1771785683.4244375,
        "evaluate_time": 0.3097808361053467,
        "inference_time": 0.07226991653442383
    },
    "15": {
        "trees_by_client": 160,
        "first_server_serialise_trees_size": 141656,
        "fit_time": 0.5406370162963867,
        "client_serialise_trees_size": 405349,
        "final_server_serialise_trees_size": 13037283,
        "f1_score": 0.9151412497374819,
        "mcc": 0.9433159639856442,
        "accuracy": 0.9647058823529412,
        "precision": 0.8924172719550688,
        "recall": 0.961241330849957,
        "confusion_matrix": [
            [
                0.9166666666666666,
                0.0,
                0.08333333333333333,
                0.0,
                0.0,
                0.0
            ],
            [
                0.012779552715654952,
                0.9696485623003195,
                0.006389776357827476,
                0.0,
                0.011182108626198083,
                0.0
            ],
            [
                0.017316017316017316,
                0.004329004329004329,
                0.9783549783549783,
                0.0,
                0.0,
                0.0
            ],
            [
                0.0,
                0.0,
                0.0,
                1.0,
                0.0,
                0.0
            ],
            [
                0.0,
                0.020833333333333332,
                0.0763888888888889,
                0.0,
                0.9027777777777778,
                0.0
            ],
            [
                0.0,
                0.0,
                0.0,
                0.0,
                0.0,
                1.0
            ]
        ],
        "confusion_matrix_labels": [
            "DoS/DDoS",
            "Info_Gathering",
            "Injection",
            "MITM",
            "Malware",
            "Normal"
        ],
        "round_time": 13.839749574661255,
        "round_start_time": 1771785698.6079504,
        "round_end_time": 1771785712.4477,
        "evaluate_time": 0.3236105442047119,
        "inference_time": 0.08486723899841309
    },
    "16": {
        "trees_by_client": 170,
        "first_server_serialise_trees_size": 152193,
        "fit_time": 0.2574617862701416,
        "client_serialise_trees_size": 433706,
        "final_server_serialise_trees_size": 13830546,
        "f1_score": 0.9154228537453498,
        "mcc": 0.9403567540207223,
        "accuracy": 0.96289592760181,
        "precision": 0.8939457043182116,
        "recall": 0.958035349309311,
        "confusion_matrix": [
            [
                0.9166666666666666,
                0.0,
                0.08333333333333333,
                0.0,
                0.0,
                0.0
            ],
            [
                0.011182108626198083,
                0.9712460063897763,
                0.006389776357827476,
                0.0,
                0.011182108626198083,
                0.0
            ],
            [
                0.017316017316017316,
                0.004329004329004329,
                0.9783549783549783,
                0.0,
                0.0,
                0.0
            ],
            [
                0.0,
                0.0,
                0.0,
                1.0,
                0.0,
                0.0
            ],
            [
                0.0,
                0.020833333333333332,
                0.09722222222222222,
                0.0,
                0.8819444444444444,
                0.0
            ],
            [
                0.0,
                0.0,
                0.0,
                0.0,
                0.0,
                1.0
            ]
        ],
        "confusion_matrix_labels": [
            "DoS/DDoS",
            "Info_Gathering",
            "Injection",
            "MITM",
            "Malware",
            "Normal"
        ],
        "round_time": 14.628615379333496,
        "round_start_time": 1771785727.6093857,
        "round_end_time": 1771785742.238001,
        "evaluate_time": 0.33010077476501465,
        "inference_time": 0.09248518943786621
    },
    "17": {
        "trees_by_client": 180,
        "first_server_serialise_trees_size": 161007,
        "fit_time": 0.4530761241912842,
        "client_serialise_trees_size": 459843,
        "final_server_serialise_trees_size": 14876272,
        "f1_score": 0.914165521138547,
        "mcc": 0.9418682225744809,
        "accuracy": 0.9638009049773756,
        "precision": 0.89171413145813,
        "recall": 0.9600839234425496,
        "confusion_matrix": [
            [
                0.9166666666666666,
                0.0,
                0.08333333333333333,
                0.0,
                0.0,
                0.0
            ],
            [
                0.012779552715654952,
                0.9696485623003195,
                0.006389776357827476,
                0.0,
                0.011182108626198083,
                0.0
            ],
            [
                0.017316017316017316,
                0.004329004329004329,
                0.9783549783549783,
                0.0,
                0.0,
                0.0
            ],
            [
                0.0,
                0.0,
                0.0,
                1.0,
                0.0,
                0.0
            ],
            [
                0.0,
                0.020833333333333332,
                0.08333333333333333,
                0.0,
                0.8958333333333334,
                0.0
            ],
            [
                0.0,
                0.0,
                0.0,
                0.0,
                0.0,
                1.0
            ]
        ],
        "confusion_matrix_labels": [
            "DoS/DDoS",
            "Info_Gathering",
            "Injection",
            "MITM",
            "Malware",
            "Normal"
        ],
        "round_time": 15.578579425811768,
        "round_start_time": 1771785757.4117742,
        "round_end_time": 1771785772.9903536,
        "evaluate_time": 0.308607816696167,
        "inference_time": 0.09918975830078125
    },
    "18": {
        "trees_by_client": 190,
        "first_server_serialise_trees_size": 170020,
        "fit_time": 0.399355411529541,
        "client_serialise_trees_size": 484054,
        "final_server_serialise_trees_size": 15486032,
        "f1_score": 0.919870419585381,
        "mcc": 0.9419046986066805,
        "accuracy": 0.9638009049773756,
        "precision": 0.8952737759278343,
        "recall": 0.9728154049240311,
        "confusion_matrix": [
            [
                1.0,
                0.0,
                0.0,
                0.0,
                0.0,
                0.0
            ],
            [
                0.012779552715654952,
                0.9696485623003195,
                0.006389776357827476,
                0.0,
                0.011182108626198083,
                0.0
            ],
            [
                0.017316017316017316,
                0.004329004329004329,
                0.9783549783549783,
                0.0,
                0.0,
                0.0
            ],
            [
                0.0,
                0.0,
                0.0,
                1.0,
                0.0,
                0.0
            ],
            [
                0.0,
                0.020833333333333332,
                0.09027777777777778,
                0.0,
                0.8888888888888888,
                0.0
            ],
            [
                0.0,
                0.0,
                0.0,
                0.0,
                0.0,
                1.0
            ]
        ],
        "confusion_matrix_labels": [
            "DoS/DDoS",
            "Info_Gathering",
            "Injection",
            "MITM",
            "Malware",
            "Normal"
        ],
        "round_time": 16.34321641921997,
        "round_start_time": 1771785788.193313,
        "round_end_time": 1771785804.5365293,
        "evaluate_time": 0.2878150939941406,
        "inference_time": 0.06553506851196289
    },
    "19": {
        "trees_by_client": 200,
        "first_server_serialise_trees_size": 178721,
        "fit_time": 0.3855423927307129,
        "client_serialise_trees_size": 505336,
        "final_server_serialise_trees_size": 16444667,
        "f1_score": 0.914165521138547,
        "mcc": 0.9418682225744809,
        "accuracy": 0.9638009049773756,
        "precision": 0.89171413145813,
        "recall": 0.9600839234425496,
        "confusion_matrix": [
            [
                0.9166666666666666,
                0.0,
                0.08333333333333333,
                0.0,
                0.0,
                0.0
            ],
            [
                0.012779552715654952,
                0.9696485623003195,
                0.006389776357827476,
                0.0,
                0.011182108626198083,
                0.0
            ],
            [
                0.017316017316017316,
                0.004329004329004329,
                0.9783549783549783,
                0.0,
                0.0,
                0.0
            ],
            [
                0.0,
                0.0,
                0.0,
                1.0,
                0.0,
                0.0
            ],
            [
                0.0,
                0.020833333333333332,
                0.08333333333333333,
                0.0,
                0.8958333333333334,
                0.0
            ],
            [
                0.0,
                0.0,
                0.0,
                0.0,
                0.0,
                1.0
            ]
        ],
        "confusion_matrix_labels": [
            "DoS/DDoS",
            "Info_Gathering",
            "Injection",
            "MITM",
            "Malware",
            "Normal"
        ],
        "round_time": 16.536046981811523,
        "round_start_time": 1771785819.676941,
        "round_end_time": 1771785836.212988,
        "evaluate_time": 0.2551267147064209,
