{
    "0": {
        "trees_by_client": 10,
        "first_server_serialise_trees_size": 9282,
        "fit_time": 0.07891082763671875,
        "client_serialise_trees_size": 265882,
        "final_server_serialise_trees_size": 1331549,
        "f1_score": 0.9735182380845492,
        "mcc": 0.96044560852271,
        "accuracy": 0.9687910643889619,
        "precision": 0.9748232778457334,
        "recall": 0.9736416882095189,
        "confusion_matrix": [
            [
                0.9865563598759048,
                0.001034126163391934,
                0.012409513960703205,
                0.0,
                0.0,
                0.0
            ],
            [
                0.01272264631043257,
                0.9770992366412213,
                0.002544529262086514,
                0.0,
                0.007633587786259542,
                0.0
            ],
            [
                0.019230769230769232,
                0.0,
                0.9790209790209791,
                0.0,
                0.0017482517482517483,
                0.0
            ],
            [
                0.0,
                0.0,
                0.0,
                1.0,
                0.0,
                0.0
            ],
            [
                0.0,
                0.011570247933884297,
                0.08925619834710743,
                0.0,
                0.8991735537190083,
                0.0
            ],
            [
                0.0,
                0.0,
                0.0,
                0.0,
                0.0,
                1.0
            ]
        ],
        "confusion_matrix_labels": [
            "DoS/DDoS",
            "Info_Gathering",
            "Injection",
            "MITM",
            "Malware",
            "Normal"
        ],
        "round_time": 46.90608072280884,
        "round_start_time": 1771783455.2456684,
        "round_end_time": 1771783502.1517491,
        "evaluate_time": 0.21907997131347656,
        "inference_time": 0.0201265811920166
    },
    "1": {
        "trees_by_client": 20,
        "first_server_serialise_trees_size": 9435,
        "fit_time": 0.278353214263916,
        "client_serialise_trees_size": 544361,
        "final_server_serialise_trees_size": 2612964,
        "f1_score": 0.9732503619001003,
        "mcc": 0.959673916032226,
        "accuracy": 0.9681340341655716,
        "precision": 0.9745627209180681,
        "recall": 0.9735646065358821,
        "confusion_matrix": [
            [
                0.983453981385729,
                0.0,
                0.016546018614270942,
                0.0,
                0.0,
                0.0
            ],
            [
                0.010178117048346057,
                0.9796437659033079,
                0.002544529262086514,
                0.0,
                0.007633587786259542,
                0.0
            ],
            [
                0.019230769230769232,
                0.0,
                0.9807692307692307,
                0.0,
                0.0,
                0.0
            ],
            [
                0.0,
                0.0,
                0.0,
                1.0,
                0.0,
                0.0
            ],
            [
                0.0,
                0.011570247933884297,
                0.09090909090909091,
                0.0,
                0.8975206611570248,
                0.0
            ],
            [
                0.0,
                0.0,
                0.0,
                0.0,
                0.0,
                1.0
            ]
        ],
        "confusion_matrix_labels": [
            "DoS/DDoS",
            "Info_Gathering",
            "Injection",
            "MITM",
            "Malware",
            "Normal"
        ],
        "round_time": 3.2866697311401367,
        "round_start_time": 1771783517.895131,
        "round_end_time": 1771783521.1818008,
        "evaluate_time": 0.21707606315612793,
        "inference_time": 0.014292478561401367
    },
    "2": {
        "trees_by_client": 30,
        "first_server_serialise_trees_size": 18931,
        "fit_time": 0.4207770824432373,
        "client_serialise_trees_size": 780113,
        "final_server_serialise_trees_size": 4037998,
        "f1_score": 0.9746308193799487,
        "mcc": 0.9620830038564745,
        "accuracy": 0.9701051248357424,
        "precision": 0.9759376222313852,
        "recall": 0.9746109036652021,
        "confusion_matrix": [
            [
                0.9865563598759048,
                0.001034126163391934,
                0.012409513960703205,
                0.0,
                0.0,
                0.0
            ],
            [
                0.015267175572519083,
                0.9745547073791349,
                0.002544529262086514,
                0.0,
                0.007633587786259542,
                0.0
            ],
            [
                0.019230769230769232,
                0.0,
                0.9807692307692307,
                0.0,
                0.0,
                0.0
            ],
            [
                0.0,
                0.0,
                0.0,
                1.0,
                0.0,
                0.0
            ],
            [
                0.0,
                0.011570247933884297,
                0.08264462809917356,
                0.0,
                0.9057851239669421,
                0.0
            ],
            [
                0.0,
                0.0,
                0.0,
                0.0,
                0.0,
                1.0
            ]
        ],
        "confusion_matrix_labels": [
            "DoS/DDoS",
            "Info_Gathering",
            "Injection",
            "MITM",
            "Malware",
            "Normal"
        ],
        "round_time": 3.814444065093994,
        "round_start_time": 1771783536.3241456,
        "round_end_time": 1771783540.1385896,
        "evaluate_time": 0.15770339965820312,
        "inference_time": 0.013445377349853516
    },
    "3": {
        "trees_by_client": 40,
        "first_server_serialise_trees_size": 28391,
        "fit_time": 0.36891722679138184,
        "client_serialise_trees_size": 1118325,
        "final_server_serialise_trees_size": 5518043,
        "f1_score": 0.9738154669870895,
        "mcc": 0.960894798694476,
        "accuracy": 0.9691195795006571,
        "precision": 0.9753361192032797,
        "recall": 0.9738299357677956,
        "confusion_matrix": [
            [
                0.9875904860392968,
                0.0,
                0.012409513960703205,
                0.0,
                0.0,
                0.0
            ],
            [
                0.01272264631043257,
                0.9770992366412213,
                0.002544529262086514,
                0.0,
                0.007633587786259542,
                0.0
            ],
            [
                0.019230769230769232,
                0.0,
                0.9807692307692307,
                0.0,
                0.0,
                0.0
            ],
            [
                0.0,
                0.0,
                0.0,
                1.0,
                0.0,
                0.0
            ],
            [
                0.0,
                0.011570247933884297,
                0.09090909090909091,
                0.0,
                0.8975206611570248,
                0.0
            ],
            [
                0.0,
                0.0,
                0.0,
                0.0,
                0.0,
                1.0
            ]
        ],
        "confusion_matrix_labels": [
            "DoS/DDoS",
            "Info_Gathering",
            "Injection",
            "MITM",
            "Malware",
            "Normal"
        ],
        "round_time": 5.810309410095215,
        "round_start_time": 1771783555.2723024,
        "round_end_time": 1771783561.0826118,
        "evaluate_time": 0.1438603401184082,
        "inference_time": 0.013588905334472656
    },
    "4": {
        "trees_by_client": 50,
        "first_server_serialise_trees_size": 37641,
        "fit_time": 0.4403872489929199,
        "client_serialise_trees_size": 1262157,
        "final_server_serialise_trees_size": 6582358,
        "f1_score": 0.974048046044373,
        "mcc": 0.9613250500728125,
        "accuracy": 0.9694480946123522,
        "precision": 0.9755337092906634,
        "recall": 0.974121311059171,
        "confusion_matrix": [
            [
                0.9875904860392968,
                0.0,
                0.012409513960703205,
                0.0,
                0.0,
                0.0
            ],
            [
                0.01272264631043257,
                0.9770992366412213,
                0.002544529262086514,
                0.0,
                0.007633587786259542,
                0.0
            ],
            [
                0.017482517482517484,
                0.0,
                0.9825174825174825,
                0.0,
                0.0,
                0.0
            ],
            [
                0.0,
                0.0,
                0.0,
                1.0,
                0.0,
                0.0
            ],
            [
                0.0,
                0.011570247933884297,
                0.09090909090909091,
                0.0,
                0.8975206611570248,
                0.0
            ],
            [
                0.0,
                0.0,
                0.0,
                0.0,
                0.0,
                1.0
            ]
        ],
        "confusion_matrix_labels": [
            "DoS/DDoS",
            "Info_Gathering",
            "Injection",
            "MITM",
            "Malware",
            "Normal"
        ],
        "round_time": 4.6470863819122314,
        "round_start_time": 1771783576.14999,
        "round_end_time": 1771783580.7970765,
        "evaluate_time": 0.27190399169921875,
        "inference_time": 0.031141042709350586
    },
    "5": {
        "trees_by_client": 60,
        "first_server_serialise_trees_size": 47518,
        "fit_time": 0.615344762802124,
        "client_serialise_trees_size": 1617666,
        "final_server_serialise_trees_size": 8031329,
        "f1_score": 0.9740110795257166,
        "mcc": 0.9608766913612908,
        "accuracy": 0.9691195795006571,
        "precision": 0.9753326120164179,
        "recall": 0.9741393189670914,
        "confusion_matrix": [
            [
                0.984488107549121,
                0.0,
                0.015511892450879007,
                0.0,
                0.0,
                0.0
            ],
            [
                0.01272264631043257,
                0.9770992366412213,
                0.002544529262086514,
                0.0,
                0.007633587786259542,
                0.0
            ],
            [
                0.019230769230769232,
                0.0,
                0.9807692307692307,
                0.0,
                0.0,
                0.0
            ],
            [
                0.0,
                0.0,
                0.0,
                1.0,
                0.0,
                0.0
            ],
            [
                0.0,
                0.011570247933884297,
                0.0859504132231405,
                0.0,
                0.9024793388429752,
                0.0
            ],
            [
                0.0,
                0.0,
                0.0,
                0.0,
                0.0,
                1.0
            ]
        ],
        "confusion_matrix_labels": [
            "DoS/DDoS",
            "Info_Gathering",
            "Injection",
            "MITM",
            "Malware",
            "Normal"
        ],
        "round_time": 6.444200754165649,
        "round_start_time": 1771783595.968983,
        "round_end_time": 1771783602.4131837,
        "evaluate_time": 0.38180065155029297,
        "inference_time": 0.04676556587219238
    },
    "6": {
        "trees_by_client": 70,
        "first_server_serialise_trees_size": 56943,
        "fit_time": 0.8126060962677002,
        "client_serialise_trees_size": 1877269,
        "final_server_serialise_trees_size": 9304384,
        "f1_score": 0.9748957431775312,
        "mcc": 0.9625418788230783,
        "accuracy": 0.9704336399474376,
        "precision": 0.9762500877896132,
        "recall": 0.9749477573401627,
        "confusion_matrix": [
            [
                0.9875904860392968,
                0.0,
                0.012409513960703205,
                0.0,
                0.0,
                0.0
            ],
            [
                0.01272264631043257,
                0.9770992366412213,
                0.002544529262086514,
                0.0,
                0.007633587786259542,
                0.0
            ],
            [
                0.017482517482517484,
                0.0,
                0.9825174825174825,
                0.0,
                0.0,
                0.0
            ],
            [
                0.0,
                0.0,
                0.0,
                1.0,
                0.0,
                0.0
            ],
            [
                0.0,
                0.011570247933884297,
                0.0859504132231405,
                0.0,
                0.9024793388429752,
                0.0
            ],
            [
                0.0,
                0.0,
                0.0,
                0.0,
                0.0,
                1.0
            ]
        ],
        "confusion_matrix_labels": [
            "DoS/DDoS",
            "Info_Gathering",
            "Injection",
            "MITM",
            "Malware",
            "Normal"
        ],
        "round_time": 7.122980356216431,
        "round_start_time": 1771783617.5521243,
        "round_end_time": 1771783624.6751046,
        "evaluate_time": 0.4317054748535156,
        "inference_time": 0.04951214790344238
    },
    "7": {
        "trees_by_client": 80,
        "first_server_serialise_trees_size": 66083,
        "fit_time": 1.0033433437347412,
        "client_serialise_trees_size": 2146689,
        "final_server_serialise_trees_size": 10469393,
        "f1_score": 0.9735986430388275,
        "mcc": 0.960483130949218,
        "accuracy": 0.9687910643889619,
        "precision": 0.9750973377202712,
        "recall": 0.9736575814072302,
        "confusion_matrix": [
            [
                0.9865563598759048,
                0.0,
                0.01344364012409514,
                0.0,
                0.0,
                0.0
            ],
            [
                0.01272264631043257,
                0.9770992366412213,
                0.002544529262086514,
                0.0,
                0.007633587786259542,
                0.0
            ],
            [
                0.019230769230769232,
                0.0,
                0.9807692307692307,
                0.0,
                0.0,
                0.0
            ],
            [
                0.0,
                0.0,
                0.0,
                1.0,
                0.0,
                0.0
            ],
            [
                0.0,
                0.011570247933884297,
                0.09090909090909091,
                0.0,
                0.8975206611570248,
                0.0
            ],
            [
                0.0,
                0.0,
                0.0,
                0.0,
                0.0,
                1.0
            ]
        ],
        "confusion_matrix_labels": [
            "DoS/DDoS",
            "Info_Gathering",
            "Injection",
            "MITM",
            "Malware",
            "Normal"
        ],
        "round_time": 7.71326470375061,
        "round_start_time": 1771783639.8266928,
        "round_end_time": 1771783647.5399575,
        "evaluate_time": 0.3161177635192871,
        "inference_time": 0.03584408760070801
    },
    "8": {
        "trees_by_client": 90,
        "first_server_serialise_trees_size": 75506,
        "fit_time": 1.1623046398162842,
        "client_serialise_trees_size": 2415743,
        "final_server_serialise_trees_size": 11948646,
        "f1_score": 0.974048046044373,
        "mcc": 0.9613250500728125,
        "accuracy": 0.9694480946123522,
        "precision": 0.9755337092906634,
        "recall": 0.974121311059171,
        "confusion_matrix": [
            [
                0.9875904860392968,
                0.0,
                0.012409513960703205,
                0.0,
                0.0,
                0.0
            ],
            [
                0.01272264631043257,
                0.9770992366412213,
                0.002544529262086514,
                0.0,
                0.007633587786259542,
                0.0
            ],
            [
                0.017482517482517484,
                0.0,
                0.9825174825174825,
                0.0,
                0.0,
                0.0
            ],
            [
                0.0,
                0.0,
                0.0,
                1.0,
                0.0,
                0.0
            ],
            [
                0.0,
                0.011570247933884297,
                0.09090909090909091,
                0.0,
                0.8975206611570248,
                0.0
            ],
            [
                0.0,
                0.0,
                0.0,
                0.0,
                0.0,
                1.0
            ]
        ],
        "confusion_matrix_labels": [
            "DoS/DDoS",
            "Info_Gathering",
            "Injection",
            "MITM",
            "Malware",
            "Normal"
        ],
        "round_time": 8.924868822097778,
        "round_start_time": 1771783662.6678715,
        "round_end_time": 1771783671.5927403,
        "evaluate_time": 0.43511104583740234,
        "inference_time": 0.046212196350097656
    },
    "9": {
        "trees_by_client": 100,
        "first_server_serialise_trees_size": 85017,
        "fit_time": 1.2718756198883057,
        "client_serialise_trees_size": 2619417,
        "final_server_serialise_trees_size": 13185110,
        "f1_score": 0.9743306601930727,
        "mcc": 0.9617304025222534,
        "accuracy": 0.9697766097240473,
        "precision": 0.9757717542485708,
        "recall": 0.9743967931528349,
        "confusion_matrix": [
            [
                0.9875904860392968,
                0.0,
                0.012409513960703205,
                0.0,
                0.0,
                0.0
            ],
            [
                0.01272264631043257,
                0.9770992366412213,
                0.002544529262086514,
                0.0,
                0.007633587786259542,
                0.0
            ],
            [
                0.017482517482517484,
                0.0,
                0.9825174825174825,
                0.0,
                0.0,
                0.0
            ],
            [
                0.0,
                0.0,
                0.0,
                1.0,
                0.0,
                0.0
            ],
            [
                0.0,
                0.011570247933884297,
                0.08925619834710743,
                0.0,
                0.8991735537190083,
                0.0
            ],
            [
                0.0,
                0.0,
                0.0,
                0.0,
                0.0,
                1.0
            ]
        ],
        "confusion_matrix_labels": [
            "DoS/DDoS",
            "Info_Gathering",
            "Injection",
            "MITM",
            "Malware",
            "Normal"
        ],
        "round_time": 9.542539119720459,
        "round_start_time": 1771783686.7419558,
        "round_end_time": 1771783696.2844949,
        "evaluate_time": 0.5559127330780029,
        "inference_time": 0.07013201713562012
    },
    "10": {
        "trees_by_client": 110,
        "first_server_serialise_trees_size": 94613,
        "fit_time": 1.0783002376556396,
        "client_serialise_trees_size": 2888862,
        "final_server_serialise_trees_size": 14462897,
        "f1_score": 0.9749605078718625,
        "mcc": 0.9625360142218382,
        "accuracy": 0.9704336399474376,
        "precision": 0.9762490839203721,
        "recall": 0.9750508850732612,
        "confusion_matrix": [
            [
                0.9865563598759048,
                0.0,
                0.01344364012409514,
                0.0,
                0.0,
                0.0
            ],
            [
                0.01272264631043257,
                0.9770992366412213,
                0.002544529262086514,
                0.0,
                0.007633587786259542,
                0.0
            ],
            [
                0.017482517482517484,
                0.0,
                0.9825174825174825,
                0.0,
                0.0,
                0.0
            ],
            [
                0.0,
                0.0,
                0.0,
                1.0,
                0.0,
                0.0
            ],
            [
                0.0,
                0.011570247933884297,
                0.08429752066115702,
                0.0,
                0.9041322314049587,
                0.0
            ],
            [
                0.0,
                0.0,
                0.0,
                0.0,
                0.0,
                1.0
            ]
        ],
        "confusion_matrix_labels": [
            "DoS/DDoS",
            "Info_Gathering",
            "Injection",
            "MITM",
            "Malware",
            "Normal"
        ],
        "round_time": 10.387923955917358,
        "round_start_time": 1771783711.4799705,
        "round_end_time": 1771783721.8678944,
        "evaluate_time": 0.6268439292907715,
        "inference_time": 0.055449724197387695
    },
    "11": {
        "trees_by_client": 120,
        "first_server_serialise_trees_size": 104004,
        "fit_time": 1.6117773056030273,
        "client_serialise_trees_size": 3221112,
        "final_server_serialise_trees_size": 15867846,
        "f1_score": 0.9740980661270356,
        "mcc": 0.9613003076932018,
        "accuracy": 0.9694480946123522,
        "precision": 0.9755744950064035,
        "recall": 0.9741054178614595,
        "confusion_matrix": [
            [
                0.9875904860392968,
                0.0,
                0.012409513960703205,
                0.0,
                0.0,
                0.0
            ],
            [
                0.01272264631043257,
                0.9770992366412213,
                0.002544529262086514,
                0.0,
                0.007633587786259542,
                0.0
            ],
            [
                0.019230769230769232,
                0.0,
                0.9807692307692307,
                0.0,
                0.0,
                0.0
            ],
            [
                0.0,
                0.0,
                0.0,
                1.0,
                0.0,
                0.0
            ],
            [
                0.0,
                0.011570247933884297,
                0.08925619834710743,
                0.0,
                0.8991735537190083,
                0.0
            ],
            [
                0.0,
                0.0,
                0.0,
                0.0,
                0.0,
                1.0
            ]
        ],
        "confusion_matrix_labels": [
            "DoS/DDoS",
            "Info_Gathering",
            "Injection",
            "MITM",
            "Malware",
            "Normal"
        ],
        "round_time": 11.814241647720337,
        "round_start_time": 1771783737.0209408,
        "round_end_time": 1771783748.8351824,
        "evaluate_time": 0.30875110626220703,
        "inference_time": 0.03827261924743652
    },
    "12": {
        "trees_by_client": 130,
        "first_server_serialise_trees_size": 113416,
        "fit_time": 1.4694397449493408,
        "client_serialise_trees_size": 3474946,
        "final_server_serialise_trees_size": 17425310,
        "f1_score": 0.9740980661270356,
        "mcc": 0.9613003076932018,
        "accuracy": 0.9694480946123522,
        "precision": 0.9755744950064035,
        "recall": 0.9741054178614595,
        "confusion_matrix": [
            [
                0.9875904860392968,
                0.0,
                0.012409513960703205,
                0.0,
                0.0,
                0.0
            ],
            [
                0.01272264631043257,
                0.9770992366412213,
                0.002544529262086514,
                0.0,
                0.007633587786259542,
                0.0
            ],
            [
                0.019230769230769232,
                0.0,
                0.9807692307692307,
                0.0,
                0.0,
                0.0
            ],
            [
                0.0,
                0.0,
                0.0,
                1.0,
                0.0,
                0.0
            ],
            [
                0.0,
                0.011570247933884297,
                0.08925619834710743,
                0.0,
                0.8991735537190083,
                0.0
            ],
            [
                0.0,
                0.0,
                0.0,
                0.0,
                0.0,
                1.0
            ]
        ],
        "confusion_matrix_labels": [
            "DoS/DDoS",
            "Info_Gathering",
            "Injection",
            "MITM",
            "Malware",
            "Normal"
        ],
        "round_time": 10.933372020721436,
        "round_start_time": 1771783763.924004,
        "round_end_time": 1771783774.857376,
        "evaluate_time": 0.6472899913787842,
        "inference_time": 0.07086491584777832
    },
    "13": {
        "trees_by_client": 140,
        "first_server_serialise_trees_size": 123628,
        "fit_time": 1.8072235584259033,
        "client_serialise_trees_size": 3701020,
        "final_server_serialise_trees_size": 18590080,
        "f1_score": 0.974048046044373,
        "mcc": 0.9613250500728125,
        "accuracy": 0.9694480946123522,
        "precision": 0.9755337092906634,
        "recall": 0.974121311059171,
        "confusion_matrix": [
            [
                0.9875904860392968,
                0.0,
                0.012409513960703205,
                0.0,
                0.0,
                0.0
            ],
            [
                0.01272264631043257,
                0.9770992366412213,
                0.002544529262086514,
                0.0,
                0.007633587786259542,
                0.0
            ],
            [
                0.017482517482517484,
                0.0,
                0.9825174825174825,
                0.0,
                0.0,
                0.0
            ],
            [
                0.0,
                0.0,
                0.0,
                1.0,
                0.0,
                0.0
            ],
            [
                0.0,
                0.011570247933884297,
                0.09090909090909091,
                0.0,
                0.8975206611570248,
                0.0
            ],
            [
                0.0,
                0.0,
                0.0,
                0.0,
                0.0,
                1.0
            ]
        ],
        "confusion_matrix_labels": [
            "DoS/DDoS",
            "Info_Gathering",
            "Injection",
            "MITM",
            "Malware",
            "Normal"
        ],
        "round_time": 12.119444131851196,
        "round_start_time": 1771783790.0259638,
        "round_end_time": 1771783802.145408,
        "evaluate_time": 0.6609094142913818,
        "inference_time": 0.08432602882385254
    },
    "14": {
        "trees_by_client": 150,
        "first_server_serialise_trees_size": 131453,
        "fit_time": 2.1344873905181885,
        "client_serialise_trees_size": 3989196,
        "final_server_serialise_trees_size": 19675828,
        "f1_score": 0.9749645672899189,
        "mcc": 0.9625353407326442,
        "accuracy": 0.9704336399474376,
        "precision": 0.976230098821345,
        "recall": 0.975080470259135,
        "confusion_matrix": [
            [
                0.9875904860392968,
                0.0,
                0.012409513960703205,
                0.0,
                0.0,
                0.0
            ],
            [
                0.010178117048346057,
                0.9796437659033079,
                0.002544529262086514,
                0.0,
                0.007633587786259542,
                0.0
            ],
            [
                0.019230769230769232,
                0.0,
                0.9807692307692307,
                0.0,
                0.0,
                0.0
            ],
            [
                0.0,
                0.0,
                0.0,
                1.0,
                0.0,
                0.0
            ],
            [
                0.0,
                0.011570247933884297,
                0.0859504132231405,
                0.0,
                0.9024793388429752,
                0.0
            ],
            [
                0.0,
                0.0,
                0.0,
                0.0,
                0.0,
                1.0
            ]
        ],
        "confusion_matrix_labels": [
            "DoS/DDoS",
            "Info_Gathering",
            "Injection",
            "MITM",
            "Malware",
            "Normal"
        ],
        "round_time": 13.450105905532837,
        "round_start_time": 1771783817.32454,
        "round_end_time": 1771783830.7746458,
        "evaluate_time": 0.7455425262451172,
        "inference_time": 0.06678152084350586
    },
    "15": {
        "trees_by_client": 160,
        "first_server_serialise_trees_size": 141657,
        "fit_time": 1.8680822849273682,
        "client_serialise_trees_size": 4148567,
        "final_server_serialise_trees_size": 21160140,
        "f1_score": 0.9751782144734925,
        "mcc": 0.9629480033135597,
        "accuracy": 0.9707621550591328,
        "precision": 0.9764903836658682,
        "recall": 0.9752232394338266,
        "confusion_matrix": [
            [
                0.9875904860392968,
                0.0,
                0.012409513960703205,
                0.0,
                0.0,
                0.0
            ],
            [
                0.01272264631043257,
                0.9770992366412213,
                0.002544529262086514,
                0.0,
                0.007633587786259542,
                0.0
            ],
            [
                0.017482517482517484,
                0.0,
                0.9825174825174825,
                0.0,
                0.0,
                0.0
            ],
            [
                0.0,
                0.0,
                0.0,
                1.0,
                0.0,
                0.0
            ],
            [
                0.0,
                0.011570247933884297,
                0.08429752066115702,
                0.0,
                0.9041322314049587,
                0.0
            ],
            [
                0.0,
                0.0,
                0.0,
                0.0,
                0.0,
                1.0
            ]
        ],
        "confusion_matrix_labels": [
            "DoS/DDoS",
            "Info_Gathering",
            "Injection",
            "MITM",
            "Malware",
            "Normal"
        ],
        "round_time": 14.09031629562378,
        "round_start_time": 1771783845.9558272,
        "round_end_time": 1771783860.0461435,
        "evaluate_time": 0.6776771545410156,
        "inference_time": 0.08375310897827148
    },
    "16": {
        "trees_by_client": 170,
        "first_server_serialise_trees_size": 150750,
        "fit_time": 2.3982317447662354,
        "client_serialise_trees_size": 4539291,
        "final_server_serialise_trees_size": 22569413,
        "f1_score": 0.9743306601930727,
        "mcc": 0.9617304025222534,
        "accuracy": 0.9697766097240473,
        "precision": 0.9757717542485708,
        "recall": 0.9743967931528349,
        "confusion_matrix": [
            [
                0.9875904860392968,
                0.0,
                0.012409513960703205,
                0.0,
                0.0,
                0.0
            ],
            [
                0.01272264631043257,
                0.9770992366412213,
                0.002544529262086514,
                0.0,
                0.007633587786259542,
                0.0
            ],
            [
                0.017482517482517484,
                0.0,
                0.9825174825174825,
                0.0,
                0.0,
                0.0
            ],
            [
                0.0,
                0.0,
                0.0,
                1.0,
                0.0,
                0.0
            ],
            [
                0.0,
                0.011570247933884297,
                0.08925619834710743,
                0.0,
                0.8991735537190083,
                0.0
            ],
            [
                0.0,
                0.0,
                0.0,
                0.0,
                0.0,
                1.0
            ]
        ],
        "confusion_matrix_labels": [
            "DoS/DDoS",
            "Info_Gathering",
            "Injection",
            "MITM",
            "Malware",
            "Normal"
        ],
        "round_time": 15.009781837463379,
        "round_start_time": 1771783875.22498,
        "round_end_time": 1771783890.234762,
        "evaluate_time": 0.7209081649780273,
        "inference_time": 0.08371710777282715
    },
    "17": {
        "trees_by_client": 180,
        "first_server_serialise_trees_size": 160974,
        "fit_time": 2.3617515563964844,
        "client_serialise_trees_size": 4768454,
        "final_server_serialise_trees_size": 23784881,
        "f1_score": 0.9738312056486004,
        "mcc": 0.9609136494481262,
        "accuracy": 0.9691195795006571,
        "precision": 0.9752954278878939,
        "recall": 0.9739489566986056,
        "confusion_matrix": [
            [
                0.9865563598759048,
                0.0,
                0.01344364012409514,
                0.0,
                0.0,
                0.0
            ],
            [
                0.01272264631043257,
                0.9770992366412213,
                0.002544529262086514,
                0.0,
                0.007633587786259542,
                0.0
            ],
            [
                0.017482517482517484,
                0.0,
                0.9825174825174825,
                0.0,
                0.0,
                0.0
            ],
            [
                0.0,
                0.0,
                0.0,
                1.0,
                0.0,
                0.0
            ],
            [
                0.0,
                0.011570247933884297,
                0.09090909090909091,
                0.0,
                0.8975206611570248,
                0.0
            ],
            [
                0.0,
                0.0,
                0.0,
                0.0,
                0.0,
                1.0
            ]
        ],
        "confusion_matrix_labels": [
            "DoS/DDoS",
            "Info_Gathering",
            "Injection",
            "MITM",
            "Malware",
            "Normal"
        ],
        "round_time": 14.935731887817383,
        "round_start_time": 1771783905.3889709,
        "round_end_time": 1771783920.3247027,
        "evaluate_time": 0.5727884769439697,
        "inference_time": 0.07300233840942383
    },
    "18": {
        "trees_by_client": 190,
        "first_server_serialise_trees_size": 171095,
        "fit_time": 2.671427011489868,
        "client_serialise_trees_size": 5113332,
        "final_server_serialise_trees_size": 24941632,
        "f1_score": 0.9740980661270356,
        "mcc": 0.9613003076932018,
        "accuracy": 0.9694480946123522,
        "precision": 0.9755744950064035,
        "recall": 0.9741054178614595,
        "confusion_matrix": [
            [
                0.9875904860392968,
                0.0,
                0.012409513960703205,
                0.0,
                0.0,
                0.0
            ],
            [
                0.01272264631043257,
                0.9770992366412213,
                0.002544529262086514,
                0.0,
                0.007633587786259542,
                0.0
            ],
            [
                0.019230769230769232,
                0.0,
                0.9807692307692307,
                0.0,
                0.0,
                0.0
            ],
            [
                0.0,
                0.0,
                0.0,
                1.0,
                0.0,
                0.0
            ],
            [
                0.0,
                0.011570247933884297,
                0.08925619834710743,
                0.0,
                0.8991735537190083,
                0.0
            ],
            [
                0.0,
                0.0,
                0.0,
                0.0,
                0.0,
                1.0
            ]
        ],
        "confusion_matrix_labels": [
            "DoS/DDoS",
            "Info_Gathering",
            "Injection",
            "MITM",
            "Malware",
            "Normal"
        ],
        "round_time": 16.826603412628174,
        "round_start_time": 1771783935.5019772,
        "round_end_time": 1771783952.3285806,
        "evaluate_time": 0.6116843223571777,
        "inference_time": 0.12256503105163574
    },
    "19": {
        "trees_by_client": 200,
        "first_server_serialise_trees_size": 179098,
        "fit_time": 2.773322820663452,
        "client_serialise_trees_size": 5321689,
        "final_server_serialise_trees_size": 26095457,
        "f1_score": 0.9746132254939951,
        "mcc": 0.9621360119992624,
        "accuracy": 0.9701051248357424,
        "precision": 0.9760105458698293,
        "recall": 0.9746722752464988,
        "confusion_matrix": [
            [
                0.9875904860392968,
                0.0,
                0.012409513960703205,
                0.0,
                0.0,
                0.0
            ],
            [
                0.01272264631043257,
                0.9770992366412213,
                0.002544529262086514,
                0.0,
                0.007633587786259542,
                0.0
            ],
            [
                0.017482517482517484,
                0.0,
                0.9825174825174825,
                0.0,
                0.0,
                0.0
            ],
            [
                0.0,
                0.0,
                0.0,
                1.0,
                0.0,
                0.0
            ],
            [
                0.0,
                0.011570247933884297,
                0.08760330578512397,
                0.0,
                0.9008264462809917,
                0.0
            ],
            [
                0.0,
                0.0,
                0.0,
                0.0,
                0.0,
                1.0
            ]
        ],
        "confusion_matrix_labels": [
            "DoS/DDoS",
            "Info_Gathering",
            "Injection",
            "MITM",
            "Malware",
            "Normal"
        ],
        "round_time": 17.10364866256714,
        "round_start_time": 1771783967.5519602,
        "round_end_time": 1771783984.655609,
        "evaluate_time": 0.8749368190765381,
        "inference_time": 0.12796521186828613
    },
    "20": {
