{
    "0": {
        "trees_by_client": 10,
        "first_server_serialise_trees_size": 9287,
        "fit_time": 0.07052898406982422,
        "client_serialise_trees_size": 271991,
        "final_server_serialise_trees_size": 1295103,
        "f1_score": 0.9752279880719869,
        "mcc": 0.9629249172726541,
        "accuracy": 0.9707621550591328,
        "precision": 0.9765355240437916,
        "recall": 0.9752073462361152,
        "confusion_matrix": [
            [
                0.9875904860392968,
                0.0,
                0.012409513960703205,
                0.0,
                0.0,
                0.0
            ],
            [
                0.01272264631043257,
                0.9770992366412213,
                0.002544529262086514,
                0.0,
                0.007633587786259542,
                0.0
            ],
            [
                0.019230769230769232,
                0.0,
                0.9807692307692307,
                0.0,
                0.0,
                0.0
            ],
            [
                0.0,
                0.0,
                0.0,
                1.0,
                0.0,
                0.0
            ],
            [
                0.0,
                0.011570247933884297,
                0.08264462809917356,
                0.0,
                0.9057851239669421,
                0.0
            ],
            [
                0.0,
                0.0,
                0.0,
                0.0,
                0.0,
                1.0
            ]
        ],
        "confusion_matrix_labels": [
            "DoS/DDoS",
            "Info_Gathering",
            "Injection",
            "MITM",
            "Malware",
            "Normal"
        ],
        "round_time": 46.80599880218506,
        "round_start_time": 1772640333.5488846,
        "round_end_time": 1772640380.3548834,
        "evaluate_time": 0.19866943359375,
        "inference_time": 0.013050317764282227
    },
    "1": {
        "trees_by_client": 20,
        "first_server_serialise_trees_size": 9437,
        "fit_time": 0.25995922088623047,
        "client_serialise_trees_size": 533452,
        "final_server_serialise_trees_size": 2690001,
        "f1_score": 0.9759802300218888,
        "mcc": 0.9641899345791937,
        "accuracy": 0.9717477003942181,
        "precision": 0.9771510411658596,
        "recall": 0.9760951640984036,
        "confusion_matrix": [
            [
                0.9886246122026887,
                0.0,
                0.011375387797311272,
                0.0,
                0.0,
                0.0
            ],
            [
                0.010178117048346057,
                0.9796437659033079,
                0.002544529262086514,
                0.0,
                0.007633587786259542,
                0.0
            ],
            [
                0.017482517482517484,
                0.0,
                0.9825174825174825,
                0.0,
                0.0,
                0.0
            ],
            [
                0.0,
                0.0,
                0.0,
                1.0,
                0.0,
                0.0
            ],
            [
                0.0,
                0.011570247933884297,
                0.08264462809917356,
                0.0,
                0.9057851239669421,
                0.0
            ],
            [
                0.0,
                0.0,
                0.0,
                0.0,
                0.0,
                1.0
            ]
        ],
        "confusion_matrix_labels": [
            "DoS/DDoS",
            "Info_Gathering",
            "Injection",
            "MITM",
            "Malware",
            "Normal"
        ],
        "round_time": 3.841197967529297,
        "round_start_time": 1772640396.0633469,
        "round_end_time": 1772640399.9045448,
        "evaluate_time": 0.10361242294311523,
        "inference_time": 0.007783174514770508
    },
    "2": {
        "trees_by_client": 30,
        "first_server_serialise_trees_size": 18926,
        "fit_time": 0.23938822746276855,
        "client_serialise_trees_size": 755903,
        "final_server_serialise_trees_size": 4067955,
        "f1_score": 0.9757621759440588,
        "mcc": 0.9637776394605099,
        "accuracy": 0.971419185282523,
        "precision": 0.9769083877713215,
        "recall": 0.9759228097378383,
        "confusion_matrix": [
            [
                0.9875904860392968,
                0.0,
                0.012409513960703205,
                0.0,
                0.0,
                0.0
            ],
            [
                0.010178117048346057,
                0.9796437659033079,
                0.002544529262086514,
                0.0,
                0.007633587786259542,
                0.0
            ],
            [
                0.017482517482517484,
                0.0,
                0.9825174825174825,
                0.0,
                0.0,
                0.0
            ],
            [
                0.0,
                0.0,
                0.0,
                1.0,
                0.0,
                0.0
            ],
            [
                0.0,
                0.011570247933884297,
                0.08264462809917356,
                0.0,
                0.9057851239669421,
                0.0
            ],
            [
                0.0,
                0.0,
                0.0,
                0.0,
                0.0,
                1.0
            ]
        ],
        "confusion_matrix_labels": [
            "DoS/DDoS",
            "Info_Gathering",
            "Injection",
            "MITM",
            "Malware",
            "Normal"
        ],
        "round_time": 3.2671618461608887,
        "round_start_time": 1772640414.9654968,
        "round_end_time": 1772640418.2326586,
        "evaluate_time": 0.25359296798706055,
        "inference_time": 0.022656679153442383
    },
    "3": {
        "trees_by_client": 40,
        "first_server_serialise_trees_size": 28420,
        "fit_time": 0.4805185794830322,
        "client_serialise_trees_size": 1048059,
        "final_server_serialise_trees_size": 5409355,
        "f1_score": 0.9743762541180101,
        "mcc": 0.9617067662668433,
        "accuracy": 0.9697766097240473,
        "precision": 0.9758327357358111,
        "recall": 0.9743513147692496,
        "confusion_matrix": [
            [
                0.9865563598759048,
                0.0,
                0.01344364012409514,
                0.0,
                0.0,
                0.0
            ],
            [
                0.015267175572519083,
                0.9745547073791349,
                0.002544529262086514,
                0.0,
                0.007633587786259542,
                0.0
            ],
            [
                0.017482517482517484,
                0.0,
                0.9825174825174825,
                0.0,
                0.0,
                0.0
            ],
            [
                0.0,
                0.0,
                0.0,
                1.0,
                0.0,
                0.0
            ],
            [
                0.0,
                0.011570247933884297,
                0.0859504132231405,
                0.0,
                0.9024793388429752,
                0.0
            ],
            [
                0.0,
                0.0,
                0.0,
                0.0,
                0.0,
                1.0
            ]
        ],
        "confusion_matrix_labels": [
            "DoS/DDoS",
            "Info_Gathering",
            "Injection",
            "MITM",
            "Malware",
            "Normal"
        ],
        "round_time": 4.6693785190582275,
        "round_start_time": 1772640433.4144638,
        "round_end_time": 1772640438.0838423,
        "evaluate_time": 0.29058337211608887,
        "inference_time": 0.04206538200378418
    },
    "4": {
        "trees_by_client": 50,
        "first_server_serialise_trees_size": 37857,
        "fit_time": 0.6840071678161621,
        "client_serialise_trees_size": 1345275,
        "final_server_serialise_trees_size": 6677423,
        "f1_score": 0.9743959530775994,
        "mcc": 0.9617243176295217,
        "accuracy": 0.9697766097240473,
        "precision": 0.9757707624993602,
        "recall": 0.9744999208859334,
        "confusion_matrix": [
            [
                0.9865563598759048,
                0.0,
                0.01344364012409514,
                0.0,
                0.0,
                0.0
            ],
            [
                0.01272264631043257,
                0.9770992366412213,
                0.002544529262086514,
                0.0,
                0.007633587786259542,
                0.0
            ],
            [
                0.017482517482517484,
                0.0,
                0.9825174825174825,
                0.0,
                0.0,
                0.0
            ],
            [
                0.0,
                0.0,
                0.0,
                1.0,
                0.0,
                0.0
            ],
            [
                0.0,
                0.011570247933884297,
                0.08760330578512397,
                0.0,
                0.9008264462809917,
                0.0
            ],
            [
                0.0,
                0.0,
                0.0,
                0.0,
                0.0,
                1.0
            ]
        ],
        "confusion_matrix_labels": [
            "DoS/DDoS",
            "Info_Gathering",
            "Injection",
            "MITM",
            "Malware",
            "Normal"
        ],
        "round_time": 5.604471445083618,
        "round_start_time": 1772640453.259464,
        "round_end_time": 1772640458.8639355,
        "evaluate_time": 0.3390767574310303,
        "inference_time": 0.03861236572265625
    },
    "5": {
        "trees_by_client": 60,
        "first_server_serialise_trees_size": 47744,
        "fit_time": 0.828685998916626,
        "client_serialise_trees_size": 1604150,
        "final_server_serialise_trees_size": 8013364,
        "f1_score": 0.9737527766186583,
        "mcc": 0.9609066331106959,
        "accuracy": 0.9691195795006571,
        "precision": 0.9751134911904483,
        "recall": 0.9739489566986056,
        "confusion_matrix": [
            [
                0.9865563598759048,
                0.001034126163391934,
                0.012409513960703205,
                0.0,
                0.0,
                0.0
            ],
            [
                0.01272264631043257,
                0.9770992366412213,
                0.002544529262086514,
                0.0,
                0.007633587786259542,
                0.0
            ],
            [
                0.017482517482517484,
                0.0,
                0.9825174825174825,
                0.0,
                0.0,
                0.0
            ],
            [
                0.0,
                0.0,
                0.0,
                1.0,
                0.0,
                0.0
            ],
            [
                0.0,
                0.011570247933884297,
                0.09090909090909091,
                0.0,
                0.8975206611570248,
                0.0
            ],
            [
                0.0,
                0.0,
                0.0,
                0.0,
                0.0,
                1.0
            ]
        ],
        "confusion_matrix_labels": [
            "DoS/DDoS",
            "Info_Gathering",
            "Injection",
            "MITM",
            "Malware",
            "Normal"
        ],
        "round_time": 6.2424538135528564,
        "round_start_time": 1772640474.0335596,
        "round_end_time": 1772640480.2760134,
        "evaluate_time": 0.3217787742614746,
        "inference_time": 0.037200212478637695
    },
    "6": {
        "trees_by_client": 70,
        "first_server_serialise_trees_size": 57123,
        "fit_time": 1.018259048461914,
        "client_serialise_trees_size": 1850499,
        "final_server_serialise_trees_size": 9314489,
        "f1_score": 0.9738810262836263,
        "mcc": 0.9608884930662527,
        "accuracy": 0.9691195795006571,
        "precision": 0.9753349620895228,
        "recall": 0.9739330635008941,
        "confusion_matrix": [
            [
                0.9865563598759048,
                0.0,
                0.01344364012409514,
                0.0,
                0.0,
                0.0
            ],
            [
                0.01272264631043257,
                0.9770992366412213,
                0.002544529262086514,
                0.0,
                0.007633587786259542,
                0.0
            ],
            [
                0.019230769230769232,
                0.0,
                0.9807692307692307,
                0.0,
                0.0,
                0.0
            ],
            [
                0.0,
                0.0,
                0.0,
                1.0,
                0.0,
                0.0
            ],
            [
                0.0,
                0.011570247933884297,
                0.08925619834710743,
                0.0,
                0.8991735537190083,
                0.0
            ],
            [
                0.0,
                0.0,
                0.0,
                0.0,
                0.0,
                1.0
            ]
        ],
        "confusion_matrix_labels": [
            "DoS/DDoS",
            "Info_Gathering",
            "Injection",
            "MITM",
            "Malware",
            "Normal"
        ],
        "round_time": 7.066460132598877,
        "round_start_time": 1772640495.4125228,
        "round_end_time": 1772640502.478983,
        "evaluate_time": 0.4169795513153076,
        "inference_time": 0.03830742835998535
    },
    "7": {
        "trees_by_client": 80,
        "first_server_serialise_trees_size": 66042,
        "fit_time": 0.944892406463623,
        "client_serialise_trees_size": 2099470,
        "final_server_serialise_trees_size": 10598409,
        "f1_score": 0.9741327397412323,
        "mcc": 0.961337233900089,
        "accuracy": 0.9694480946123522,
        "precision": 0.9754725506688481,
        "recall": 0.9743730449089533,
        "confusion_matrix": [
            [
                0.9865563598759048,
                0.0,
                0.01344364012409514,
                0.0,
                0.0,
                0.0
            ],
            [
                0.010178117048346057,
                0.9796437659033079,
                0.002544529262086514,
                0.0,
                0.007633587786259542,
                0.0
            ],
            [
                0.017482517482517484,
                0.0,
                0.9825174825174825,
                0.0,
                0.0,
                0.0
            ],
            [
                0.0,
                0.0,
                0.0,
                1.0,
                0.0,
                0.0
            ],
            [
                0.0,
                0.011570247933884297,
                0.09090909090909091,
                0.0,
                0.8975206611570248,
                0.0
            ],
            [
                0.0,
                0.0,
                0.0,
                0.0,
                0.0,
                1.0
            ]
        ],
        "confusion_matrix_labels": [
            "DoS/DDoS",
            "Info_Gathering",
            "Injection",
            "MITM",
            "Malware",
            "Normal"
        ],
        "round_time": 8.071122407913208,
        "round_start_time": 1772640517.63805,
        "round_end_time": 1772640525.7091725,
        "evaluate_time": 0.4429199695587158,
        "inference_time": 0.041402578353881836
    },
    "8": {
        "trees_by_client": 90,
        "first_server_serialise_trees_size": 74995,
        "fit_time": 1.2455251216888428,
        "client_serialise_trees_size": 2366307,
        "final_server_serialise_trees_size": 11847019,
        "f1_score": 0.974048046044373,
        "mcc": 0.9613250500728125,
        "accuracy": 0.9694480946123522,
        "precision": 0.9755337092906634,
        "recall": 0.974121311059171,
        "confusion_matrix": [
            [
                0.9875904860392968,
                0.0,
                0.012409513960703205,
                0.0,
                0.0,
                0.0
            ],
            [
                0.01272264631043257,
                0.9770992366412213,
                0.002544529262086514,
                0.0,
                0.007633587786259542,
                0.0
            ],
            [
                0.017482517482517484,
                0.0,
                0.9825174825174825,
                0.0,
                0.0,
                0.0
            ],
            [
                0.0,
                0.0,
                0.0,
                1.0,
                0.0,
                0.0
            ],
            [
                0.0,
                0.011570247933884297,
                0.09090909090909091,
                0.0,
                0.8975206611570248,
                0.0
            ],
            [
                0.0,
                0.0,
                0.0,
                0.0,
                0.0,
                1.0
            ]
        ],
        "confusion_matrix_labels": [
            "DoS/DDoS",
            "Info_Gathering",
            "Injection",
            "MITM",
            "Malware",
            "Normal"
        ],
        "round_time": 9.468698740005493,
        "round_start_time": 1772640540.863079,
        "round_end_time": 1772640550.3317778,
        "evaluate_time": 0.26064324378967285,
        "inference_time": 0.030472278594970703
    },
    "9": {
        "trees_by_client": 100,
        "first_server_serialise_trees_size": 85096,
        "fit_time": 0.8523955345153809,
        "client_serialise_trees_size": 2634027,
        "final_server_serialise_trees_size": 13062942,
        "f1_score": 0.9738154669870895,
        "mcc": 0.960894798694476,
        "accuracy": 0.9691195795006571,
        "precision": 0.9753361192032797,
        "recall": 0.9738299357677956,
        "confusion_matrix": [
            [
                0.9875904860392968,
                0.0,
                0.012409513960703205,
                0.0,
                0.0,
                0.0
            ],
            [
                0.01272264631043257,
                0.9770992366412213,
                0.002544529262086514,
                0.0,
                0.007633587786259542,
                0.0
            ],
            [
                0.019230769230769232,
                0.0,
                0.9807692307692307,
                0.0,
                0.0,
                0.0
            ],
            [
                0.0,
                0.0,
                0.0,
                1.0,
                0.0,
                0.0
            ],
            [
                0.0,
                0.011570247933884297,
                0.09090909090909091,
                0.0,
                0.8975206611570248,
                0.0
            ],
            [
                0.0,
                0.0,
                0.0,
                0.0,
                0.0,
                1.0
            ]
        ],
        "confusion_matrix_labels": [
            "DoS/DDoS",
            "Info_Gathering",
            "Injection",
            "MITM",
            "Malware",
            "Normal"
        ],
        "round_time": 8.666769981384277,
        "round_start_time": 1772640565.4234653,
        "round_end_time": 1772640574.0902352,
        "evaluate_time": 0.5398306846618652,
        "inference_time": 0.07060718536376953
    },
    "10": {
        "trees_by_client": 110,
        "first_server_serialise_trees_size": 94892,
        "fit_time": 1.4689421653747559,
        "client_serialise_trees_size": 2865793,
        "final_server_serialise_trees_size": 14437789,
        "f1_score": 0.974078702936665,
        "mcc": 0.961282998258479,
        "accuracy": 0.9694480946123522,
        "precision": 0.975637326611274,
        "recall": 0.9739568117447757,
        "confusion_matrix": [
            [
                0.9875904860392968,
                0.0,
                0.012409513960703205,
                0.0,
                0.0,
                0.0
            ],
            [
                0.015267175572519083,
                0.9745547073791349,
                0.002544529262086514,
                0.0,
                0.007633587786259542,
                0.0
            ],
            [
                0.019230769230769232,
                0.0,
                0.9807692307692307,
                0.0,
                0.0,
                0.0
            ],
            [
                0.0,
                0.0,
                0.0,
                1.0,
                0.0,
                0.0
            ],
            [
                0.0,
                0.011570247933884297,
                0.08760330578512397,
                0.0,
                0.9008264462809917,
                0.0
            ],
            [
                0.0,
                0.0,
                0.0,
                0.0,
                0.0,
                1.0
            ]
        ],
        "confusion_matrix_labels": [
            "DoS/DDoS",
            "Info_Gathering",
            "Injection",
            "MITM",
            "Malware",
            "Normal"
        ],
        "round_time": 10.577354192733765,
        "round_start_time": 1772640589.274575,
        "round_end_time": 1772640599.8519292,
        "evaluate_time": 0.5332190990447998,
        "inference_time": 0.06861257553100586
    },
    "11": {
        "trees_by_client": 120,
        "first_server_serialise_trees_size": 103871,
        "fit_time": 1.6718640327453613,
        "client_serialise_trees_size": 3199813,
        "final_server_serialise_trees_size": 15651209,
        "f1_score": 0.9737460449381402,
        "mcc": 0.9609018195727332,
        "accuracy": 0.9691195795006571,
        "precision": 0.9753570684569656,
        "recall": 0.9736972228488231,
        "confusion_matrix": [
            [
                0.9875904860392968,
                0.0,
                0.012409513960703205,
                0.0,
                0.0,
                0.0
            ],
            [
                0.015267175572519083,
                0.9745547073791349,
                0.002544529262086514,
                0.0,
                0.007633587786259542,
                0.0
            ],
            [
                0.017482517482517484,
                0.0,
                0.9825174825174825,
                0.0,
                0.0,
                0.0
            ],
            [
                0.0,
                0.0,
                0.0,
                1.0,
                0.0,
                0.0
            ],
            [
                0.0,
                0.011570247933884297,
                0.09090909090909091,
                0.0,
                0.8975206611570248,
                0.0
            ],
            [
                0.0,
                0.0,
                0.0,
                0.0,
                0.0,
                1.0
            ]
        ],
        "confusion_matrix_labels": [
            "DoS/DDoS",
            "Info_Gathering",
            "Injection",
            "MITM",
            "Malware",
            "Normal"
        ],
        "round_time": 11.695425748825073,
        "round_start_time": 1772640615.0245337,
        "round_end_time": 1772640626.7199595,
        "evaluate_time": 0.6312656402587891,
        "inference_time": 0.07977771759033203
    },
    "12": {
        "trees_by_client": 130,
        "first_server_serialise_trees_size": 113532,
        "fit_time": 1.6776843070983887,
        "client_serialise_trees_size": 3486195,
        "final_server_serialise_trees_size": 17041705,
        "f1_score": 0.9746321955260041,
        "mcc": 0.9621538009782395,
        "accuracy": 0.9701051248357424,
        "precision": 0.9759487048403939,
        "recall": 0.9748208813631827,
        "confusion_matrix": [
            [
                0.9875904860392968,
                0.0,
                0.012409513960703205,
                0.0,
                0.0,
                0.0
            ],
            [
                0.010178117048346057,
                0.9796437659033079,
                0.002544529262086514,
                0.0,
                0.007633587786259542,
                0.0
            ],
            [
                0.017482517482517484,
                0.0,
                0.9825174825174825,
                0.0,
                0.0,
                0.0
            ],
            [
                0.0,
                0.0,
                0.0,
                1.0,
                0.0,
                0.0
            ],
            [
                0.0,
                0.011570247933884297,
                0.08925619834710743,
                0.0,
                0.8991735537190083,
                0.0
            ],
            [
                0.0,
                0.0,
                0.0,
                0.0,
                0.0,
                1.0
            ]
        ],
        "confusion_matrix_labels": [
            "DoS/DDoS",
            "Info_Gathering",
            "Injection",
            "MITM",
            "Malware",
            "Normal"
        ],
        "round_time": 11.616630792617798,
        "round_start_time": 1772640641.9075923,
        "round_end_time": 1772640653.524223,
        "evaluate_time": 0.6030535697937012,
        "inference_time": 0.07623982429504395
    },
    "13": {
        "trees_by_client": 140,
        "first_server_serialise_trees_size": 123213,
        "fit_time": 1.6876459121704102,
        "client_serialise_trees_size": 3703296,
        "final_server_serialise_trees_size": 18414558,
        "f1_score": 0.9743306601930727,
        "mcc": 0.9617304025222534,
        "accuracy": 0.9697766097240473,
        "precision": 0.9757717542485708,
        "recall": 0.9743967931528349,
        "confusion_matrix": [
            [
                0.9875904860392968,
                0.0,
                0.012409513960703205,
                0.0,
                0.0,
                0.0
            ],
            [
                0.01272264631043257,
                0.9770992366412213,
                0.002544529262086514,
                0.0,
                0.007633587786259542,
                0.0
            ],
            [
                0.017482517482517484,
                0.0,
                0.9825174825174825,
                0.0,
                0.0,
                0.0
            ],
            [
                0.0,
                0.0,
                0.0,
                1.0,
                0.0,
                0.0
            ],
            [
                0.0,
                0.011570247933884297,
                0.08925619834710743,
                0.0,
                0.8991735537190083,
                0.0
            ],
            [
                0.0,
                0.0,
                0.0,
                0.0,
                0.0,
                1.0
            ]
        ],
        "confusion_matrix_labels": [
            "DoS/DDoS",
            "Info_Gathering",
            "Injection",
            "MITM",
            "Malware",
            "Normal"
        ],
        "round_time": 13.768665075302124,
        "round_start_time": 1772640668.7035177,
        "round_end_time": 1772640682.4721828,
        "evaluate_time": 0.3393416404724121,
        "inference_time": 0.044028520584106445
    },
    "14": {
        "trees_by_client": 150,
        "first_server_serialise_trees_size": 132461,
        "fit_time": 1.516592025756836,
        "client_serialise_trees_size": 3973370,
        "final_server_serialise_trees_size": 19644190,
        "f1_score": 0.973513553349202,
        "mcc": 0.9604716502459986,
        "accuracy": 0.9687910643889619,
        "precision": 0.975159826085752,
        "recall": 0.9734058475574479,
        "confusion_matrix": [
            [
                0.9875904860392968,
                0.0,
                0.012409513960703205,
                0.0,
                0.0,
                0.0
            ],
            [
                0.015267175572519083,
                0.9745547073791349,
                0.002544529262086514,
                0.0,
                0.007633587786259542,
                0.0
            ],
            [
                0.019230769230769232,
                0.0,
                0.9807692307692307,
                0.0,
                0.0,
                0.0
            ],
            [
                0.0,
                0.0,
                0.0,
                1.0,
                0.0,
                0.0
            ],
            [
                0.0,
                0.011570247933884297,
                0.09090909090909091,
                0.0,
                0.8975206611570248,
                0.0
            ],
            [
                0.0,
                0.0,
                0.0,
                0.0,
                0.0,
                1.0
            ]
        ],
        "confusion_matrix_labels": [
            "DoS/DDoS",
            "Info_Gathering",
            "Injection",
            "MITM",
            "Malware",
            "Normal"
        ],
        "round_time": 12.918082475662231,
        "round_start_time": 1772640697.570503,
        "round_end_time": 1772640710.4885855,
        "evaluate_time": 0.7053830623626709,
        "inference_time": 0.05954337120056152
    },
    "15": {
        "trees_by_client": 160,
        "first_server_serialise_trees_size": 141717,
        "fit_time": 1.6140904426574707,
        "client_serialise_trees_size": 4220412,
        "final_server_serialise_trees_size": 21374722,
        "f1_score": 0.9743306601930727,
        "mcc": 0.9617304025222534,
        "accuracy": 0.9697766097240473,
        "precision": 0.9757717542485708,
        "recall": 0.9743967931528349,
        "confusion_matrix": [
            [
                0.9875904860392968,
                0.0,
                0.012409513960703205,
                0.0,
                0.0,
                0.0
            ],
            [
                0.01272264631043257,
                0.9770992366412213,
                0.002544529262086514,
                0.0,
                0.007633587786259542,
                0.0
            ],
            [
                0.017482517482517484,
                0.0,
                0.9825174825174825,
                0.0,
                0.0,
                0.0
            ],
            [
                0.0,
                0.0,
                0.0,
                1.0,
                0.0,
                0.0
            ],
            [
                0.0,
                0.011570247933884297,
                0.08925619834710743,
                0.0,
                0.8991735537190083,
                0.0
            ],
            [
                0.0,
                0.0,
                0.0,
                0.0,
                0.0,
                1.0
            ]
        ],
        "confusion_matrix_labels": [
            "DoS/DDoS",
            "Info_Gathering",
            "Injection",
            "MITM",
            "Malware",
            "Normal"
        ],
        "round_time": 14.166349649429321,
        "round_start_time": 1772640725.6385653,
        "round_end_time": 1772640739.804915,
        "evaluate_time": 0.6589207649230957,
        "inference_time": 0.0862569808959961
    },
    "16": {
        "trees_by_client": 170,
        "first_server_serialise_trees_size": 151942,
        "fit_time": 2.164823293685913,
        "client_serialise_trees_size": 4493194,
        "final_server_serialise_trees_size": 22243129,
        "f1_score": 0.9743806165745527,
        "mcc": 0.9617060737304569,
        "accuracy": 0.9697766097240473,
        "precision": 0.9758136197288017,
        "recall": 0.9743808999551234,
        "confusion_matrix": [
            [
                0.9875904860392968,
                0.0,
                0.012409513960703205,
                0.0,
                0.0,
                0.0
            ],
            [
                0.01272264631043257,
                0.9770992366412213,
                0.002544529262086514,
                0.0,
                0.007633587786259542,
                0.0
            ],
            [
                0.019230769230769232,
                0.0,
                0.9807692307692307,
                0.0,
                0.0,
                0.0
            ],
            [
                0.0,
                0.0,
                0.0,
                1.0,
                0.0,
                0.0
            ],
            [
                0.0,
                0.011570247933884297,
                0.08760330578512397,
                0.0,
                0.9008264462809917,
                0.0
            ],
            [
                0.0,
                0.0,
                0.0,
                0.0,
                0.0,
                1.0
            ]
        ],
        "confusion_matrix_labels": [
            "DoS/DDoS",
            "Info_Gathering",
            "Injection",
            "MITM",
            "Malware",
            "Normal"
        ],
        "round_time": 15.273003578186035,
        "round_start_time": 1772640754.9804502,
        "round_end_time": 1772640770.2534537,
        "evaluate_time": 0.5689797401428223,
        "inference_time": 0.09356570243835449
    },
    "17": {
        "trees_by_client": 180,
        "first_server_serialise_trees_size": 160704,
        "fit_time": 2.088233232498169,
        "client_serialise_trees_size": 4840726,
        "final_server_serialise_trees_size": 23501585,
        "f1_score": 0.9740980661270356,
        "mcc": 0.9613003076932018,
        "accuracy": 0.9694480946123522,
        "precision": 0.9755744950064035,
        "recall": 0.9741054178614595,
        "confusion_matrix": [
            [
                0.9875904860392968,
                0.0,
                0.012409513960703205,
                0.0,
                0.0,
                0.0
            ],
            [
                0.01272264631043257,
                0.9770992366412213,
                0.002544529262086514,
                0.0,
                0.007633587786259542,
                0.0
            ],
            [
                0.019230769230769232,
                0.0,
                0.9807692307692307,
                0.0,
                0.0,
                0.0
            ],
            [
                0.0,
                0.0,
                0.0,
                1.0,
                0.0,
                0.0
            ],
            [
                0.0,
                0.011570247933884297,
                0.08925619834710743,
                0.0,
                0.8991735537190083,
                0.0
            ],
            [
                0.0,
                0.0,
                0.0,
                0.0,
                0.0,
                1.0
            ]
        ],
        "confusion_matrix_labels": [
            "DoS/DDoS",
            "Info_Gathering",
            "Injection",
            "MITM",
            "Malware",
            "Normal"
        ],
        "round_time": 16.166030168533325,
        "round_start_time": 1772640785.4786727,
        "round_end_time": 1772640801.644703,
        "evaluate_time": 0.8398821353912354,
        "inference_time": 0.09482240676879883
    },
    "18": {
        "trees_by_client": 190,
        "first_server_serialise_trees_size": 169684,
        "fit_time": 1.8192756175994873,
        "client_serialise_trees_size": 4957849,
        "final_server_serialise_trees_size": 24964228,
        "f1_score": 0.9749605078718625,
        "mcc": 0.9625360142218382,
        "accuracy": 0.9704336399474376,
        "precision": 0.9762490839203721,
        "recall": 0.9750508850732612,
        "confusion_matrix": [
            [
                0.9865563598759048,
                0.0,
                0.01344364012409514,
                0.0,
                0.0,
                0.0
            ],
            [
                0.01272264631043257,
                0.9770992366412213,
                0.002544529262086514,
                0.0,
                0.007633587786259542,
                0.0
            ],
            [
                0.017482517482517484,
                0.0,
                0.9825174825174825,
                0.0,
                0.0,
                0.0
            ],
            [
                0.0,
                0.0,
                0.0,
                1.0,
                0.0,
                0.0
            ],
            [
                0.0,
                0.011570247933884297,
                0.08429752066115702,
                0.0,
                0.9041322314049587,
                0.0
            ],
            [
                0.0,
                0.0,
                0.0,
                0.0,
                0.0,
                1.0
            ]
        ],
        "confusion_matrix_labels": [
            "DoS/DDoS",
            "Info_Gathering",
            "Injection",
            "MITM",
            "Malware",
            "Normal"
        ],
        "round_time": 16.81679058074951,
        "round_start_time": 1772640816.8255541,
        "round_end_time": 1772640833.6423447,
        "evaluate_time": 0.8594989776611328,
        "inference_time": 0.08425116539001465
    },
    "19": {
        "trees_by_client": 200,
        "first_server_serialise_trees_size": 178908,
        "fit_time": 2.6799659729003906,
        "client_serialise_trees_size": 5200678,
        "final_server_serialise_trees_size": 26496287,
        "f1_score": 0.974078702936665,
        "mcc": 0.961282998258479,
        "accuracy": 0.9694480946123522,
        "precision": 0.975637326611274,
        "recall": 0.9739568117447757,
        "confusion_matrix": [
            [
                0.9875904860392968,
                0.0,
                0.012409513960703205,
                0.0,
                0.0,
                0.0
            ],
            [
                0.015267175572519083,
                0.9745547073791349,
                0.002544529262086514,
                0.0,
                0.007633587786259542,
                0.0
            ],
            [
                0.019230769230769232,
                0.0,
                0.9807692307692307,
                0.0,
                0.0,
                0.0
            ],
            [
                0.0,
                0.0,
                0.0,
                1.0,
                0.0,
                0.0
            ],
            [
                0.0,
                0.011570247933884297,
                0.08760330578512397,
                0.0,
                0.9008264462809917,
                0.0
            ],
            [
                0.0,
                0.0,
                0.0,
                0.0,
                0.0,
                1.0
            ]
        ],
        "confusion_matrix_labels": [
            "DoS/DDoS",
            "Info_Gathering",
            "Injection",
            "MITM",
            "Malware",
            "Normal"
        ],
        "round_time": 17.33405351638794,
        "round_start_time": 1772640848.820439,
        "round_end_time": 1772640866.1544926,
        "evaluate_time": 0.8643767833709717,
        "inference_time": 0.1186833381652832
    }
}