{
    "0": {
        "trees_by_client": 10,
        "first_server_serialise_trees_size": 11029,
        "fit_time": 0.055848121643066406,
        "client_serialise_trees_size": 219900,
        "final_server_serialise_trees_size": 1144433,
        "f1_score": 0.9432852484190212,
        "mcc": 0.9667726935717161,
        "accuracy": 0.9708661417322835,
        "precision": 0.9396999536601272,
        "recall": 0.9474477923926831,
        "confusion_matrix": [
            [
                0.9974874371859297,
                0.0,
                0.002512562814070352,
                0.0,
                0.0,
                0.0,
                0.0,
                0.0,
                0.0,
                0.0
            ],
            [
                0.0,
                0.9521410579345088,
                0.0025188916876574307,
                0.007556675062972292,
                0.0,
                0.0025188916876574307,
                0.0,
                0.015113350125944584,
                0.0,
                0.020151133501259445
            ],
            [
                0.0,
                0.002652519893899204,
                0.9814323607427056,
                0.0,
                0.005305039787798408,
                0.002652519893899204,
                0.002652519893899204,
                0.0,
                0.005305039787798408,
                0.0
            ],
            [
                0.0025252525252525255,
                0.017676767676767676,
                0.0,
                0.9494949494949495,
                0.0,
                0.0,
                0.0025252525252525255,
                0.0,
                0.005050505050505051,
                0.022727272727272728
            ],
            [
                0.0,
                0.0,
                0.047619047619047616,
                0.047619047619047616,
                0.7619047619047619,
                0.047619047619047616,
                0.09523809523809523,
                0.0,
                0.0,
                0.0
            ],
            [
                0.0,
                0.0011961722488038277,
                0.0023923444976076554,
                0.0011961722488038277,
                0.0011961722488038277,
                0.9892344497607656,
                0.0,
                0.0,
                0.0011961722488038277,
                0.0035885167464114833
            ],
            [
                0.0,
                0.0,
                0.002551020408163265,
                0.0,
                0.007653061224489796,
                0.00510204081632653,
                0.9744897959183674,
                0.0,
                0.007653061224489796,
                0.002551020408163265
            ],
            [
                0.0,
                0.0,
                0.0,
                0.0,
                0.0,
                0.0,
                0.0,
                0.9731543624161074,
                0.0,
                0.026845637583892617
            ],
            [
                0.0,
                0.0,
                0.002551020408163265,
                0.0,
                0.0,
                0.0,
                0.0,
                0.0,
                0.9974489795918368,
                0.0
            ],
            [
                0.0,
                0.0033003300330033004,
                0.0,
                0.019801980198019802,
                0.0033003300330033004,
                0.0,
                0.0033003300330033004,
                0.07260726072607261,
                0.0,
                0.8976897689768977
            ]
        ],
        "confusion_matrix_labels": [
            "backdoor",
            "ddos",
            "dos",
            "injection",
            "mitm",
            "normal",
            "password",
            "ransomware",
            "scanning",
            "xss"
        ],
        "round_time": 2.061636447906494,
        "round_start_time": 1765829071.638605,
        "round_end_time": 1765829073.7002416,
        "evaluate_time": 0.16205596923828125,
        "inference_time": 0.0038237571716308594
    },
    "1": {
        "trees_by_client": 20,
        "first_server_serialise_trees_size": 10921,
        "fit_time": 0.3297443389892578,
        "client_serialise_trees_size": 443963,
        "final_server_serialise_trees_size": 2416072,
        "f1_score": 0.9403001825171369,
        "mcc": 0.9676750208427767,
        "accuracy": 0.9716535433070866,
        "precision": 0.9339868194360973,
        "recall": 0.9484981549236717,
        "confusion_matrix": [
            [
                0.9974874371859297,
                0.0,
                0.0,
                0.0,
                0.0,
                0.002512562814070352,
                0.0,
                0.0,
                0.0,
                0.0
            ],
            [
                0.0,
                0.9496221662468514,
                0.005037783375314861,
                0.015113350125944584,
                0.0,
                0.0,
                0.0,
                0.015113350125944584,
                0.0,
                0.015113350125944584
            ],
            [
                0.0,
                0.002652519893899204,
                0.9787798408488063,
                0.002652519893899204,
                0.007957559681697613,
                0.002652519893899204,
                0.0,
                0.0,
                0.005305039787798408,
                0.0
            ],
            [
                0.0,
                0.007575757575757576,
                0.0,
                0.9570707070707071,
                0.0,
                0.0025252525252525255,
                0.0,
                0.0,
                0.005050505050505051,
                0.027777777777777776
            ],
            [
                0.0,
                0.047619047619047616,
                0.047619047619047616,
                0.0,
                0.7619047619047619,
                0.14285714285714285,
                0.0,
                0.0,
                0.0,
                0.0
            ],
            [
                0.0,
                0.0023923444976076554,
                0.0,
                0.0023923444976076554,
                0.0023923444976076554,
                0.9892344497607656,
                0.0,
                0.0011961722488038277,
                0.0,
                0.0023923444976076554
            ],
            [
                0.0,
                0.0,
                0.002551020408163265,
                0.0,
                0.01020408163265306,
                0.007653061224489796,
                0.9719387755102041,
                0.0,
                0.002551020408163265,
                0.00510204081632653
            ],
            [
                0.0,
                0.0,
                0.0,
                0.0,
                0.0,
                0.0,
                0.0,
                0.9731543624161074,
                0.0,
                0.026845637583892617
            ],
            [
                0.0,
                0.0,
                0.00510204081632653,
                0.0,
                0.0,
                0.0,
                0.0,
                0.0,
                0.9948979591836735,
                0.0
            ],
            [
                0.0,
                0.0,
                0.0,
                0.009900990099009901,
                0.0033003300330033004,
                0.0033003300330033004,
                0.0,
                0.07260726072607261,
                0.0,
                0.9108910891089109
            ]
        ],
        "confusion_matrix_labels": [
            "backdoor",
            "ddos",
            "dos",
            "injection",
            "mitm",
            "normal",
            "password",
            "ransomware",
            "scanning",
            "xss"
        ],
        "round_time": 4.065405368804932,
        "round_start_time": 1765829089.670155,
        "round_end_time": 1765829093.7355604,
        "evaluate_time": 0.32990050315856934,
        "inference_time": 0.016536951065063477
    },
    "2": {
        "trees_by_client": 30,
        "first_server_serialise_trees_size": 21784,
        "fit_time": 0.4396400451660156,
        "client_serialise_trees_size": 667725,
        "final_server_serialise_trees_size": 3593288,
        "f1_score": 0.9412361107984687,
        "mcc": 0.9676721749238628,
        "accuracy": 0.9716535433070866,
        "precision": 0.939149428797025,
        "recall": 0.9437085822499706,
        "confusion_matrix": [
            [
                0.9974874371859297,
                0.0,
                0.002512562814070352,
                0.0,
                0.0,
                0.0,
                0.0,
                0.0,
                0.0,
                0.0
            ],
            [
                0.0,
                0.9496221662468514,
                0.0025188916876574307,
                0.007556675062972292,
                0.0,
                0.0025188916876574307,
                0.0,
                0.015113350125944584,
                0.0,
                0.022670025188916875
            ],
            [
                0.0,
                0.002652519893899204,
                0.9787798408488063,
                0.002652519893899204,
                0.005305039787798408,
                0.002652519893899204,
                0.002652519893899204,
                0.0,
                0.005305039787798408,
                0.0
            ],
            [
                0.0025252525252525255,
                0.010101010101010102,
                0.0,
                0.9545454545454546,
                0.0,
                0.0,
                0.0,
                0.0,
                0.005050505050505051,
                0.027777777777777776
            ],
            [
                0.0,
                0.0,
                0.047619047619047616,
                0.047619047619047616,
                0.7142857142857143,
                0.09523809523809523,
                0.09523809523809523,
                0.0,
                0.0,
                0.0
            ],
            [
                0.0,
                0.0011961722488038277,
                0.0023923444976076554,
                0.0011961722488038277,
                0.0023923444976076554,
                0.9904306220095693,
                0.0,
                0.0011961722488038277,
                0.0,
                0.0011961722488038277
            ],
            [
                0.0,
                0.0,
                0.002551020408163265,
                0.0,
                0.00510204081632653,
                0.00510204081632653,
                0.9770408163265306,
                0.0,
                0.00510204081632653,
                0.00510204081632653
            ],
            [
                0.0,
                0.0,
                0.0,
                0.0,
                0.0,
                0.0,
                0.0,
                0.9731543624161074,
                0.0,
                0.026845637583892617
            ],
            [
                0.0,
                0.0,
                0.002551020408163265,
                0.0,
                0.0,
                0.0,
                0.0,
                0.0,
                0.9974489795918368,
                0.0
            ],
            [
                0.0,
                0.0033003300330033004,
                0.0,
                0.013201320132013201,
                0.0033003300330033004,
                0.0,
                0.0033003300330033004,
                0.07260726072607261,
                0.0,
                0.9042904290429042
            ]
        ],
        "confusion_matrix_labels": [
            "backdoor",
            "ddos",
            "dos",
            "injection",
            "mitm",
            "normal",
            "password",
            "ransomware",
            "scanning",
            "xss"
        ],
        "round_time": 4.507520914077759,
        "round_start_time": 1765829108.866904,
        "round_end_time": 1765829113.374425,
        "evaluate_time": 0.39233899116516113,
        "inference_time": 0.0070514678955078125
    },
    "3": {
        "trees_by_client": 40,
        "first_server_serialise_trees_size": 32361,
        "fit_time": 0.5991709232330322,
        "client_serialise_trees_size": 861679,
        "final_server_serialise_trees_size": 4737722,
        "f1_score": 0.9433255510438379,
        "mcc": 0.9667744953378707,
        "accuracy": 0.9708661417322835,
        "precision": 0.9397590609723293,
        "recall": 0.9474872530606376,
        "confusion_matrix": [
            [
                0.9974874371859297,
                0.0,
                0.002512562814070352,
                0.0,
                0.0,
                0.0,
                0.0,
                0.0,
                0.0,
                0.0
            ],
            [
                0.0,
                0.9546599496221663,
                0.0025188916876574307,
                0.010075566750629723,
                0.0,
                0.0025188916876574307,
                0.0,
                0.015113350125944584,
                0.0,
                0.015113350125944584
            ],
            [
                0.0,
                0.002652519893899204,
                0.9787798408488063,
                0.002652519893899204,
                0.005305039787798408,
                0.002652519893899204,
                0.002652519893899204,
                0.0,
                0.005305039787798408,
                0.0
            ],
            [
                0.0025252525252525255,
                0.010101010101010102,
                0.0,
                0.9570707070707071,
                0.0,
                0.0,
                0.0,
                0.0,
                0.005050505050505051,
                0.025252525252525252
            ],
            [
                0.0,
                0.047619047619047616,
                0.09523809523809523,
                0.0,
                0.7619047619047619,
                0.047619047619047616,
                0.047619047619047616,
                0.0,
                0.0,
                0.0
            ],
            [
                0.0,
                0.0011961722488038277,
                0.0023923444976076554,
                0.0023923444976076554,
                0.0011961722488038277,
                0.9880382775119617,
                0.0011961722488038277,
                0.0011961722488038277,
                0.0011961722488038277,
                0.0011961722488038277
            ],
            [
                0.0,
                0.0,
                0.002551020408163265,
                0.0,
                0.007653061224489796,
                0.00510204081632653,
                0.9719387755102041,
                0.0,
                0.007653061224489796,
                0.00510204081632653
            ],
            [
                0.0,
                0.0,
                0.0,
                0.0,
                0.0,
                0.0,
                0.0,
                0.9731543624161074,
                0.0,
                0.026845637583892617
            ],
            [
                0.0,
                0.0,
                0.002551020408163265,
                0.0,
                0.0,
                0.0,
                0.0,
                0.0,
                0.9974489795918368,
                0.0
            ],
            [
                0.0,
                0.006600660066006601,
                0.0,
                0.019801980198019802,
                0.0033003300330033004,
                0.0,
                0.0033003300330033004,
                0.07260726072607261,
                0.0,
                0.8943894389438944
            ]
        ],
        "confusion_matrix_labels": [
            "backdoor",
            "ddos",
            "dos",
            "injection",
            "mitm",
            "normal",
            "password",
            "ransomware",
            "scanning",
            "xss"
        ],
        "round_time": 6.707118988037109,
        "round_start_time": 1765829128.4869318,
        "round_end_time": 1765829135.1940508,
        "evaluate_time": 0.1831362247467041,
        "inference_time": 0.003587007522583008
    },
    "4": {
        "trees_by_client": 50,
        "first_server_serialise_trees_size": 43504,
        "fit_time": 0.3904273509979248,
        "client_serialise_trees_size": 1089865,
        "final_server_serialise_trees_size": 5896416,
        "f1_score": 0.942062510220983,
        "mcc": 0.9667821635827791,
        "accuracy": 0.9708661417322835,
        "precision": 0.937157646624914,
        "recall": 0.9479314642589017,
        "confusion_matrix": [
            [
                0.9974874371859297,
                0.0,
                0.002512562814070352,
                0.0,
                0.0,
                0.0,
                0.0,
                0.0,
                0.0,
                0.0
            ],
            [
                0.0,
                0.9496221662468514,
                0.0025188916876574307,
                0.010075566750629723,
                0.0,
                0.0025188916876574307,
                0.0,
                0.015113350125944584,
                0.0,
                0.020151133501259445
            ],
            [
                0.0,
                0.002652519893899204,
                0.9787798408488063,
                0.002652519893899204,
                0.005305039787798408,
                0.002652519893899204,
                0.002652519893899204,
                0.0,
                0.005305039787798408,
                0.0
            ],
            [
                0.0025252525252525255,
                0.010101010101010102,
                0.0,
                0.9545454545454546,
                0.0,
                0.0,
                0.0,
                0.0,
                0.005050505050505051,
                0.027777777777777776
            ],
            [
                0.0,
                0.0,
                0.047619047619047616,
                0.047619047619047616,
                0.7619047619047619,
                0.09523809523809523,
                0.047619047619047616,
                0.0,
                0.0,
                0.0
            ],
            [
                0.0,
                0.0011961722488038277,
                0.0035885167464114833,
                0.0011961722488038277,
                0.0023923444976076554,
                0.9868421052631579,
                0.0011961722488038277,
                0.0011961722488038277,
                0.0,
                0.0023923444976076554
            ],
            [
                0.0,
                0.0,
                0.002551020408163265,
                0.0,
                0.007653061224489796,
                0.00510204081632653,
                0.9719387755102041,
                0.0,
                0.007653061224489796,
                0.00510204081632653
            ],
            [
                0.0,
                0.0,
                0.0,
                0.0,
                0.0,
                0.0,
                0.0,
                0.9731543624161074,
                0.0,
                0.026845637583892617
            ],
            [
                0.0,
                0.0,
                0.002551020408163265,
                0.0,
                0.0,
                0.0,
                0.0,
                0.0,
                0.9974489795918368,
                0.0
            ],
            [
                0.0,
                0.0,
                0.0,
                0.013201320132013201,
                0.0033003300330033004,
                0.0,
                0.0033003300330033004,
                0.07260726072607261,
                0.0,
                0.9075907590759076
            ]
        ],
        "confusion_matrix_labels": [
            "backdoor",
            "ddos",
            "dos",
            "injection",
            "mitm",
            "normal",
            "password",
            "ransomware",
            "scanning",
            "xss"
        ],
        "round_time": 5.138226747512817,
        "round_start_time": 1765829150.2479043,
        "round_end_time": 1765829155.386131,
        "evaluate_time": 0.3231055736541748,
        "inference_time": 0.007496833801269531
    },
    "5": {
        "trees_by_client": 60,
        "first_server_serialise_trees_size": 54352,
        "fit_time": 1.0181689262390137,
        "client_serialise_trees_size": 1305644,
        "final_server_serialise_trees_size": 7057088,
        "f1_score": 0.9454620964038973,
        "mcc": 0.967681434194279,
        "accuracy": 0.9716535433070866,
        "precision": 0.939166508440171,
        "recall": 0.9531971473583379,
        "confusion_matrix": [
            [
                0.9974874371859297,
                0.0,
                0.002512562814070352,
                0.0,
                0.0,
                0.0,
                0.0,
                0.0,
                0.0,
                0.0
            ],
            [
                0.0,
                0.9546599496221663,
                0.0025188916876574307,
                0.007556675062972292,
                0.0,
                0.0025188916876574307,
                0.0,
                0.015113350125944584,
                0.0,
                0.017632241813602016
            ],
            [
                0.0,
                0.002652519893899204,
                0.9787798408488063,
                0.002652519893899204,
                0.005305039787798408,
                0.002652519893899204,
                0.002652519893899204,
                0.0,
                0.005305039787798408,
                0.0
            ],
            [
                0.0025252525252525255,
                0.010101010101010102,
                0.0,
                0.9545454545454546,
                0.0,
                0.0,
                0.0,
                0.0,
                0.005050505050505051,
                0.027777777777777776
            ],
            [
                0.0,
                0.0,
                0.047619047619047616,
                0.047619047619047616,
                0.8095238095238095,
                0.047619047619047616,
                0.047619047619047616,
                0.0,
                0.0,
                0.0
            ],
            [
                0.0,
                0.0011961722488038277,
                0.0035885167464114833,
                0.0011961722488038277,
                0.0023923444976076554,
                0.9868421052631579,
                0.0011961722488038277,
                0.0011961722488038277,
                0.0,
                0.0023923444976076554
            ],
            [
                0.0,
                0.0,
                0.002551020408163265,
                0.0,
                0.007653061224489796,
                0.00510204081632653,
                0.9719387755102041,
                0.0,
                0.007653061224489796,
                0.00510204081632653
            ],
            [
                0.0,
                0.0,
                0.0,
                0.0,
                0.0,
                0.0,
                0.0,
                0.9731543624161074,
                0.0,
                0.026845637583892617
            ],
            [
                0.0,
                0.0,
                0.002551020408163265,
                0.0,
                0.0,
                0.0,
                0.0,
                0.0,
                0.9974489795918368,
                0.0
            ],
            [
                0.0,
                0.0033003300330033004,
                0.0,
                0.013201320132013201,
                0.0033003300330033004,
                0.0,
                0.0,
                0.07260726072607261,
                0.0,
                0.9075907590759076
            ]
        ],
        "confusion_matrix_labels": [
            "backdoor",
            "ddos",
            "dos",
            "injection",
            "mitm",
            "normal",
            "password",
            "ransomware",
            "scanning",
            "xss"
        ],
        "round_time": 7.5624072551727295,
        "round_start_time": 1765829170.4899557,
        "round_end_time": 1765829178.052363,
        "evaluate_time": 0.6029741764068604,
        "inference_time": 0.009804487228393555
    },
    "6": {
        "trees_by_client": 70,
        "first_server_serialise_trees_size": 64943,
        "fit_time": 1.0010247230529785,
        "client_serialise_trees_size": 1520810,
        "final_server_serialise_trees_size": 8263563,
        "f1_score": 0.9461378521811368,
        "mcc": 0.9673835756654612,
        "accuracy": 0.9713910761154856,
        "precision": 0.9376542696034594,
        "recall": 0.9572983500298825,
        "confusion_matrix": [
            [
                0.9974874371859297,
                0.0,
                0.002512562814070352,
                0.0,
                0.0,
                0.0,
                0.0,
                0.0,
                0.0,
                0.0
            ],
            [
                0.0,
                0.9571788413098237,
                0.0025188916876574307,
                0.007556675062972292,
                0.0,
                0.0025188916876574307,
                0.0,
                0.015113350125944584,
                0.0,
                0.015113350125944584
            ],
            [
                0.0,
                0.002652519893899204,
                0.9787798408488063,
                0.002652519893899204,
                0.007957559681697613,
                0.002652519893899204,
                0.0,
                0.0,
                0.005305039787798408,
                0.0
            ],
            [
                0.0025252525252525255,
                0.012626262626262626,
                0.0,
                0.952020202020202,
                0.0,
                0.0,
                0.0,
                0.0,
                0.005050505050505051,
                0.027777777777777776
            ],
            [
                0.0,
                0.0,
                0.0,
                0.047619047619047616,
                0.8571428571428571,
                0.047619047619047616,
                0.047619047619047616,
                0.0,
                0.0,
                0.0
            ],
            [
                0.0,
                0.0011961722488038277,
                0.0023923444976076554,
                0.0023923444976076554,
                0.0023923444976076554,
                0.9868421052631579,
                0.0011961722488038277,
                0.0011961722488038277,
                0.0,
                0.0023923444976076554
            ],
            [
                0.0,
                0.0,
                0.002551020408163265,
                0.0,
                0.007653061224489796,
                0.002551020408163265,
                0.9719387755102041,
                0.0,
                0.007653061224489796,
                0.007653061224489796
            ],
            [
                0.0,
                0.0,
                0.0,
                0.0,
                0.0,
                0.0,
                0.0,
                0.9731543624161074,
                0.0,
                0.026845637583892617
            ],
            [
                0.0,
                0.0,
                0.002551020408163265,
                0.0,
                0.0,
                0.0,
                0.0,
                0.0,
                0.9974489795918368,
                0.0
            ],
            [
                0.0,
                0.0033003300330033004,
                0.0,
                0.0165016501650165,
                0.0033003300330033004,
                0.0,
                0.0033003300330033004,
                0.07260726072607261,
                0.0,
                0.900990099009901
            ]
        ],
        "confusion_matrix_labels": [
            "backdoor",
            "ddos",
            "dos",
            "injection",
            "mitm",
            "normal",
            "password",
            "ransomware",
            "scanning",
            "xss"
        ],
        "round_time": 8.17054033279419,
        "round_start_time": 1765829193.1699295,
        "round_end_time": 1765829201.3404698,
        "evaluate_time": 0.7373874187469482,
        "inference_time": 0.008820772171020508
    },
    "7": {
        "trees_by_client": 80,
        "first_server_serialise_trees_size": 76183,
        "fit_time": 1.2719802856445312,
        "client_serialise_trees_size": 1757338,
        "final_server_serialise_trees_size": 9341954,
        "f1_score": 0.939170252268705,
        "mcc": 0.9667786896628591,
        "accuracy": 0.9708661417322835,
        "precision": 0.935579852852815,
        "recall": 0.9433426687474686,
        "confusion_matrix": [
            [
                0.9974874371859297,
                0.0,
                0.002512562814070352,
                0.0,
                0.0,
                0.0,
                0.0,
                0.0,
                0.0,
                0.0
            ],
            [
                0.0,
                0.9571788413098237,
                0.0025188916876574307,
                0.007556675062972292,
                0.0,
                0.0025188916876574307,
                0.0,
                0.015113350125944584,
                0.0,
                0.015113350125944584
            ],
            [
                0.0,
                0.002652519893899204,
                0.9787798408488063,
                0.002652519893899204,
                0.005305039787798408,
                0.002652519893899204,
                0.002652519893899204,
                0.0,
                0.005305039787798408,
                0.0
            ],
            [
                0.0025252525252525255,
                0.010101010101010102,
                0.0,
                0.952020202020202,
                0.0,
                0.0,
                0.0,
                0.0,
                0.005050505050505051,
                0.030303030303030304
            ],
            [
                0.0,
                0.0,
                0.09523809523809523,
                0.047619047619047616,
                0.7142857142857143,
                0.047619047619047616,
                0.09523809523809523,
                0.0,
                0.0,
                0.0
            ],
            [
                0.0,
                0.0011961722488038277,
                0.0035885167464114833,
                0.0011961722488038277,
                0.0023923444976076554,
                0.9868421052631579,
                0.0011961722488038277,
                0.0011961722488038277,
                0.0,
                0.0023923444976076554
            ],
            [
                0.0,
                0.0,
                0.002551020408163265,
                0.0,
                0.007653061224489796,
                0.00510204081632653,
                0.9719387755102041,
                0.0,
                0.007653061224489796,
                0.00510204081632653
            ],
            [
                0.0,
                0.0,
                0.0,
                0.0,
                0.0,
                0.0,
                0.0,
                0.9731543624161074,
                0.0,
                0.026845637583892617
            ],
            [
                0.0,
                0.0,
                0.002551020408163265,
                0.0,
                0.0,
                0.0,
                0.0,
                0.0,
                0.9974489795918368,
                0.0
            ],
            [
                0.0,
                0.006600660066006601,
                0.0,
                0.013201320132013201,
                0.0033003300330033004,
                0.0,
                0.0,
                0.07260726072607261,
                0.0,
                0.9042904290429042
            ]
        ],
        "confusion_matrix_labels": [
            "backdoor",
            "ddos",
            "dos",
            "injection",
            "mitm",
            "normal",
            "password",
            "ransomware",
            "scanning",
            "xss"
        ],
        "round_time": 9.05385971069336,
        "round_start_time": 1765829216.450847,
        "round_end_time": 1765829225.5047066,
        "evaluate_time": 0.8030440807342529,
        "inference_time": 0.013766288757324219
    },
    "8": {
        "trees_by_client": 90,
        "first_server_serialise_trees_size": 86863,
        "fit_time": 1.571854829788208,
        "client_serialise_trees_size": 1976777,
        "final_server_serialise_trees_size": 10562286,
        "f1_score": 0.9404657912916127,
        "mcc": 0.9667770397516375,
        "accuracy": 0.9708661417322835,
        "precision": 0.938247545810604,
        "recall": 0.9430774887759383,
        "confusion_matrix": [
            [
                0.9974874371859297,
                0.0,
                0.002512562814070352,
                0.0,
                0.0,
                0.0,
                0.0,
                0.0,
                0.0,
                0.0
            ],
            [
                0.0,
                0.9546599496221663,
                0.0025188916876574307,
                0.007556675062972292,
                0.0,
                0.0025188916876574307,
                0.0,
                0.015113350125944584,
                0.0,
                0.017632241813602016
            ],
            [
                0.0,
                0.002652519893899204,
                0.9787798408488063,
                0.002652519893899204,
                0.005305039787798408,
                0.002652519893899204,
                0.002652519893899204,
                0.0,
                0.005305039787798408,
                0.0
            ],
            [
                0.0025252525252525255,
                0.010101010101010102,
                0.0,
                0.9494949494949495,
                0.0,
                0.0,
                0.0,
                0.0,
                0.005050505050505051,
                0.03282828282828283
            ],
            [
                0.0,
                0.047619047619047616,
                0.09523809523809523,
                0.0,
                0.7142857142857143,
                0.047619047619047616,
                0.09523809523809523,
                0.0,
                0.0,
                0.0
            ],
            [
                0.0,
                0.0011961722488038277,
                0.0023923444976076554,
                0.0011961722488038277,
                0.0011961722488038277,
                0.9892344497607656,
                0.0011961722488038277,
                0.0011961722488038277,
                0.0011961722488038277,
                0.0011961722488038277
            ],
            [
                0.0,
                0.0,
                0.002551020408163265,
                0.0,
                0.007653061224489796,
                0.00510204081632653,
                0.9719387755102041,
                0.0,
                0.007653061224489796,
                0.00510204081632653
            ],
            [
                0.0,
                0.0,
                0.0,
                0.0,
                0.0,
                0.0,
                0.0,
                0.9731543624161074,
                0.0,
                0.026845637583892617
            ],
            [
                0.0,
                0.0,
                0.002551020408163265,
                0.0,
                0.0,
                0.0,
                0.0,
                0.0,
                0.9974489795918368,
                0.0
            ],
            [
                0.0,
                0.0033003300330033004,
                0.0,
                0.013201320132013201,
                0.0033003300330033004,
                0.0,
                0.0033003300330033004,
                0.07260726072607261,
                0.0,
                0.9042904290429042
            ]
        ],
        "confusion_matrix_labels": [
            "backdoor",
            "ddos",
            "dos",
            "injection",
            "mitm",
            "normal",
            "password",
            "ransomware",
            "scanning",
            "xss"
        ],
        "round_time": 10.354014873504639,
        "round_start_time": 1765829240.649881,
        "round_end_time": 1765829251.0038958,
        "evaluate_time": 0.9384706020355225,
        "inference_time": 0.015282392501831055
    },
    "9": {
        "trees_by_client": 100,
        "first_server_serialise_trees_size": 97636,
        "fit_time": 1.1247937679290771,
        "client_serialise_trees_size": 2175413,
        "final_server_serialise_trees_size": 11748521,
        "f1_score": 0.9477586519799818,
        "mcc": 0.968574888487614,
        "accuracy": 0.9724409448818898,
        "precision": 0.9426685714763211,
        "recall": 0.9538211790045092,
        "confusion_matrix": [
            [
                0.9974874371859297,
                0.0,
                0.002512562814070352,
                0.0,
                0.0,
                0.0,
                0.0,
                0.0,
                0.0,
                0.0
            ],
            [
                0.0,
                0.9571788413098237,
                0.0025188916876574307,
                0.007556675062972292,
                0.0,
                0.0025188916876574307,
                0.0,
                0.015113350125944584,
                0.0,
                0.015113350125944584
            ],
            [
                0.0,
                0.002652519893899204,
                0.9787798408488063,
                0.002652519893899204,
                0.005305039787798408,
                0.002652519893899204,
                0.002652519893899204,
                0.0,
                0.005305039787798408,
                0.0
            ],
            [
                0.0025252525252525255,
                0.010101010101010102,
                0.0,
                0.9570707070707071,
                0.0,
                0.0,
                0.0,
                0.0,
                0.005050505050505051,
                0.025252525252525252
            ],
            [
                0.0,
                0.047619047619047616,
                0.047619047619047616,
                0.0,
                0.8095238095238095,
                0.047619047619047616,
                0.047619047619047616,
                0.0,
                0.0,
                0.0
            ],
            [
                0.0,
                0.0011961722488038277,
                0.0023923444976076554,
                0.0023923444976076554,
                0.0011961722488038277,
                0.9880382775119617,
                0.0011961722488038277,
                0.0011961722488038277,
                0.0011961722488038277,
                0.0011961722488038277
            ],
            [
                0.0,
                0.0,
                0.002551020408163265,
                0.0,
                0.007653061224489796,
