{
    "0": {
        "trees_by_client": 10,
        "first_server_serialise_trees_size": 11029,
        "fit_time": 0.05254769325256348,
        "client_serialise_trees_size": 230511,
        "final_server_serialise_trees_size": 1144433,
        "f1_score": 0.9489559279995736,
        "mcc": 0.9691807134556577,
        "accuracy": 0.9729658792650918,
        "precision": 0.9409287825650587,
        "recall": 0.9595376934417542,
        "confusion_matrix": [
            [
                0.9973958333333334,
                0.0,
                0.0,
                0.0,
                0.0,
                0.0026041666666666665,
                0.0,
                0.0,
                0.0,
                0.0
            ],
            [
                0.0,
                0.9670050761421319,
                0.0,
                0.005076142131979695,
                0.0,
                0.005076142131979695,
                0.0,
                0.01015228426395939,
                0.0,
                0.012690355329949238
            ],
            [
                0.0,
                0.002631578947368421,
                0.968421052631579,
                0.0,
                0.005263157894736842,
                0.0,
                0.002631578947368421,
                0.0,
                0.018421052631578946,
                0.002631578947368421
            ],
            [
                0.0,
                0.007481296758104738,
                0.0,
                0.9675810473815462,
                0.0024937655860349127,
                0.0024937655860349127,
                0.0,
                0.0024937655860349127,
                0.004987531172069825,
                0.012468827930174564
            ],
            [
                0.0,
                0.0,
                0.09090909090909091,
                0.045454545454545456,
                0.8636363636363636,
                0.0,
                0.0,
                0.0,
                0.0,
                0.0
            ],
            [
                0.0,
                0.005980861244019139,
                0.0,
                0.0011961722488038277,
                0.0011961722488038277,
                0.9892344497607656,
                0.0011961722488038277,
                0.0,
                0.0,
                0.0011961722488038277
            ],
            [
                0.0,
                0.0025252525252525255,
                0.0,
                0.0,
                0.0025252525252525255,
                0.0,
                0.9772727272727273,
                0.005050505050505051,
                0.005050505050505051,
                0.007575757575757576
            ],
            [
                0.0,
                0.0,
                0.0,
                0.0,
                0.0,
                0.0,
                0.0,
                0.9761904761904762,
                0.0,
                0.023809523809523808
            ],
            [
                0.0,
                0.0,
                0.005089058524173028,
                0.0,
                0.010178117048346057,
                0.0,
                0.002544529262086514,
                0.0,
                0.9821882951653944,
                0.0
            ],
            [
                0.0,
                0.0032258064516129032,
                0.0064516129032258064,
                0.00967741935483871,
                0.0,
                0.0,
                0.0,
                0.07419354838709677,
                0.0,
                0.9064516129032258
            ]
        ],
        "confusion_matrix_labels": [
            "backdoor",
            "ddos",
            "dos",
            "injection",
            "mitm",
            "normal",
            "password",
            "ransomware",
            "scanning",
            "xss"
        ],
        "round_time": 43.94230270385742,
        "round_start_time": 1765829031.5727262,
        "round_end_time": 1765829075.515029,
        "evaluate_time": 0.10657668113708496,
        "inference_time": 0.004071950912475586
    },
    "1": {
        "trees_by_client": 20,
        "first_server_serialise_trees_size": 10921,
        "fit_time": 0.10584688186645508,
        "client_serialise_trees_size": 464298,
        "final_server_serialise_trees_size": 2416072,
        "f1_score": 0.9442271514120548,
        "mcc": 0.968292184828824,
        "accuracy": 0.9721784776902888,
        "precision": 0.9341685985987798,
        "recall": 0.9589055417635336,
        "confusion_matrix": [
            [
                0.9973958333333334,
                0.0,
                0.0,
                0.0,
                0.0,
                0.0026041666666666665,
                0.0,
                0.0,
                0.0,
                0.0
            ],
            [
                0.0,
                0.9670050761421319,
                0.0,
                0.005076142131979695,
                0.0,
                0.005076142131979695,
                0.0,
                0.01015228426395939,
                0.0,
                0.012690355329949238
            ],
            [
                0.0,
                0.002631578947368421,
                0.9657894736842105,
                0.0,
                0.010526315789473684,
                0.0,
                0.0,
                0.0,
                0.018421052631578946,
                0.002631578947368421
            ],
            [
                0.0,
                0.004987531172069825,
                0.0,
                0.9650872817955112,
                0.0024937655860349127,
                0.0024937655860349127,
                0.0,
                0.0024937655860349127,
                0.004987531172069825,
                0.017456359102244388
            ],
            [
                0.0,
                0.0,
                0.09090909090909091,
                0.045454545454545456,
                0.8636363636363636,
                0.0,
                0.0,
                0.0,
                0.0,
                0.0
            ],
            [
                0.0,
                0.005980861244019139,
                0.0,
                0.0,
                0.0011961722488038277,
                0.9880382775119617,
                0.0011961722488038277,
                0.0011961722488038277,
                0.0,
                0.0023923444976076554
            ],
            [
                0.0,
                0.0025252525252525255,
                0.0,
                0.0,
                0.0025252525252525255,
                0.0,
                0.9772727272727273,
                0.005050505050505051,
                0.005050505050505051,
                0.007575757575757576
            ],
            [
                0.0,
                0.0,
                0.0,
                0.0,
                0.0,
                0.0,
                0.0,
                0.9761904761904762,
                0.0,
                0.023809523809523808
            ],
            [
                0.0,
                0.0,
                0.005089058524173028,
                0.0,
                0.01272264631043257,
                0.0,
                0.0,
                0.0,
                0.9821882951653944,
                0.0
            ],
            [
                0.0,
                0.0,
                0.0064516129032258064,
                0.012903225806451613,
                0.0,
                0.0,
                0.0,
                0.07419354838709677,
                0.0,
                0.9064516129032258
            ]
        ],
        "confusion_matrix_labels": [
            "backdoor",
            "ddos",
            "dos",
            "injection",
            "mitm",
            "normal",
            "password",
            "ransomware",
            "scanning",
            "xss"
        ],
        "round_time": 2.7925052642822266,
        "round_start_time": 1765829090.9005382,
        "round_end_time": 1765829093.6930435,
        "evaluate_time": 0.32831549644470215,
        "inference_time": 0.01544642448425293
    },
    "2": {
        "trees_by_client": 30,
        "first_server_serialise_trees_size": 21784,
        "fit_time": 0.47061991691589355,
        "client_serialise_trees_size": 694360,
        "final_server_serialise_trees_size": 3593288,
        "f1_score": 0.9449355403306624,
        "mcc": 0.9676867226843612,
        "accuracy": 0.9716535433070866,
        "precision": 0.9356227288714078,
        "recall": 0.9581412537816995,
        "confusion_matrix": [
            [
                0.9973958333333334,
                0.0,
                0.0,
                0.0,
                0.0,
                0.0026041666666666665,
                0.0,
                0.0,
                0.0,
                0.0
            ],
            [
                0.0,
                0.9670050761421319,
                0.0,
                0.005076142131979695,
                0.0,
                0.005076142131979695,
                0.0025380710659898475,
                0.01015228426395939,
                0.0,
                0.01015228426395939
            ],
            [
                0.0,
                0.002631578947368421,
                0.968421052631579,
                0.0,
                0.007894736842105263,
                0.0,
                0.0,
                0.0,
                0.018421052631578946,
                0.002631578947368421
            ],
            [
                0.0,
                0.007481296758104738,
                0.0,
                0.9625935162094763,
                0.0024937655860349127,
                0.0024937655860349127,
                0.0,
                0.0024937655860349127,
                0.004987531172069825,
                0.017456359102244388
            ],
            [
                0.0,
                0.0,
                0.09090909090909091,
                0.045454545454545456,
                0.8636363636363636,
                0.0,
                0.0,
                0.0,
                0.0,
                0.0
            ],
            [
                0.0,
                0.007177033492822967,
                0.0,
                0.0,
                0.0,
                0.9892344497607656,
                0.0011961722488038277,
                0.0,
                0.0,
                0.0023923444976076554
            ],
            [
                0.0,
                0.0025252525252525255,
                0.0,
                0.0,
                0.005050505050505051,
                0.0,
                0.9747474747474747,
                0.005050505050505051,
                0.005050505050505051,
                0.007575757575757576
            ],
            [
                0.0,
                0.0,
                0.0,
                0.0,
                0.0,
                0.0,
                0.0,
                0.9761904761904762,
                0.0,
                0.023809523809523808
            ],
            [
                0.0,
                0.0,
                0.005089058524173028,
                0.0,
                0.01272264631043257,
                0.0,
                0.0,
                0.0,
                0.9821882951653944,
                0.0
            ],
            [
                0.0,
                0.0032258064516129032,
                0.0064516129032258064,
                0.012903225806451613,
                0.0,
                0.0032258064516129032,
                0.0,
                0.07419354838709677,
                0.0,
                0.9
            ]
        ],
        "confusion_matrix_labels": [
            "backdoor",
            "ddos",
            "dos",
            "injection",
            "mitm",
            "normal",
            "password",
            "ransomware",
            "scanning",
            "xss"
        ],
        "round_time": 4.50443172454834,
        "round_start_time": 1765829108.8419065,
        "round_end_time": 1765829113.3463383,
        "evaluate_time": 0.3809940814971924,
        "inference_time": 0.020403385162353516
    },
    "3": {
        "trees_by_client": 40,
        "first_server_serialise_trees_size": 32361,
        "fit_time": 0.39873242378234863,
        "client_serialise_trees_size": 917968,
        "final_server_serialise_trees_size": 4737722,
        "f1_score": 0.9506283202545605,
        "mcc": 0.9691872295845441,
        "accuracy": 0.9729658792650918,
        "precision": 0.9392091482735362,
        "recall": 0.9679268859951755,
        "confusion_matrix": [
            [
                0.9973958333333334,
                0.0,
                0.0,
                0.0,
                0.0,
                0.0026041666666666665,
                0.0,
                0.0,
                0.0,
                0.0
            ],
            [
                0.0,
                0.9670050761421319,
                0.0,
                0.005076142131979695,
                0.0,
                0.005076142131979695,
                0.0,
                0.01015228426395939,
                0.0,
                0.012690355329949238
            ],
            [
                0.0,
                0.002631578947368421,
                0.968421052631579,
                0.0,
                0.007894736842105263,
                0.0,
                0.0,
                0.0,
                0.018421052631578946,
                0.002631578947368421
            ],
            [
                0.0,
                0.007481296758104738,
                0.0,
                0.9625935162094763,
                0.0024937655860349127,
                0.0024937655860349127,
                0.0,
                0.0024937655860349127,
                0.004987531172069825,
                0.017456359102244388
            ],
            [
                0.0,
                0.0,
                0.045454545454545456,
                0.0,
                0.9545454545454546,
                0.0,
                0.0,
                0.0,
                0.0,
                0.0
            ],
            [
                0.0,
                0.005980861244019139,
                0.0,
                0.0,
                0.0011961722488038277,
                0.9904306220095693,
                0.0011961722488038277,
                0.0,
                0.0,
                0.0011961722488038277
            ],
            [
                0.0,
                0.0025252525252525255,
                0.0,
                0.0,
                0.0025252525252525255,
                0.0,
                0.9772727272727273,
                0.005050505050505051,
                0.005050505050505051,
                0.007575757575757576
            ],
            [
                0.0,
                0.0,
                0.0,
                0.0,
                0.0,
                0.0,
                0.0,
                0.9761904761904762,
                0.0,
                0.023809523809523808
            ],
            [
                0.0,
                0.0,
                0.005089058524173028,
                0.0,
                0.01272264631043257,
                0.0,
                0.0,
                0.0,
                0.9821882951653944,
                0.0
            ],
            [
                0.0,
                0.0,
                0.0064516129032258064,
                0.012903225806451613,
                0.0,
                0.0032258064516129032,
                0.0,
                0.07419354838709677,
                0.0,
                0.9032258064516129
            ]
        ],
        "confusion_matrix_labels": [
            "backdoor",
            "ddos",
            "dos",
            "injection",
            "mitm",
            "normal",
            "password",
            "ransomware",
            "scanning",
            "xss"
        ],
        "round_time": 5.664231777191162,
        "round_start_time": 1765829128.4739623,
        "round_end_time": 1765829134.138194,
        "evaluate_time": 0.44329071044921875,
        "inference_time": 0.019849300384521484
    },
    "4": {
        "trees_by_client": 50,
        "first_server_serialise_trees_size": 43504,
        "fit_time": 0.5082840919494629,
        "client_serialise_trees_size": 1163602,
        "final_server_serialise_trees_size": 5896416,
        "f1_score": 0.9494522117454001,
        "mcc": 0.9688841799717223,
        "accuracy": 0.9727034120734908,
        "precision": 0.9395982236575572,
        "recall": 0.9633770009017255,
        "confusion_matrix": [
            [
                0.9973958333333334,
                0.0,
                0.0,
                0.0,
                0.0,
                0.0026041666666666665,
                0.0,
                0.0,
                0.0,
                0.0
            ],
            [
                0.0,
                0.9644670050761421,
                0.0,
                0.005076142131979695,
                0.0,
                0.005076142131979695,
                0.0025380710659898475,
                0.01015228426395939,
                0.0,
                0.012690355329949238
            ],
            [
                0.0,
                0.002631578947368421,
                0.968421052631579,
                0.0,
                0.007894736842105263,
                0.0,
                0.0,
                0.0,
                0.018421052631578946,
                0.002631578947368421
            ],
            [
                0.0,
                0.007481296758104738,
                0.0,
                0.9650872817955112,
                0.0024937655860349127,
                0.0024937655860349127,
                0.0,
                0.0024937655860349127,
                0.004987531172069825,
                0.014962593516209476
            ],
            [
                0.0,
                0.0,
                0.09090909090909091,
                0.0,
                0.9090909090909091,
                0.0,
                0.0,
                0.0,
                0.0,
                0.0
            ],
            [
                0.0,
                0.005980861244019139,
                0.0,
                0.0,
                0.0,
                0.9904306220095693,
                0.0011961722488038277,
                0.0,
                0.0,
                0.0023923444976076554
            ],
            [
                0.0,
                0.0025252525252525255,
                0.0,
                0.0,
                0.0025252525252525255,
                0.0,
                0.9772727272727273,
                0.005050505050505051,
                0.005050505050505051,
                0.007575757575757576
            ],
            [
                0.0,
                0.0,
                0.0,
                0.0,
                0.0,
                0.0,
                0.0,
                0.9761904761904762,
                0.0,
                0.023809523809523808
            ],
            [
                0.0,
                0.0,
                0.005089058524173028,
                0.0,
                0.01272264631043257,
                0.0,
                0.0,
                0.0,
                0.9821882951653944,
                0.0
            ],
            [
                0.0,
                0.0032258064516129032,
                0.0064516129032258064,
                0.012903225806451613,
                0.0,
                0.0,
                0.0,
                0.07419354838709677,
                0.0,
                0.9032258064516129
            ]
        ],
        "confusion_matrix_labels": [
            "backdoor",
            "ddos",
            "dos",
            "injection",
            "mitm",
            "normal",
            "password",
            "ransomware",
            "scanning",
            "xss"
        ],
        "round_time": 6.235661745071411,
        "round_start_time": 1765829149.2818825,
        "round_end_time": 1765829155.5175443,
        "evaluate_time": 0.5141391754150391,
        "inference_time": 0.025757551193237305
    },
    "5": {
        "trees_by_client": 60,
        "first_server_serialise_trees_size": 54352,
        "fit_time": 0.7276885509490967,
        "client_serialise_trees_size": 1378096,
        "final_server_serialise_trees_size": 7057088,
        "f1_score": 0.9439170401265071,
        "mcc": 0.9679896090696622,
        "accuracy": 0.9719160104986877,
        "precision": 0.9338986586392484,
        "recall": 0.9585326079654232,
        "confusion_matrix": [
            [
                0.9973958333333334,
                0.0,
                0.0,
                0.0,
                0.0,
                0.0026041666666666665,
                0.0,
                0.0,
                0.0,
                0.0
            ],
            [
                0.0,
                0.9644670050761421,
                0.0,
                0.007614213197969543,
                0.0,
                0.005076142131979695,
                0.0,
                0.01015228426395939,
                0.0,
                0.012690355329949238
            ],
            [
                0.0,
                0.002631578947368421,
                0.968421052631579,
                0.0,
                0.007894736842105263,
                0.0,
                0.0,
                0.0,
                0.018421052631578946,
                0.002631578947368421
            ],
            [
                0.0,
                0.007481296758104738,
                0.0,
                0.9625935162094763,
                0.0024937655860349127,
                0.0024937655860349127,
                0.0,
                0.0024937655860349127,
                0.004987531172069825,
                0.017456359102244388
            ],
            [
                0.0,
                0.0,
                0.09090909090909091,
                0.045454545454545456,
                0.8636363636363636,
                0.0,
                0.0,
                0.0,
                0.0,
                0.0
            ],
            [
                0.0,
                0.005980861244019139,
                0.0,
                0.0,
                0.0011961722488038277,
                0.9892344497607656,
                0.0011961722488038277,
                0.0,
                0.0,
                0.0023923444976076554
            ],
            [
                0.0,
                0.0,
                0.0,
                0.0,
                0.005050505050505051,
                0.0,
                0.9747474747474747,
                0.005050505050505051,
                0.005050505050505051,
                0.010101010101010102
            ],
            [
                0.0,
                0.0,
                0.0,
                0.0,
                0.0,
                0.0,
                0.0,
                0.9761904761904762,
                0.0,
                0.023809523809523808
            ],
            [
                0.0,
                0.0,
                0.005089058524173028,
                0.0,
                0.01272264631043257,
                0.0,
                0.0,
                0.0,
                0.9821882951653944,
                0.0
            ],
            [
                0.0,
                0.0,
                0.0064516129032258064,
                0.012903225806451613,
                0.0,
                0.0,
                0.0,
                0.07419354838709677,
                0.0,
                0.9064516129032258
            ]
        ],
        "confusion_matrix_labels": [
            "backdoor",
            "ddos",
            "dos",
            "injection",
            "mitm",
            "normal",
            "password",
            "ransomware",
            "scanning",
            "xss"
        ],
        "round_time": 7.253802537918091,
        "round_start_time": 1765829170.6548862,
        "round_end_time": 1765829177.9086888,
        "evaluate_time": 0.5430483818054199,
        "inference_time": 0.043562889099121094
    },
    "6": {
        "trees_by_client": 70,
        "first_server_serialise_trees_size": 64943,
        "fit_time": 0.7485640048980713,
        "client_serialise_trees_size": 1619656,
        "final_server_serialise_trees_size": 8263563,
        "f1_score": 0.9457729916947875,
        "mcc": 0.9685853738084264,
        "accuracy": 0.9724409448818898,
        "precision": 0.9363910041274662,
        "recall": 0.9590389403245473,
        "confusion_matrix": [
            [
                0.9973958333333334,
                0.0,
                0.0,
                0.0,
                0.0,
                0.0026041666666666665,
                0.0,
                0.0,
                0.0,
                0.0
            ],
            [
                0.0,
                0.9670050761421319,
                0.0,
                0.005076142131979695,
                0.0,
                0.005076142131979695,
                0.0,
                0.01015228426395939,
                0.0,
                0.012690355329949238
            ],
            [
                0.0,
                0.002631578947368421,
                0.968421052631579,
                0.0,
                0.007894736842105263,
                0.0,
                0.0,
                0.0,
                0.018421052631578946,
                0.002631578947368421
            ],
            [
                0.0,
                0.007481296758104738,
                0.0,
                0.9625935162094763,
                0.0024937655860349127,
                0.0024937655860349127,
                0.0,
                0.0024937655860349127,
                0.004987531172069825,
                0.017456359102244388
            ],
            [
                0.0,
                0.0,
                0.09090909090909091,
                0.045454545454545456,
                0.8636363636363636,
                0.0,
                0.0,
                0.0,
                0.0,
                0.0
            ],
            [
                0.0,
                0.005980861244019139,
                0.0,
                0.0,
                0.0011961722488038277,
                0.9892344497607656,
                0.0011961722488038277,
                0.0,
                0.0,
                0.0023923444976076554
            ],
            [
                0.0,
                0.0025252525252525255,
                0.0,
                0.0,
                0.0025252525252525255,
                0.0,
                0.9772727272727273,
                0.005050505050505051,
                0.005050505050505051,
                0.007575757575757576
            ],
            [
                0.0,
                0.0,
                0.0,
                0.0,
                0.0,
                0.0,
                0.0,
                0.9761904761904762,
                0.0,
                0.023809523809523808
            ],
            [
                0.0,
                0.0,
                0.002544529262086514,
                0.0,
                0.01272264631043257,
                0.002544529262086514,
                0.0,
                0.0,
                0.9821882951653944,
                0.0
            ],
            [
                0.0,
                0.0,
                0.0064516129032258064,
                0.012903225806451613,
                0.0,
                0.0,
                0.0,
                0.07419354838709677,
                0.0,
                0.9064516129032258
            ]
        ],
        "confusion_matrix_labels": [
            "backdoor",
            "ddos",
            "dos",
            "injection",
            "mitm",
            "normal",
            "password",
            "ransomware",
            "scanning",
            "xss"
        ],
        "round_time": 8.1870436668396,
        "round_start_time": 1765829193.067865,
        "round_end_time": 1765829201.2549086,
        "evaluate_time": 0.6027412414550781,
        "inference_time": 0.0252838134765625
    },
    "7": {
        "trees_by_client": 80,
        "first_server_serialise_trees_size": 76183,
        "fit_time": 0.8141398429870605,
        "client_serialise_trees_size": 1826270,
        "final_server_serialise_trees_size": 9341954,
        "f1_score": 0.9445867253522475,
        "mcc": 0.9673884019264456,
        "accuracy": 0.9713910761154856,
        "precision": 0.9350953431601001,
        "recall": 0.9579549383595891,
        "confusion_matrix": [
            [
                0.9973958333333334,
                0.0,
                0.0,
                0.0,
                0.0,
                0.0026041666666666665,
                0.0,
                0.0,
                0.0,
                0.0
            ],
            [
                0.0,
                0.9593908629441624,
                0.0,
                0.005076142131979695,
                0.0,
                0.005076142131979695,
                0.0025380710659898475,
                0.01015228426395939,
                0.0,
                0.017766497461928935
            ],
            [
                0.0,
                0.002631578947368421,
                0.968421052631579,
                0.0,
                0.007894736842105263,
                0.0,
                0.0,
                0.0,
                0.018421052631578946,
                0.002631578947368421
            ],
            [
                0.0,
                0.007481296758104738,
                0.0,
                0.9625935162094763,
                0.0024937655860349127,
                0.0024937655860349127,
                0.0,
                0.0024937655860349127,
                0.004987531172069825,
                0.017456359102244388
            ],
            [
                0.0,
                0.0,
                0.09090909090909091,
                0.045454545454545456,
                0.8636363636363636,
                0.0,
                0.0,
                0.0,
                0.0,
                0.0
            ],
            [
                0.0,
                0.005980861244019139,
                0.0,
                0.0,
                0.0011961722488038277,
                0.9892344497607656,
                0.0011961722488038277,
                0.0,
                0.0,
                0.0023923444976076554
            ],
            [
                0.0,
                0.0025252525252525255,
                0.0,
                0.0,
                0.0025252525252525255,
                0.0,
                0.9772727272727273,
                0.005050505050505051,
                0.005050505050505051,
                0.007575757575757576
            ],
            [
                0.0,
                0.0,
                0.0,
                0.0,
                0.0,
                0.0,
                0.0,
                0.9761904761904762,
                0.0,
                0.023809523809523808
            ],
            [
                0.0,
                0.0,
                0.005089058524173028,
                0.0,
                0.01272264631043257,
                0.0,
                0.0,
                0.0,
                0.9821882951653944,
                0.0
            ],
            [
                0.0,
                0.0032258064516129032,
                0.0064516129032258064,
                0.012903225806451613,
                0.0,
                0.0,
                0.0,
                0.07419354838709677,
                0.0,
                0.9032258064516129
            ]
        ],
        "confusion_matrix_labels": [
            "backdoor",
            "ddos",
            "dos",
            "injection",
            "mitm",
            "normal",
            "password",
            "ransomware",
            "scanning",
            "xss"
        ],
        "round_time": 9.240386962890625,
        "round_start_time": 1765829216.3508549,
        "round_end_time": 1765829225.5912418,
        "evaluate_time": 0.7372264862060547,
        "inference_time": 0.04434847831726074
    },
    "8": {
        "trees_by_client": 90,
        "first_server_serialise_trees_size": 86863,
        "fit_time": 1.325371265411377,
        "client_serialise_trees_size": 2034893,
        "final_server_serialise_trees_size": 10562286,
        "f1_score": 0.9451431062700845,
        "mcc": 0.9679866207987893,
        "accuracy": 0.9719160104986877,
        "precision": 0.935705181535139,
        "recall": 0.9584581220247916,
        "confusion_matrix": [
            [
                0.9973958333333334,
                0.0,
                0.0,
                0.0,
                0.0,
                0.0026041666666666665,
                0.0,
                0.0,
                0.0,
                0.0
            ],
            [
                0.0,
                0.9619289340101523,
                0.0,
                0.005076142131979695,
                0.0,
                0.005076142131979695,
                0.0025380710659898475,
                0.01015228426395939,
                0.0,
                0.015228426395939087
            ],
            [
                0.0,
                0.002631578947368421,
                0.968421052631579,
                0.0,
                0.007894736842105263,
                0.0,
                0.0,
                0.0,
                0.018421052631578946,
                0.002631578947368421
            ],
            [
                0.0,
                0.007481296758104738,
                0.0,
                0.9650872817955112,
                0.0024937655860349127,
                0.0024937655860349127,
                0.0,
                0.0024937655860349127,
                0.004987531172069825,
                0.014962593516209476
            ],
            [
                0.0,
                0.0,
                0.09090909090909091,
                0.045454545454545456,
                0.8636363636363636,
                0.0,
                0.0,
                0.0,
                0.0,
                0.0
            ],
            [
                0.0,
                0.005980861244019139,
                0.0,
                0.0,
                0.0011961722488038277,
                0.9892344497607656,
                0.0011961722488038277,
                0.0,
                0.0,
                0.0023923444976076554
            ],
            [
                0.0,
                0.0025252525252525255,
                0.0,
                0.0,
                0.0025252525252525255,
                0.0,
                0.9772727272727273,
                0.005050505050505051,
                0.005050505050505051,
                0.007575757575757576
            ],
            [
                0.0,
                0.0,
                0.0,
                0.0,
                0.0,
                0.0,
                0.0,
                0.9761904761904762,
                0.0,
                0.023809523809523808
            ],
            [
                0.0,
                0.0,
                0.005089058524173028,
                0.0,
                0.01272264631043257,
                0.0,
                0.0,
                0.0,
                0.9821882951653944,
                0.0
            ],
            [
                0.0,
                0.0032258064516129032,
                0.0064516129032258064,
                0.012903225806451613,
                0.0,
                0.0,
                0.0,
                0.07419354838709677,
                0.0,
                0.9032258064516129
            ]
        ],
        "confusion_matrix_labels": [
            "backdoor",
            "ddos",
            "dos",
            "injection",
            "mitm",
            "normal",
            "password",
            "ransomware",
            "scanning",
            "xss"
        ],
        "round_time": 10.20266604423523,
        "round_start_time": 1765829240.7170315,
        "round_end_time": 1765829250.9196975,
        "evaluate_time": 0.8233766555786133,
        "inference_time": 0.034259796142578125
    },
    "9": {
        "trees_by_client": 100,
        "first_server_serialise_trees_size": 97636,
        "fit_time": 1.3776493072509766,
        "client_serialise_trees_size": 2301716,
        "final_server_serialise_trees_size": 11748521,
        "f1_score": 0.9470286565149019,
        "mcc": 0.9685829549505296,
        "accuracy": 0.9724409448818898,
        "precision": 0.9382888507386185,
        "recall": 0.9589657362379894,
        "confusion_matrix": [
            [
                0.9973958333333334,
                0.0,
                0.0,
                0.0,
                0.0,
                0.0026041666666666665,
                0.0,
                0.0,
                0.0,
                0.0
            ],
            [
                0.0,
                0.9670050761421319,
                0.0,
                0.005076142131979695,
                0.0,
                0.005076142131979695,
                0.0,
                0.01015228426395939,
                0.0,
                0.012690355329949238
            ],
            [
                0.0,
                0.002631578947368421,
                0.968421052631579,
                0.0,
                0.007894736842105263,
                0.0,
                0.0,
                0.0,
                0.018421052631578946,
                0.002631578947368421
            ],
            [
                0.0,
                0.007481296758104738,
                0.0,
                0.9650872817955112,
                0.0024937655860349127,
                0.0024937655860349127,
                0.0,
                0.0024937655860349127,
                0.004987531172069825,
                0.014962593516209476
            ],
            [
                0.0,
                0.0,
                0.09090909090909091,
                0.045454545454545456,
                0.8636363636363636,
                0.0,
                0.0,
                0.0,
                0.0,
                0.0
            ],
            [
                0.0,
                0.007177033492822967,
                0.0,
                0.0,
                0.0,
                0.9892344497607656,
                0.0011961722488038277,
                0.0,
                0.0,
                0.0023923444976076554
            ],
            [
                0.0,
                0.0,
                0.0,
                0.0,
                0.0025252525252525255,
                0.0,
                0.9772727272727273,
                0.005050505050505051,
                0.005050505050505051,
                0.010101010101010102
            ],
            [
                0.0,
                0.0,
                0.0,
                0.0,
                0.0,
                0.0,
                0.0,
                0.9761904761904762,
                0.0,
                0.023809523809523808
            ],
            [
                0.0,
                0.0,
                0.005089058524173028,
                0.0,
                0.01272264631043257,
                0.0,
                0.0,
                0.0,
                0.9821882951653944,
                0.0
            ],
            [
                0.0,
                0.0,
                0.0064516129032258064,
                0.012903225806451613,
