{
    "0": {
        "trees_by_client": 10,
        "first_server_serialise_trees_size": 11029,
        "fit_time": 0.054841041564941406,
        "client_serialise_trees_size": 225160,
        "final_server_serialise_trees_size": 1144433,
        "f1_score": 0.9419799088363879,
        "mcc": 0.9672656019117256,
        "accuracy": 0.9713910761154856,
        "precision": 0.9418460510127877,
        "recall": 0.9423512638109193,
        "confusion_matrix": [
            [
                1.0,
                0.0,
                0.0,
                0.0,
                0.0,
                0.0,
                0.0,
                0.0,
                0.0,
                0.0
            ],
            [
                0.0,
                0.9534883720930233,
                0.002583979328165375,
                0.012919896640826873,
                0.0,
                0.00516795865633075,
                0.0,
                0.01808785529715762,
                0.0,
                0.007751937984496124
            ],
            [
                0.0,
                0.0026595744680851063,
                0.9920212765957447,
                0.0,
                0.0,
                0.0,
                0.0,
                0.0,
                0.0026595744680851063,
                0.0026595744680851063
            ],
            [
                0.0,
                0.012345679012345678,
                0.007407407407407408,
                0.9555555555555556,
                0.0,
                0.0024691358024691358,
                0.0,
                0.0024691358024691358,
                0.0024691358024691358,
                0.01728395061728395
            ],
            [
                0.0,
                0.0,
                0.058823529411764705,
                0.11764705882352941,
                0.7058823529411765,
                0.11764705882352941,
                0.0,
                0.0,
                0.0,
                0.0
            ],
            [
                0.0,
                0.0023014959723820483,
                0.0,
                0.0011507479861910242,
                0.0,
                0.9919447640966629,
                0.0,
                0.0,
                0.0,
                0.004602991944764097
            ],
            [
                0.0,
                0.0025380710659898475,
                0.0025380710659898475,
                0.005076142131979695,
                0.007614213197969543,
                0.0025380710659898475,
                0.9695431472081218,
                0.007614213197969543,
                0.0,
                0.0025380710659898475
            ],
            [
                0.0,
                0.0,
                0.0,
                0.0,
                0.0,
                0.006872852233676976,
                0.0,
                0.9725085910652921,
                0.0,
                0.020618556701030927
            ],
            [
                0.0,
                0.0,
                0.0199501246882793,
                0.0024937655860349127,
                0.004987531172069825,
                0.0,
                0.0,
                0.0,
                0.972568578553616,
                0.0
            ],
            [
                0.0,
                0.0,
                0.0,
                0.02666666666666667,
                0.0,
                0.0033333333333333335,
                0.02,
                0.04,
                0.0,
                0.91
            ]
        ],
        "confusion_matrix_labels": [
            "backdoor",
            "ddos",
            "dos",
            "injection",
            "mitm",
            "normal",
            "password",
            "ransomware",
            "scanning",
            "xss"
        ],
        "round_time": 7.187798976898193,
        "round_start_time": 1765829066.5922062,
        "round_end_time": 1765829073.7800052,
        "evaluate_time": 0.261289119720459,
        "inference_time": 0.00694727897644043
    },
    "1": {
        "trees_by_client": 20,
        "first_server_serialise_trees_size": 10921,
        "fit_time": 0.25128793716430664,
        "client_serialise_trees_size": 454557,
        "final_server_serialise_trees_size": 2416072,
        "f1_score": 0.9386166482614013,
        "mcc": 0.9708822678095165,
        "accuracy": 0.9745406824146982,
        "precision": 0.9324918775860613,
        "recall": 0.9464319659302971,
        "confusion_matrix": [
            [
                1.0,
                0.0,
                0.0,
                0.0,
                0.0,
                0.0,
                0.0,
                0.0,
                0.0,
                0.0
            ],
            [
                0.0,
                0.958656330749354,
                0.002583979328165375,
                0.00516795865633075,
                0.0,
                0.00516795865633075,
                0.002583979328165375,
                0.01808785529715762,
                0.0,
                0.007751937984496124
            ],
            [
                0.0,
                0.0,
                0.9787234042553191,
                0.0,
                0.005319148936170213,
                0.0026595744680851063,
                0.0,
                0.0,
                0.013297872340425532,
                0.0
            ],
            [
                0.0,
                0.009876543209876543,
                0.0,
                0.9604938271604938,
                0.0,
                0.0024691358024691358,
                0.0,
                0.0024691358024691358,
                0.0049382716049382715,
                0.019753086419753086
            ],
            [
                0.0,
                0.0,
                0.0,
                0.11764705882352941,
                0.7058823529411765,
                0.11764705882352941,
                0.058823529411764705,
                0.0,
                0.0,
                0.0
            ],
            [
                0.0,
                0.0023014959723820483,
                0.0,
                0.0011507479861910242,
                0.0,
                0.9907940161104718,
                0.0,
                0.0023014959723820483,
                0.0,
                0.0034522439585730723
            ],
            [
                0.0,
                0.0025380710659898475,
                0.005076142131979695,
                0.0025380710659898475,
                0.01015228426395939,
                0.0025380710659898475,
                0.9670050761421319,
                0.007614213197969543,
                0.0,
                0.0025380710659898475
            ],
            [
                0.0,
                0.0,
                0.0,
                0.0,
                0.0,
                0.0,
                0.0,
                0.979381443298969,
                0.0,
                0.020618556701030927
            ],
            [
                0.0,
                0.0,
                0.012468827930174564,
                0.0024937655860349127,
                0.004987531172069825,
                0.0,
                0.0,
                0.0,
                0.9800498753117207,
                0.0
            ],
            [
                0.0,
                0.0,
                0.0,
                0.01,
                0.0033333333333333335,
                0.0033333333333333335,
                0.0,
                0.04,
                0.0,
                0.9433333333333334
            ]
        ],
        "confusion_matrix_labels": [
            "backdoor",
            "ddos",
            "dos",
            "injection",
            "mitm",
            "normal",
            "password",
            "ransomware",
            "scanning",
            "xss"
        ],
        "round_time": 3.8741707801818848,
        "round_start_time": 1765829089.824879,
        "round_end_time": 1765829093.6990497,
        "evaluate_time": 0.2937350273132324,
        "inference_time": 0.010628700256347656
    },
    "2": {
        "trees_by_client": 30,
        "first_server_serialise_trees_size": 21784,
        "fit_time": 0.43729567527770996,
        "client_serialise_trees_size": 675091,
        "final_server_serialise_trees_size": 3593288,
        "f1_score": 0.9392789938610836,
        "mcc": 0.9717808028555898,
        "accuracy": 0.9753280839895013,
        "precision": 0.9332158663611695,
        "recall": 0.9470113637614338,
        "confusion_matrix": [
            [
                1.0,
                0.0,
                0.0,
                0.0,
                0.0,
                0.0,
                0.0,
                0.0,
                0.0,
                0.0
            ],
            [
                0.0,
                0.9612403100775194,
                0.002583979328165375,
                0.00516795865633075,
                0.0,
                0.00516795865633075,
                0.002583979328165375,
                0.01808785529715762,
                0.0,
                0.00516795865633075
            ],
            [
                0.0,
                0.0,
                0.9787234042553191,
                0.0,
                0.005319148936170213,
                0.0026595744680851063,
                0.0,
                0.0,
                0.013297872340425532,
                0.0
            ],
            [
                0.0,
                0.009876543209876543,
                0.0,
                0.9580246913580247,
                0.0,
                0.0024691358024691358,
                0.0,
                0.0024691358024691358,
                0.0049382716049382715,
                0.022222222222222223
            ],
            [
                0.0,
                0.0,
                0.0,
                0.11764705882352941,
                0.7058823529411765,
                0.11764705882352941,
                0.058823529411764705,
                0.0,
                0.0,
                0.0
            ],
            [
                0.0,
                0.0023014959723820483,
                0.0,
                0.0011507479861910242,
                0.0,
                0.9930955120828538,
                0.0,
                0.0011507479861910242,
                0.0,
                0.0023014959723820483
            ],
            [
                0.0,
                0.0025380710659898475,
                0.005076142131979695,
                0.0025380710659898475,
                0.01015228426395939,
                0.0,
                0.9695431472081218,
                0.007614213197969543,
                0.0,
                0.0025380710659898475
            ],
            [
                0.0,
                0.0,
                0.0,
                0.0,
                0.0,
                0.0,
                0.0,
                0.979381443298969,
                0.0,
                0.020618556701030927
            ],
            [
                0.0,
                0.0,
                0.012468827930174564,
                0.0024937655860349127,
                0.007481296758104738,
                0.0,
                0.0,
                0.0,
                0.9775561097256857,
                0.0
            ],
            [
                0.0,
                0.0,
                0.0033333333333333335,
                0.006666666666666667,
                0.0,
                0.0033333333333333335,
                0.0,
                0.04,
                0.0,
                0.9466666666666667
            ]
        ],
        "confusion_matrix_labels": [
            "backdoor",
            "ddos",
            "dos",
            "injection",
            "mitm",
            "normal",
            "password",
            "ransomware",
            "scanning",
            "xss"
        ],
        "round_time": 4.419113874435425,
        "round_start_time": 1765829108.8538353,
        "round_end_time": 1765829113.2729492,
        "evaluate_time": 0.32523274421691895,
        "inference_time": 0.02074718475341797
    },
    "3": {
        "trees_by_client": 40,
        "first_server_serialise_trees_size": 32361,
        "fit_time": 0.5487856864929199,
        "client_serialise_trees_size": 900107,
        "final_server_serialise_trees_size": 4737722,
        "f1_score": 0.9389424654732135,
        "mcc": 0.9678682193296568,
        "accuracy": 0.9719160104986877,
        "precision": 0.9356445414980191,
        "recall": 0.9429090481570983,
        "confusion_matrix": [
            [
                1.0,
                0.0,
                0.0,
                0.0,
                0.0,
                0.0,
                0.0,
                0.0,
                0.0,
                0.0
            ],
            [
                0.0,
                0.958656330749354,
                0.002583979328165375,
                0.00516795865633075,
                0.0,
                0.00516795865633075,
                0.002583979328165375,
                0.01808785529715762,
                0.0,
                0.007751937984496124
            ],
            [
                0.0,
                0.0,
                0.9920212765957447,
                0.0,
                0.005319148936170213,
                0.0,
                0.0,
                0.0,
                0.0026595744680851063,
                0.0
            ],
            [
                0.0,
                0.012345679012345678,
                0.0024691358024691358,
                0.9604938271604938,
                0.0,
                0.0024691358024691358,
                0.0024691358024691358,
                0.0024691358024691358,
                0.0024691358024691358,
                0.014814814814814815
            ],
            [
                0.0,
                0.058823529411764705,
                0.058823529411764705,
                0.058823529411764705,
                0.7058823529411765,
                0.11764705882352941,
                0.0,
                0.0,
                0.0,
                0.0
            ],
            [
                0.0,
                0.0034522439585730723,
                0.0,
                0.0011507479861910242,
                0.0,
                0.9907940161104718,
                0.0,
                0.0011507479861910242,
                0.0,
                0.0034522439585730723
            ],
            [
                0.0,
                0.0025380710659898475,
                0.005076142131979695,
                0.005076142131979695,
                0.007614213197969543,
                0.0025380710659898475,
                0.9670050761421319,
                0.007614213197969543,
                0.0,
                0.0025380710659898475
            ],
            [
                0.0,
                0.0,
                0.0,
                0.0,
                0.0,
                0.006872852233676976,
                0.0,
                0.9725085910652921,
                0.0,
                0.020618556701030927
            ],
            [
                0.0,
                0.0,
                0.017456359102244388,
                0.0024937655860349127,
                0.004987531172069825,
                0.0,
                0.0,
                0.0,
                0.9750623441396509,
                0.0
            ],
            [
                0.0,
                0.0,
                0.0033333333333333335,
                0.02666666666666667,
                0.0,
                0.006666666666666667,
                0.016666666666666666,
                0.04,
                0.0,
                0.9066666666666666
            ]
        ],
        "confusion_matrix_labels": [
            "backdoor",
            "ddos",
            "dos",
            "injection",
            "mitm",
            "normal",
            "password",
            "ransomware",
            "scanning",
            "xss"
        ],
        "round_time": 5.8017497062683105,
        "round_start_time": 1765829128.3878508,
        "round_end_time": 1765829134.1896005,
        "evaluate_time": 0.5084705352783203,
        "inference_time": 0.009447336196899414
    },
    "4": {
        "trees_by_client": 50,
        "first_server_serialise_trees_size": 43504,
        "fit_time": 0.6009325981140137,
        "client_serialise_trees_size": 1123599,
        "final_server_serialise_trees_size": 5896416,
        "f1_score": 0.9402913230086618,
        "mcc": 0.9675641332551357,
        "accuracy": 0.9716535433070866,
        "precision": 0.9387539406734146,
        "recall": 0.9422051117806403,
        "confusion_matrix": [
            [
                1.0,
                0.0,
                0.0,
                0.0,
                0.0,
                0.0,
                0.0,
                0.0,
                0.0,
                0.0
            ],
            [
                0.0,
                0.9534883720930233,
                0.002583979328165375,
                0.007751937984496124,
                0.0,
                0.00516795865633075,
                0.002583979328165375,
                0.01808785529715762,
                0.0,
                0.0103359173126615
            ],
            [
                0.0,
                0.0,
                0.9920212765957447,
                0.0,
                0.0026595744680851063,
                0.0026595744680851063,
                0.0,
                0.0,
                0.0026595744680851063,
                0.0
            ],
            [
                0.0,
                0.012345679012345678,
                0.0024691358024691358,
                0.9604938271604938,
                0.0,
                0.0024691358024691358,
                0.0024691358024691358,
                0.0024691358024691358,
                0.0024691358024691358,
                0.014814814814814815
            ],
            [
                0.0,
                0.0,
                0.058823529411764705,
                0.11764705882352941,
                0.7058823529411765,
                0.11764705882352941,
                0.0,
                0.0,
                0.0,
                0.0
            ],
            [
                0.0,
                0.0023014959723820483,
                0.0,
                0.0011507479861910242,
                0.0,
                0.9930955120828538,
                0.0,
                0.0,
                0.0,
                0.0034522439585730723
            ],
            [
                0.0,
                0.0025380710659898475,
                0.005076142131979695,
                0.005076142131979695,
                0.007614213197969543,
                0.0025380710659898475,
                0.9670050761421319,
                0.007614213197969543,
                0.0,
                0.0025380710659898475
            ],
            [
                0.0,
                0.0,
                0.0,
                0.0,
                0.0,
                0.006872852233676976,
                0.0,
                0.9725085910652921,
                0.0,
                0.020618556701030927
            ],
            [
                0.0,
                0.0,
                0.014962593516209476,
                0.0024937655860349127,
                0.004987531172069825,
                0.0,
                0.0,
                0.0,
                0.9775561097256857,
                0.0
            ],
            [
                0.0,
                0.0,
                0.006666666666666667,
                0.02666666666666667,
                0.0,
                0.006666666666666667,
                0.02,
                0.04,
                0.0,
                0.9
            ]
        ],
        "confusion_matrix_labels": [
            "backdoor",
            "ddos",
            "dos",
            "injection",
            "mitm",
            "normal",
            "password",
            "ransomware",
            "scanning",
            "xss"
        ],
        "round_time": 6.186518907546997,
        "round_start_time": 1765829149.2948892,
        "round_end_time": 1765829155.481408,
        "evaluate_time": 0.5293946266174316,
        "inference_time": 0.005215644836425781
    },
    "5": {
        "trees_by_client": 60,
        "first_server_serialise_trees_size": 54352,
        "fit_time": 0.6541199684143066,
        "client_serialise_trees_size": 1348387,
        "final_server_serialise_trees_size": 7057088,
        "f1_score": 0.9416016655147796,
        "mcc": 0.9726816585782914,
        "accuracy": 0.9761154855643045,
        "precision": 0.9365479493390353,
        "recall": 0.9477736113470927,
        "confusion_matrix": [
            [
                1.0,
                0.0,
                0.0,
                0.0,
                0.0,
                0.0,
                0.0,
                0.0,
                0.0,
                0.0
            ],
            [
                0.0,
                0.9612403100775194,
                0.002583979328165375,
                0.00516795865633075,
                0.0,
                0.00516795865633075,
                0.002583979328165375,
                0.01808785529715762,
                0.0,
                0.00516795865633075
            ],
            [
                0.0,
                0.0026595744680851063,
                0.9813829787234043,
                0.0,
                0.0026595744680851063,
                0.0026595744680851063,
                0.0,
                0.0,
                0.010638297872340425,
                0.0
            ],
            [
                0.0,
                0.009876543209876543,
                0.0,
                0.9604938271604938,
                0.0,
                0.0024691358024691358,
                0.0,
                0.0024691358024691358,
                0.0049382716049382715,
                0.019753086419753086
            ],
            [
                0.0,
                0.0,
                0.0,
                0.11764705882352941,
                0.7058823529411765,
                0.11764705882352941,
                0.058823529411764705,
                0.0,
                0.0,
                0.0
            ],
            [
                0.0,
                0.0011507479861910242,
                0.0,
                0.0011507479861910242,
                0.0,
                0.9930955120828538,
                0.0,
                0.0011507479861910242,
                0.0,
                0.0034522439585730723
            ],
            [
                0.0,
                0.0,
                0.005076142131979695,
                0.0025380710659898475,
                0.01015228426395939,
                0.0,
                0.9695431472081218,
                0.007614213197969543,
                0.0,
                0.005076142131979695
            ],
            [
                0.0,
                0.0,
                0.0,
                0.0,
                0.0,
                0.0,
                0.0,
                0.979381443298969,
                0.0,
                0.020618556701030927
            ],
            [
                0.0,
                0.0,
                0.00997506234413965,
                0.0024937655860349127,
                0.007481296758104738,
                0.0,
                0.0,
                0.0,
                0.9800498753117207,
                0.0
            ],
            [
                0.0,
                0.0,
                0.0033333333333333335,
                0.006666666666666667,
                0.0,
                0.0033333333333333335,
                0.0,
                0.04,
                0.0,
                0.9466666666666667
            ]
        ],
        "confusion_matrix_labels": [
            "backdoor",
            "ddos",
            "dos",
            "injection",
            "mitm",
            "normal",
            "password",
            "ransomware",
            "scanning",
            "xss"
        ],
        "round_time": 7.397488832473755,
        "round_start_time": 1765829170.58182,
        "round_end_time": 1765829177.9793088,
        "evaluate_time": 0.5605332851409912,
        "inference_time": 0.02987217903137207
    },
    "6": {
        "trees_by_client": 70,
        "first_server_serialise_trees_size": 64943,
        "fit_time": 1.1474497318267822,
        "client_serialise_trees_size": 1557267,
        "final_server_serialise_trees_size": 8263563,
        "f1_score": 0.9412376409596274,
        "mcc": 0.9684642248290978,
        "accuracy": 0.9724409448818898,
        "precision": 0.9393978647291779,
        "recall": 0.9434122318223007,
        "confusion_matrix": [
            [
                1.0,
                0.0,
                0.0,
                0.0,
                0.0,
                0.0,
                0.0,
                0.0,
                0.0,
                0.0
            ],
            [
                0.0,
                0.958656330749354,
                0.002583979328165375,
                0.00516795865633075,
                0.0,
                0.00516795865633075,
                0.002583979328165375,
                0.01808785529715762,
                0.0,
                0.007751937984496124
            ],
            [
                0.0,
                0.0,
                0.9920212765957447,
                0.0,
                0.0026595744680851063,
                0.0,
                0.0,
                0.0,
                0.0026595744680851063,
                0.0026595744680851063
            ],
            [
                0.0,
                0.012345679012345678,
                0.0024691358024691358,
                0.9604938271604938,
                0.0,
                0.0024691358024691358,
                0.0024691358024691358,
                0.0024691358024691358,
                0.0024691358024691358,
                0.014814814814814815
            ],
            [
                0.0,
                0.058823529411764705,
                0.058823529411764705,
                0.058823529411764705,
                0.7058823529411765,
                0.11764705882352941,
                0.0,
                0.0,
                0.0,
                0.0
            ],
            [
                0.0,
                0.004602991944764097,
                0.0,
                0.0011507479861910242,
                0.0,
                0.9907940161104718,
                0.0,
                0.0011507479861910242,
                0.0,
                0.0023014959723820483
            ],
            [
                0.0,
                0.0025380710659898475,
                0.0025380710659898475,
                0.005076142131979695,
                0.007614213197969543,
                0.0025380710659898475,
                0.9695431472081218,
                0.007614213197969543,
                0.0,
                0.0025380710659898475
            ],
            [
                0.0,
                0.0,
                0.0,
                0.0,
                0.0,
                0.006872852233676976,
                0.0,
                0.9725085910652921,
                0.0,
                0.020618556701030927
            ],
            [
                0.0,
                0.0,
                0.014962593516209476,
                0.0024937655860349127,
                0.004987531172069825,
                0.0,
                0.0,
                0.0,
                0.9775561097256857,
                0.0
            ],
            [
                0.0,
                0.0,
                0.0,
                0.023333333333333334,
                0.0,
                0.006666666666666667,
                0.023333333333333334,
                0.04,
                0.0,
                0.9066666666666666
            ]
        ],
        "confusion_matrix_labels": [
            "backdoor",
            "ddos",
            "dos",
            "injection",
            "mitm",
            "normal",
            "password",
            "ransomware",
            "scanning",
            "xss"
        ],
        "round_time": 7.895879030227661,
        "round_start_time": 1765829193.087862,
        "round_end_time": 1765829200.983741,
        "evaluate_time": 0.41590428352355957,
        "inference_time": 0.011144876480102539
    },
    "7": {
        "trees_by_client": 80,
        "first_server_serialise_trees_size": 76183,
        "fit_time": 1.4192664623260498,
        "client_serialise_trees_size": 1793490,
        "final_server_serialise_trees_size": 9341954,
        "f1_score": 0.9403134667042161,
        "mcc": 0.9675661097922126,
        "accuracy": 0.9716535433070866,
        "precision": 0.9385680396159344,
        "recall": 0.9424233703153544,
        "confusion_matrix": [
            [
                1.0,
                0.0,
                0.0,
                0.0,
                0.0,
                0.0,
                0.0,
                0.0,
                0.0,
                0.0
            ],
            [
                0.0,
                0.9534883720930233,
                0.002583979328165375,
                0.007751937984496124,
                0.0,
                0.00516795865633075,
                0.002583979328165375,
                0.01808785529715762,
                0.0,
                0.0103359173126615
            ],
            [
                0.0,
                0.0,
                0.9920212765957447,
                0.0,
                0.0026595744680851063,
                0.0,
                0.0,
                0.0,
                0.0026595744680851063,
                0.0026595744680851063
            ],
            [
                0.0,
                0.012345679012345678,
                0.0049382716049382715,
                0.9604938271604938,
                0.0,
                0.0024691358024691358,
                0.0,
                0.0024691358024691358,
                0.0024691358024691358,
                0.014814814814814815
            ],
            [
                0.0,
                0.0,
                0.058823529411764705,
                0.11764705882352941,
                0.7058823529411765,
                0.11764705882352941,
                0.0,
                0.0,
                0.0,
                0.0
            ],
            [
                0.0,
                0.0034522439585730723,
                0.0,
                0.0011507479861910242,
                0.0,
                0.9919447640966629,
                0.0,
                0.0,
                0.0,
                0.0034522439585730723
            ],
            [
                0.0,
                0.0025380710659898475,
                0.005076142131979695,
                0.005076142131979695,
                0.007614213197969543,
                0.0025380710659898475,
                0.9670050761421319,
                0.007614213197969543,
                0.0,
                0.0025380710659898475
            ],
            [
                0.0,
                0.0,
                0.0,
                0.0,
                0.0,
                0.006872852233676976,
                0.0,
                0.9725085910652921,
                0.0,
                0.020618556701030927
            ],
            [
                0.0,
                0.0,
                0.014962593516209476,
                0.0024937655860349127,
                0.004987531172069825,
                0.0,
                0.0,
                0.0,
                0.9775561097256857,
                0.0
            ],
            [
                0.0,
                0.0,
                0.006666666666666667,
                0.02666666666666667,
                0.0,
                0.006666666666666667,
                0.016666666666666666,
                0.04,
                0.0,
                0.9033333333333333
            ]
        ],
        "confusion_matrix_labels": [
            "backdoor",
            "ddos",
            "dos",
            "injection",
            "mitm",
            "normal",
            "password",
            "ransomware",
            "scanning",
            "xss"
        ],
        "round_time": 9.433901309967041,
        "round_start_time": 1765829216.1149127,
        "round_end_time": 1765829225.548814,
        "evaluate_time": 0.7910165786743164,
        "inference_time": 0.009881973266601562
    },
    "8": {
        "trees_by_client": 90,
        "first_server_serialise_trees_size": 86863,
        "fit_time": 1.224200963973999,
        "client_serialise_trees_size": 2022190,
        "final_server_serialise_trees_size": 10562286,
        "f1_score": 0.9413593476278873,
        "mcc": 0.9723770270163846,
        "accuracy": 0.9758530183727034,
        "precision": 0.9364419477779041,
        "recall": 0.9473643307660868,
        "confusion_matrix": [
            [
                1.0,
                0.0,
                0.0,
                0.0,
                0.0,
                0.0,
                0.0,
                0.0,
                0.0,
                0.0
            ],
            [
                0.0,
                0.958656330749354,
                0.002583979328165375,
                0.007751937984496124,
                0.0,
                0.00516795865633075,
                0.002583979328165375,
                0.01808785529715762,
                0.0,
                0.00516795865633075
            ],
            [
                0.0,
                0.0,
                0.9787234042553191,
                0.0,
                0.005319148936170213,
                0.0026595744680851063,
                0.0,
                0.0,
                0.013297872340425532,
                0.0
            ],
            [
                0.0,
                0.009876543209876543,
                0.0,
                0.9604938271604938,
                0.0,
                0.0024691358024691358,
                0.0,
                0.0024691358024691358,
                0.0049382716049382715,
                0.019753086419753086
            ],
            [
                0.0,
                0.0,
                0.0,
                0.11764705882352941,
                0.7058823529411765,
                0.11764705882352941,
                0.058823529411764705,
                0.0,
                0.0,
                0.0
            ],
            [
                0.0,
                0.0023014959723820483,
                0.0,
                0.0011507479861910242,
                0.0,
                0.9942462600690449,
                0.0,
                0.0,
                0.0,
                0.0023014959723820483
            ],
            [
                0.0,
                0.0025380710659898475,
                0.005076142131979695,
                0.0025380710659898475,
                0.01015228426395939,
                0.0,
                0.9695431472081218,
                0.007614213197969543,
                0.0,
                0.0025380710659898475
            ],
            [
                0.0,
                0.0,
                0.0,
                0.0,
                0.0,
                0.0,
                0.0,
                0.979381443298969,
                0.0,
                0.020618556701030927
            ],
            [
                0.0,
                0.0,
                0.012468827930174564,
                0.0024937655860349127,
                0.004987531172069825,
                0.0,
                0.0,
                0.0,
                0.9800498753117207,
                0.0
            ],
            [
                0.0,
                0.0,
                0.0033333333333333335,
                0.006666666666666667,
                0.0,
                0.0033333333333333335,
                0.0,
                0.04,
                0.0,
                0.9466666666666667
            ]
        ],
        "confusion_matrix_labels": [
            "backdoor",
            "ddos",
            "dos",
            "injection",
            "mitm",
            "normal",
            "password",
            "ransomware",
            "scanning",
            "xss"
        ],
        "round_time": 9.873701333999634,
        "round_start_time": 1765829240.6809144,
        "round_end_time": 1765829250.5546157,
        "evaluate_time": 0.5544583797454834,
        "inference_time": 0.05872344970703125
    },
    "9": {
        "trees_by_client": 100,
        "first_server_serialise_trees_size": 97636,
        "fit_time": 1.6619150638580322,
        "client_serialise_trees_size": 2255842,
        "final_server_serialise_trees_size": 11748521,
        "f1_score": 0.9415573765012711,
        "mcc": 0.9687660590223268,
        "accuracy": 0.9727034120734908,
        "precision": 0.9396851762560624,
        "recall": 0.9437681880012573,
        "confusion_matrix": [
            [
                1.0,
                0.0,
                0.0,
                0.0,
                0.0,
                0.0,
                0.0,
                0.0,
                0.0,
                0.0
            ],
            [
                0.0,
                0.9560723514211886,
                0.002583979328165375,
                0.007751937984496124,
                0.0,
                0.00516795865633075,
                0.002583979328165375,
                0.01808785529715762,
                0.0,
                0.007751937984496124
            ],
            [
                0.0,
                0.0,
                0.9920212765957447,
                0.0,
                0.0026595744680851063,
                0.0,
                0.0,
                0.0,
                0.0026595744680851063,
                0.0026595744680851063
            ],
            [
                0.0,
                0.012345679012345678,
                0.0049382716049382715,
                0.9580246913580247,
                0.0,
                0.0049382716049382715,
                0.0,
                0.0024691358024691358,
                0.0024691358024691358,
                0.014814814814814815
            ],
            [
                0.0,
                0.0,
                0.058823529411764705,
                0.058823529411764705,
                0.7058823529411765,
                0.11764705882352941,
                0.0,
                0.0,
                0.0,
                0.058823529411764705
            ],
            [
                0.0,
                0.004602991944764097,
                0.0,
                0.0011507479861910242,
                0.0,
                0.9919447640966629,
                0.0,
                0.0011507479861910242,
                0.0,
                0.0011507479861910242
            ],
            [
                0.0,
                0.0025380710659898475,
                0.005076142131979695,
                0.005076142131979695,
                0.007614213197969543,
                0.0025380710659898475,
                0.9670050761421319,
                0.007614213197969543,
                0.0,
                0.0025380710659898475
            ],
            [
                0.0,
                0.0,
                0.0,
                0.0,
                0.0,
                0.006872852233676976,
                0.0,
                0.9725085910652921,
                0.0,
                0.020618556701030927
            ],
            [
                0.0,
                0.0,
