{
    "0": {
        "trees_by_client": 10,
        "first_server_serialise_trees_size": 10420,
        "fit_time": 0.07535815238952637,
        "client_serialise_trees_size": 326339,
        "final_server_serialise_trees_size": 1676451,
        "f1_score": 0.9478561536784278,
        "mcc": 0.9720649848451549,
        "accuracy": 0.9755841428196377,
        "precision": 0.9458364467928483,
        "recall": 0.9500905517521361,
        "confusion_matrix": [
            [
                1.0,
                0.0,
                0.0,
                0.0,
                0.0,
                0.0,
                0.0,
                0.0,
                0.0,
                0.0
            ],
            [
                0.0,
                0.9696202531645569,
                0.0,
                0.007594936708860759,
                0.002531645569620253,
                0.005063291139240506,
                0.0,
                0.012658227848101266,
                0.0,
                0.002531645569620253
            ],
            [
                0.0,
                0.0024509803921568627,
                0.9730392156862745,
                0.004901960784313725,
                0.004901960784313725,
                0.0024509803921568627,
                0.0,
                0.0,
                0.00980392156862745,
                0.0024509803921568627
            ],
            [
                0.0,
                0.010025062656641603,
                0.0,
                0.9598997493734336,
                0.0,
                0.0,
                0.0,
                0.0,
                0.010025062656641603,
                0.020050125313283207
            ],
            [
                0.0,
                0.0,
                0.0,
                0.045454545454545456,
                0.7272727272727273,
                0.13636363636363635,
                0.045454545454545456,
                0.0,
                0.0,
                0.045454545454545456
            ],
            [
                0.0,
                0.0034403669724770644,
                0.0,
                0.0022935779816513763,
                0.0011467889908256881,
                0.9873853211009175,
                0.0011467889908256881,
                0.0011467889908256881,
                0.0,
                0.0034403669724770644
            ],
            [
                0.0,
                0.0,
                0.0,
                0.0,
                0.005420054200542005,
                0.0,
                0.989159891598916,
                0.0,
                0.0,
                0.005420054200542005
            ],
            [
                0.0,
                0.0,
                0.0,
                0.0,
                0.0,
                0.0,
                0.0,
                0.9761092150170648,
                0.0,
                0.023890784982935155
            ],
            [
                0.0,
                0.0,
                0.005076142131979695,
                0.0,
                0.0025380710659898475,
                0.0,
                0.0025380710659898475,
                0.0,
                0.9898477157360406,
                0.0
            ],
            [
                0.0,
                0.0,
                0.0,
                0.012987012987012988,
                0.0,
                0.00974025974025974,
                0.0,
                0.048701298701298704,
                0.0,
                0.9285714285714286
            ]
        ],
        "confusion_matrix_labels": [
            "backdoor",
            "ddos",
            "dos",
            "injection",
            "mitm",
            "normal",
            "password",
            "ransomware",
            "scanning",
            "xss"
        ],
        "round_time": 7.517526149749756,
        "round_start_time": 1771800834.646971,
        "round_end_time": 1771800842.1644971,
        "evaluate_time": 0.39409565925598145,
        "inference_time": 0.009100675582885742
    },
    "1": {
        "trees_by_client": 20,
        "first_server_serialise_trees_size": 10972,
        "fit_time": 0.3813495635986328,
        "client_serialise_trees_size": 656778,
        "final_server_serialise_trees_size": 3394828,
        "f1_score": 0.9512453551463205,
        "mcc": 0.9729732301233794,
        "accuracy": 0.9763717511157785,
        "precision": 0.9476692543153231,
        "recall": 0.9552828189563952,
        "confusion_matrix": [
            [
                1.0,
                0.0,
                0.0,
                0.0,
                0.0,
                0.0,
                0.0,
                0.0,
                0.0,
                0.0
            ],
            [
                0.0,
                0.9670886075949368,
                0.0,
                0.007594936708860759,
                0.002531645569620253,
                0.005063291139240506,
                0.0,
                0.012658227848101266,
                0.0,
                0.005063291139240506
            ],
            [
                0.0,
                0.0024509803921568627,
                0.9730392156862745,
                0.004901960784313725,
                0.004901960784313725,
                0.0024509803921568627,
                0.0,
                0.0,
                0.00980392156862745,
                0.0024509803921568627
            ],
            [
                0.0,
                0.007518796992481203,
                0.0,
                0.9624060150375939,
                0.0,
                0.0,
                0.0,
                0.0,
                0.010025062656641603,
                0.020050125313283207
            ],
            [
                0.0,
                0.0,
                0.0,
                0.045454545454545456,
                0.7727272727272727,
                0.13636363636363635,
                0.0,
                0.0,
                0.0,
                0.045454545454545456
            ],
            [
                0.0,
                0.0,
                0.0,
                0.0034403669724770644,
                0.0011467889908256881,
                0.9873853211009175,
                0.0011467889908256881,
                0.0011467889908256881,
                0.0,
                0.005733944954128441
            ],
            [
                0.0,
                0.0,
                0.0,
                0.0,
                0.005420054200542005,
                0.0,
                0.989159891598916,
                0.0,
                0.0,
                0.005420054200542005
            ],
            [
                0.0,
                0.0,
                0.0,
                0.0,
                0.0,
                0.0,
                0.0,
                0.9761092150170648,
                0.0,
                0.023890784982935155
            ],
            [
                0.0,
                0.0,
                0.005076142131979695,
                0.0,
                0.0025380710659898475,
                0.0,
                0.0025380710659898475,
                0.0,
                0.9898477157360406,
                0.0
            ],
            [
                0.0,
                0.0,
                0.0,
                0.00974025974025974,
                0.0,
                0.006493506493506494,
                0.0,
                0.048701298701298704,
                0.0,
                0.935064935064935
            ]
        ],
        "confusion_matrix_labels": [
            "backdoor",
            "ddos",
            "dos",
            "injection",
            "mitm",
            "normal",
            "password",
            "ransomware",
            "scanning",
            "xss"
        ],
        "round_time": 4.676145792007446,
        "round_start_time": 1771800858.2990656,
        "round_end_time": 1771800862.9752114,
        "evaluate_time": 0.42252278327941895,
        "inference_time": 0.021985292434692383
    },
    "2": {
        "trees_by_client": 30,
        "first_server_serialise_trees_size": 21600,
        "fit_time": 0.6037678718566895,
        "client_serialise_trees_size": 983959,
        "final_server_serialise_trees_size": 5059531,
        "f1_score": 0.9500258539322873,
        "mcc": 0.9732728774509787,
        "accuracy": 0.976634287214492,
        "precision": 0.9453277174577682,
        "recall": 0.9554816683490719,
        "confusion_matrix": [
            [
                1.0,
                0.0,
                0.0,
                0.0,
                0.0,
                0.0,
                0.0,
                0.0,
                0.0,
                0.0
            ],
            [
                0.0,
                0.9721518987341772,
                0.0,
                0.005063291139240506,
                0.002531645569620253,
                0.005063291139240506,
                0.0,
                0.012658227848101266,
                0.0,
                0.002531645569620253
            ],
            [
                0.0,
                0.0024509803921568627,
                0.9730392156862745,
                0.004901960784313725,
                0.004901960784313725,
                0.0024509803921568627,
                0.0,
                0.0,
                0.00980392156862745,
                0.0024509803921568627
            ],
            [
                0.0,
                0.007518796992481203,
                0.0,
                0.9624060150375939,
                0.0,
                0.0,
                0.0,
                0.0,
                0.010025062656641603,
                0.020050125313283207
            ],
            [
                0.0,
                0.0,
                0.0,
                0.045454545454545456,
                0.7727272727272727,
                0.13636363636363635,
                0.0,
                0.0,
                0.0,
                0.045454545454545456
            ],
            [
                0.0,
                0.0,
                0.0,
                0.0022935779816513763,
                0.0011467889908256881,
                0.9873853211009175,
                0.0011467889908256881,
                0.0011467889908256881,
                0.0,
                0.006880733944954129
            ],
            [
                0.0,
                0.0,
                0.0,
                0.0,
                0.0027100271002710027,
                0.0,
                0.991869918699187,
                0.0,
                0.0,
                0.005420054200542005
            ],
            [
                0.0,
                0.0,
                0.0,
                0.0,
                0.0,
                0.0,
                0.0,
                0.9761092150170648,
                0.0,
                0.023890784982935155
            ],
            [
                0.0,
                0.0,
                0.005076142131979695,
                0.0,
                0.007614213197969543,
                0.0,
                0.0,
                0.0,
                0.9873096446700508,
                0.0
            ],
            [
                0.0,
                0.0,
                0.0,
                0.012987012987012988,
                0.0,
                0.006493506493506494,
                0.0,
                0.048701298701298704,
                0.0,
                0.9318181818181818
            ]
        ],
        "confusion_matrix_labels": [
            "backdoor",
            "ddos",
            "dos",
            "injection",
            "mitm",
            "normal",
            "password",
            "ransomware",
            "scanning",
            "xss"
        ],
        "round_time": 6.793945789337158,
        "round_start_time": 1771800878.1206431,
        "round_end_time": 1771800884.914589,
        "evaluate_time": 0.15992236137390137,
        "inference_time": 0.008701324462890625
    },
    "3": {
        "trees_by_client": 40,
        "first_server_serialise_trees_size": 31873,
        "fit_time": 0.585658073425293,
        "client_serialise_trees_size": 1355239,
        "final_server_serialise_trees_size": 6794536,
        "f1_score": 0.9484245805033034,
        "mcc": 0.9729747906049361,
        "accuracy": 0.9763717511157785,
        "precision": 0.9427353789545914,
        "recall": 0.955282176406758,
        "confusion_matrix": [
            [
                1.0,
                0.0,
                0.0,
                0.0,
                0.0,
                0.0,
                0.0,
                0.0,
                0.0,
                0.0
            ],
            [
                0.0,
                0.9696202531645569,
                0.0,
                0.007594936708860759,
                0.002531645569620253,
                0.005063291139240506,
                0.0,
                0.012658227848101266,
                0.0,
                0.002531645569620253
            ],
            [
                0.0,
                0.0024509803921568627,
                0.9730392156862745,
                0.004901960784313725,
                0.004901960784313725,
                0.0024509803921568627,
                0.0,
                0.0,
                0.00980392156862745,
                0.0024509803921568627
            ],
            [
                0.0,
                0.007518796992481203,
                0.0,
                0.9624060150375939,
                0.0,
                0.0,
                0.0,
                0.0,
                0.010025062656641603,
                0.020050125313283207
            ],
            [
                0.0,
                0.0,
                0.0,
                0.045454545454545456,
                0.7727272727272727,
                0.13636363636363635,
                0.0,
                0.0,
                0.0,
                0.045454545454545456
            ],
            [
                0.0,
                0.0,
                0.0,
                0.0022935779816513763,
                0.0011467889908256881,
                0.9873853211009175,
                0.0011467889908256881,
                0.0011467889908256881,
                0.0,
                0.006880733944954129
            ],
            [
                0.0,
                0.0,
                0.0,
                0.0,
                0.005420054200542005,
                0.0,
                0.989159891598916,
                0.0,
                0.0,
                0.005420054200542005
            ],
            [
                0.0,
                0.0,
                0.0,
                0.0,
                0.0,
                0.0,
                0.0,
                0.9761092150170648,
                0.0,
                0.023890784982935155
            ],
            [
                0.0,
                0.0,
                0.005076142131979695,
                0.0,
                0.007614213197969543,
                0.0,
                0.0,
                0.0,
                0.9873096446700508,
                0.0
            ],
            [
                0.0,
                0.0,
                0.0,
                0.00974025974025974,
                0.0,
                0.006493506493506494,
                0.0,
                0.048701298701298704,
                0.0,
                0.935064935064935
            ]
        ],
        "confusion_matrix_labels": [
            "backdoor",
            "ddos",
            "dos",
            "injection",
            "mitm",
            "normal",
            "password",
            "ransomware",
            "scanning",
            "xss"
        ],
        "round_time": 5.9803080558776855,
        "round_start_time": 1771800899.971594,
        "round_end_time": 1771800905.9519022,
        "evaluate_time": 0.5499069690704346,
        "inference_time": 0.038037776947021484
    },
    "4": {
        "trees_by_client": 50,
        "first_server_serialise_trees_size": 42990,
        "fit_time": 1.0743930339813232,
        "client_serialise_trees_size": 1651517,
        "final_server_serialise_trees_size": 8463970,
        "f1_score": 0.9502245127483002,
        "mcc": 0.973572040202762,
        "accuracy": 0.9768968233132056,
        "precision": 0.9456269829883777,
        "recall": 0.9555791516447265,
        "confusion_matrix": [
            [
                1.0,
                0.0,
                0.0,
                0.0,
                0.0,
                0.0,
                0.0,
                0.0,
                0.0,
                0.0
            ],
            [
                0.0,
                0.9721518987341772,
                0.0,
                0.005063291139240506,
                0.002531645569620253,
                0.005063291139240506,
                0.0,
                0.012658227848101266,
                0.0,
                0.002531645569620253
            ],
            [
                0.0,
                0.0024509803921568627,
                0.9730392156862745,
                0.004901960784313725,
                0.004901960784313725,
                0.0024509803921568627,
                0.0,
                0.0,
                0.00980392156862745,
                0.0024509803921568627
            ],
            [
                0.0,
                0.007518796992481203,
                0.0,
                0.9624060150375939,
                0.0,
                0.0,
                0.0,
                0.0,
                0.010025062656641603,
                0.020050125313283207
            ],
            [
                0.0,
                0.0,
                0.0,
                0.045454545454545456,
                0.7727272727272727,
                0.13636363636363635,
                0.0,
                0.0,
                0.0,
                0.045454545454545456
            ],
            [
                0.0,
                0.0,
                0.0,
                0.0022935779816513763,
                0.0011467889908256881,
                0.9885321100917431,
                0.0011467889908256881,
                0.0011467889908256881,
                0.0,
                0.005733944954128441
            ],
            [
                0.0,
                0.0,
                0.0,
                0.0,
                0.005420054200542005,
                0.0,
                0.989159891598916,
                0.0,
                0.0,
                0.005420054200542005
            ],
            [
                0.0,
                0.0,
                0.0,
                0.0,
                0.0,
                0.0,
                0.0,
                0.9761092150170648,
                0.0,
                0.023890784982935155
            ],
            [
                0.0,
                0.0,
                0.005076142131979695,
                0.0,
                0.005076142131979695,
                0.0,
                0.0,
                0.0,
                0.9898477157360406,
                0.0
            ],
            [
                0.0,
                0.0,
                0.0,
                0.012987012987012988,
                0.0,
                0.006493506493506494,
                0.0,
                0.048701298701298704,
                0.0,
                0.9318181818181818
            ]
        ],
        "confusion_matrix_labels": [
            "backdoor",
            "ddos",
            "dos",
            "injection",
            "mitm",
            "normal",
            "password",
            "ransomware",
            "scanning",
            "xss"
        ],
        "round_time": 8.377180576324463,
        "round_start_time": 1771800921.1294963,
        "round_end_time": 1771800929.506677,
        "evaluate_time": 0.6968894004821777,
        "inference_time": 0.036043405532836914
    },
    "5": {
        "trees_by_client": 60,
        "first_server_serialise_trees_size": 53993,
        "fit_time": 1.3013861179351807,
        "client_serialise_trees_size": 1988199,
        "final_server_serialise_trees_size": 10203952,
        "f1_score": 0.9514748154030848,
        "mcc": 0.9732724590854348,
        "accuracy": 0.976634287214492,
        "precision": 0.9479179570900357,
        "recall": 0.9554823108987088,
        "confusion_matrix": [
            [
                1.0,
                0.0,
                0.0,
                0.0,
                0.0,
                0.0,
                0.0,
                0.0,
                0.0,
                0.0
            ],
            [
                0.0,
                0.9696202531645569,
                0.0,
                0.005063291139240506,
                0.002531645569620253,
                0.005063291139240506,
                0.0,
                0.012658227848101266,
                0.0,
                0.005063291139240506
            ],
            [
                0.0,
                0.0024509803921568627,
                0.9730392156862745,
                0.004901960784313725,
                0.004901960784313725,
                0.0024509803921568627,
                0.0,
                0.0,
                0.00980392156862745,
                0.0024509803921568627
            ],
            [
                0.0,
                0.007518796992481203,
                0.0,
                0.9624060150375939,
                0.0,
                0.0,
                0.0,
                0.0,
                0.010025062656641603,
                0.020050125313283207
            ],
            [
                0.0,
                0.0,
                0.0,
                0.045454545454545456,
                0.7727272727272727,
                0.13636363636363635,
                0.0,
                0.0,
                0.0,
                0.045454545454545456
            ],
            [
                0.0,
                0.0,
                0.0,
                0.0034403669724770644,
                0.0011467889908256881,
                0.9873853211009175,
                0.0011467889908256881,
                0.0011467889908256881,
                0.0,
                0.005733944954128441
            ],
            [
                0.0,
                0.0,
                0.0,
                0.0,
                0.0027100271002710027,
                0.0,
                0.991869918699187,
                0.0,
                0.0,
                0.005420054200542005
            ],
            [
                0.0,
                0.0,
                0.0,
                0.0,
                0.0,
                0.0,
                0.0,
                0.9761092150170648,
                0.0,
                0.023890784982935155
            ],
            [
                0.0,
                0.0,
                0.005076142131979695,
                0.0,
                0.005076142131979695,
                0.0,
                0.0,
                0.0,
                0.9898477157360406,
                0.0
            ],
            [
                0.0,
                0.0,
                0.0,
                0.012987012987012988,
                0.0,
                0.006493506493506494,
                0.0,
                0.048701298701298704,
                0.0,
                0.9318181818181818
            ]
        ],
        "confusion_matrix_labels": [
            "backdoor",
            "ddos",
            "dos",
            "injection",
            "mitm",
            "normal",
            "password",
            "ransomware",
            "scanning",
            "xss"
        ],
        "round_time": 9.675658464431763,
        "round_start_time": 1771800944.6984036,
        "round_end_time": 1771800954.374062,
        "evaluate_time": 0.8261358737945557,
        "inference_time": 0.05750608444213867
    },
    "6": {
        "trees_by_client": 70,
        "first_server_serialise_trees_size": 64330,
        "fit_time": 1.4899678230285645,
        "client_serialise_trees_size": 2310887,
        "final_server_serialise_trees_size": 11934799,
        "f1_score": 0.9483556329275482,
        "mcc": 0.9729701065994939,
        "accuracy": 0.9763717511157785,
        "precision": 0.9428593355966219,
        "recall": 0.9550006692134522,
        "confusion_matrix": [
            [
                1.0,
                0.0,
                0.0,
                0.0,
                0.0,
                0.0,
                0.0,
                0.0,
                0.0,
                0.0
            ],
            [
                0.0,
                0.9721518987341772,
                0.0,
                0.002531645569620253,
                0.002531645569620253,
                0.005063291139240506,
                0.0,
                0.012658227848101266,
                0.0,
                0.005063291139240506
            ],
            [
                0.0,
                0.0024509803921568627,
                0.9730392156862745,
                0.004901960784313725,
                0.004901960784313725,
                0.0024509803921568627,
                0.0,
                0.0,
                0.00980392156862745,
                0.0024509803921568627
            ],
            [
                0.0,
                0.007518796992481203,
                0.0,
                0.9624060150375939,
                0.0,
                0.0,
                0.0,
                0.0,
                0.010025062656641603,
                0.020050125313283207
            ],
            [
                0.0,
                0.0,
                0.0,
                0.045454545454545456,
                0.7727272727272727,
                0.13636363636363635,
                0.0,
                0.0,
                0.0,
                0.045454545454545456
            ],
            [
                0.0,
                0.0011467889908256881,
                0.0,
                0.0022935779816513763,
                0.0011467889908256881,
                0.9885321100917431,
                0.0011467889908256881,
                0.0011467889908256881,
                0.0,
                0.0045871559633027525
            ],
            [
                0.0,
                0.0,
                0.0,
                0.0,
                0.005420054200542005,
                0.0,
                0.989159891598916,
                0.0,
                0.0,
                0.005420054200542005
            ],
            [
                0.0,
                0.0,
                0.0,
                0.0,
                0.0,
                0.0,
                0.0,
                0.9761092150170648,
                0.0,
                0.023890784982935155
            ],
            [
                0.0,
                0.0,
                0.005076142131979695,
                0.0,
                0.007614213197969543,
                0.0,
                0.0,
                0.0,
                0.9873096446700508,
                0.0
            ],
            [
                0.0,
                0.0,
                0.0,
                0.012987012987012988,
                0.0,
                0.00974025974025974,
                0.0,
                0.048701298701298704,
                0.0,
                0.9285714285714286
            ]
        ],
        "confusion_matrix_labels": [
            "backdoor",
            "ddos",
            "dos",
            "injection",
            "mitm",
            "normal",
            "password",
            "ransomware",
            "scanning",
            "xss"
        ],
        "round_time": 10.956578493118286,
        "round_start_time": 1771800969.5557666,
        "round_end_time": 1771800980.512345,
        "evaluate_time": 0.895899772644043,
        "inference_time": 0.08958601951599121
    },
    "7": {
        "trees_by_client": 80,
        "first_server_serialise_trees_size": 74961,
        "fit_time": 1.7228708267211914,
        "client_serialise_trees_size": 2669328,
        "final_server_serialise_trees_size": 13569522,
        "f1_score": 0.950014264383157,
        "mcc": 0.9732731396411717,
        "accuracy": 0.976634287214492,
        "precision": 0.9453243559288967,
        "recall": 0.9554644727456438,
        "confusion_matrix": [
            [
                1.0,
                0.0,
                0.0,
                0.0,
                0.0,
                0.0,
                0.0,
                0.0,
                0.0,
                0.0
            ],
            [
                0.0,
                0.9721518987341772,
                0.0,
                0.002531645569620253,
                0.002531645569620253,
                0.005063291139240506,
                0.0,
                0.012658227848101266,
                0.0,
                0.005063291139240506
            ],
            [
                0.0,
                0.0024509803921568627,
                0.9730392156862745,
                0.004901960784313725,
                0.004901960784313725,
                0.0024509803921568627,
                0.0,
                0.0,
                0.00980392156862745,
                0.0024509803921568627
            ],
            [
                0.0,
                0.007518796992481203,
                0.0,
                0.9624060150375939,
                0.0,
                0.0,
                0.0,
                0.0,
                0.010025062656641603,
                0.020050125313283207
            ],
            [
                0.0,
                0.0,
                0.0,
                0.045454545454545456,
                0.7727272727272727,
                0.13636363636363635,
                0.0,
                0.0,
                0.0,
                0.045454545454545456
            ],
            [
                0.0,
                0.0011467889908256881,
                0.0,
                0.0022935779816513763,
                0.0011467889908256881,
                0.9873853211009175,
                0.0011467889908256881,
                0.0011467889908256881,
                0.0,
                0.005733944954128441
            ],
            [
                0.0,
                0.0,
                0.0,
                0.0,
                0.005420054200542005,
                0.0,
                0.989159891598916,
                0.0,
                0.0,
                0.005420054200542005
            ],
            [
                0.0,
                0.0,
                0.0,
                0.0,
                0.0,
                0.0,
                0.0,
                0.9761092150170648,
                0.0,
                0.023890784982935155
            ],
            [
                0.0,
                0.0,
                0.005076142131979695,
                0.0,
                0.005076142131979695,
                0.0,
                0.0,
                0.0,
                0.9898477157360406,
                0.0
            ],
            [
                0.0,
                0.0,
                0.0,
                0.012987012987012988,
                0.0,
                0.006493506493506494,
                0.0,
                0.048701298701298704,
                0.0,
                0.9318181818181818
            ]
        ],
        "confusion_matrix_labels": [
            "backdoor",
            "ddos",
            "dos",
            "injection",
            "mitm",
            "normal",
            "password",
            "ransomware",
            "scanning",
            "xss"
        ],
        "round_time": 15.021301507949829,
        "round_start_time": 1771800995.7470512,
        "round_end_time": 1771801010.7683527,
        "evaluate_time": 0.31421375274658203,
        "inference_time": 0.025742530822753906
    },
    "8": {
        "trees_by_client": 90,
        "first_server_serialise_trees_size": 86122,
        "fit_time": 1.7488234043121338,
        "client_serialise_trees_size": 2999339,
        "final_server_serialise_trees_size": 15299490,
        "f1_score": 0.9503123115083645,
        "mcc": 0.9735747269704075,
        "accuracy": 0.9768968233132056,
        "precision": 0.9456052296256526,
        "recall": 0.9557891480703191,
        "confusion_matrix": [
            [
                1.0,
                0.0,
                0.0,
                0.0,
                0.0,
                0.0,
                0.0,
                0.0,
                0.0,
                0.0
            ],
            [
                0.0,
                0.9721518987341772,
                0.0,
                0.005063291139240506,
                0.002531645569620253,
                0.005063291139240506,
                0.0,
                0.012658227848101266,
                0.0,
                0.002531645569620253
            ],
            [
                0.0,
                0.0024509803921568627,
                0.9730392156862745,
                0.004901960784313725,
                0.004901960784313725,
                0.0024509803921568627,
                0.0,
                0.0,
                0.00980392156862745,
                0.0024509803921568627
            ],
            [
                0.0,
                0.007518796992481203,
                0.0,
                0.9624060150375939,
                0.0,
                0.0,
                0.0,
                0.0,
                0.010025062656641603,
                0.020050125313283207
            ],
            [
                0.0,
                0.0,
                0.0,
                0.045454545454545456,
                0.7727272727272727,
                0.13636363636363635,
                0.0,
                0.0,
                0.0,
                0.045454545454545456
            ],
            [
                0.0,
                0.0,
                0.0,
                0.0022935779816513763,
                0.0011467889908256881,
                0.9873853211009175,
                0.0011467889908256881,
                0.0011467889908256881,
                0.0,
                0.006880733944954129
            ],
            [
                0.0,
                0.0,
                0.0,
                0.0,
                0.005420054200542005,
                0.0,
                0.989159891598916,
                0.0,
                0.0,
                0.005420054200542005
            ],
            [
                0.0,
                0.0,
                0.0,
                0.0,
                0.0,
                0.0,
                0.0,
                0.9761092150170648,
                0.0,
                0.023890784982935155
            ],
            [
                0.0,
                0.0,
                0.005076142131979695,
                0.0,
                0.005076142131979695,
                0.0,
                0.0,
                0.0,
                0.9898477157360406,
                0.0
            ],
            [
                0.0,
                0.0,
                0.0,
                0.00974025974025974,
                0.0,
                0.006493506493506494,
                0.0,
                0.048701298701298704,
                0.0,
                0.935064935064935
            ]
        ],
        "confusion_matrix_labels": [
            "backdoor",
            "ddos",
            "dos",
            "injection",
            "mitm",
            "normal",
            "password",
            "ransomware",
            "scanning",
            "xss"
        ],
        "round_time": 12.874062299728394,
        "round_start_time": 1771801025.8529427,
        "round_end_time": 1771801038.727005,
        "evaluate_time": 1.0973875522613525,
        "inference_time": 0.06814718246459961
    },
    "9": {
        "trees_by_client": 100,
        "first_server_serialise_trees_size": 96092,
        "fit_time": 2.2611467838287354,
        "client_serialise_trees_size": 3328593,
        "final_server_serialise_trees_size": 17038467,
        "f1_score": 0.9502245127483002,
        "mcc": 0.973572040202762,
        "accuracy": 0.9768968233132056,
        "precision": 0.9456269829883777,
        "recall": 0.9555791516447265,
        "confusion_matrix": [
            [
                1.0,
                0.0,
                0.0,
                0.0,
                0.0,
                0.0,
                0.0,
                0.0,
                0.0,
                0.0
            ],
            [
                0.0,
                0.9721518987341772,
                0.0,
                0.005063291139240506,
                0.002531645569620253,
                0.005063291139240506,
                0.0,
                0.012658227848101266,
                0.0,
                0.002531645569620253
            ],
            [
                0.0,
                0.0024509803921568627,
                0.9730392156862745,
                0.004901960784313725,
                0.004901960784313725,
                0.0024509803921568627,
                0.0,
                0.0,
                0.00980392156862745,
                0.0024509803921568627
            ],
            [
                0.0,
                0.007518796992481203,
                0.0,
                0.9624060150375939,
                0.0,
                0.0,
                0.0,
                0.0,
                0.010025062656641603,
                0.020050125313283207
            ],
            [
                0.0,
                0.0,
                0.0,
                0.045454545454545456,
                0.7727272727272727,
                0.13636363636363635,
                0.0,
                0.0,
                0.0,
                0.045454545454545456
            ],
            [
                0.0,
                0.0,
                0.0,
                0.0022935779816513763,
                0.0011467889908256881,
                0.9885321100917431,
                0.0011467889908256881,
                0.0011467889908256881,
                0.0,
                0.005733944954128441
            ],
            [
                0.0,
                0.0,
                0.0,
