{
    "0": {
        "trees_by_client": 10,
        "first_server_serialise_trees_size": 9282,
        "fit_time": 0.07035398483276367,
        "client_serialise_trees_size": 261584,
        "final_server_serialise_trees_size": 1331549,
        "f1_score": 0.9709154141274338,
        "mcc": 0.9547799455173493,
        "accuracy": 0.9645203679369251,
        "precision": 0.9720997291810666,
        "recall": 0.9709643864698285,
        "confusion_matrix": [
            [
                0.9825282631038027,
                0.0,
                0.017471736896197326,
                0.0,
                0.0,
                0.0
            ],
            [
                0.005420054200542005,
                0.983739837398374,
                0.005420054200542005,
                0.0,
                0.005420054200542005,
                0.0
            ],
            [
                0.024429967426710098,
                0.0016286644951140066,
                0.9641693811074918,
                0.0,
                0.009771986970684038,
                0.0
            ],
            [
                0.0,
                0.0,
                0.0,
                1.0,
                0.0,
                0.0
            ],
            [
                0.0,
                0.013289036544850499,
                0.09136212624584718,
                0.0,
                0.8953488372093024,
                0.0
            ],
            [
                0.0,
                0.0,
                0.0,
                0.0,
                0.0,
                1.0
            ]
        ],
        "confusion_matrix_labels": [
            "DoS/DDoS",
            "Info_Gathering",
            "Injection",
            "MITM",
            "Malware",
            "Normal"
        ],
        "round_time": 36.72601628303528,
        "round_start_time": 1771783465.2511885,
        "round_end_time": 1771783501.9772048,
        "evaluate_time": 0.16670846939086914,
        "inference_time": 0.03689265251159668
    },
    "1": {
        "trees_by_client": 20,
        "first_server_serialise_trees_size": 9435,
        "fit_time": 0.2698936462402344,
        "client_serialise_trees_size": 513869,
        "final_server_serialise_trees_size": 2612964,
        "f1_score": 0.9720227260019773,
        "mcc": 0.9565911127101392,
        "accuracy": 0.9658344283837057,
        "precision": 0.9736440826101075,
        "recall": 0.972039341108907,
        "confusion_matrix": [
            [
                0.9825282631038027,
                0.0,
                0.017471736896197326,
                0.0,
                0.0,
                0.0
            ],
            [
                0.005420054200542005,
                0.983739837398374,
                0.005420054200542005,
                0.0,
                0.005420054200542005,
                0.0
            ],
            [
                0.024429967426710098,
                0.0016286644951140066,
                0.9739413680781759,
                0.0,
                0.0,
                0.0
            ],
            [
                0.0,
                0.0,
                0.0,
                1.0,
                0.0,
                0.0
            ],
            [
                0.0,
                0.013289036544850499,
                0.0946843853820598,
                0.0,
                0.8920265780730897,
                0.0
            ],
            [
                0.0,
                0.0,
                0.0,
                0.0,
                0.0,
                1.0
            ]
        ],
        "confusion_matrix_labels": [
            "DoS/DDoS",
            "Info_Gathering",
            "Injection",
            "MITM",
            "Malware",
            "Normal"
        ],
        "round_time": 4.100262880325317,
        "round_start_time": 1771783517.853025,
        "round_end_time": 1771783521.9532878,
        "evaluate_time": 0.10736274719238281,
        "inference_time": 0.007269144058227539
    },
    "2": {
        "trees_by_client": 30,
        "first_server_serialise_trees_size": 18931,
        "fit_time": 0.22247838973999023,
        "client_serialise_trees_size": 791646,
        "final_server_serialise_trees_size": 4037998,
        "f1_score": 0.9731212814196231,
        "mcc": 0.9582178595784882,
        "accuracy": 0.9671484888304862,
        "precision": 0.9745314644828733,
        "recall": 0.973146760820978,
        "confusion_matrix": [
            [
                0.9825282631038027,
                0.0,
                0.017471736896197326,
                0.0,
                0.0,
                0.0
            ],
            [
                0.005420054200542005,
                0.983739837398374,
                0.005420054200542005,
                0.0,
                0.005420054200542005,
                0.0
            ],
            [
                0.024429967426710098,
                0.0016286644951140066,
                0.9739413680781759,
                0.0,
                0.0,
                0.0
            ],
            [
                0.0,
                0.0,
                0.0,
                1.0,
                0.0,
                0.0
            ],
            [
                0.0,
                0.013289036544850499,
                0.08803986710963455,
                0.0,
                0.8986710963455149,
                0.0
            ],
            [
                0.0,
                0.0,
                0.0,
                0.0,
                0.0,
                1.0
            ]
        ],
        "confusion_matrix_labels": [
            "DoS/DDoS",
            "Info_Gathering",
            "Injection",
            "MITM",
            "Malware",
            "Normal"
        ],
        "round_time": 3.276819944381714,
        "round_start_time": 1771783537.0111284,
        "round_end_time": 1771783540.2879484,
        "evaluate_time": 0.28927111625671387,
        "inference_time": 0.022287368774414062
    },
    "3": {
        "trees_by_client": 40,
        "first_server_serialise_trees_size": 28391,
        "fit_time": 0.5294644832611084,
        "client_serialise_trees_size": 1060058,
        "final_server_serialise_trees_size": 5518043,
        "f1_score": 0.9717478787734225,
        "mcc": 0.9561850536754708,
        "accuracy": 0.9655059132720105,
        "precision": 0.9734238614206121,
        "recall": 0.9717624861808893,
        "confusion_matrix": [
            [
                0.9825282631038027,
                0.0,
                0.017471736896197326,
                0.0,
                0.0,
                0.0
            ],
            [
                0.005420054200542005,
                0.983739837398374,
                0.005420054200542005,
                0.0,
                0.005420054200542005,
                0.0
            ],
            [
                0.024429967426710098,
                0.0016286644951140066,
                0.9739413680781759,
                0.0,
                0.0,
                0.0
            ],
            [
                0.0,
                0.0,
                0.0,
                1.0,
                0.0,
                0.0
            ],
            [
                0.0,
                0.013289036544850499,
                0.09634551495016612,
                0.0,
                0.8903654485049833,
                0.0
            ],
            [
                0.0,
                0.0,
                0.0,
                0.0,
                0.0,
                1.0
            ]
        ],
        "confusion_matrix_labels": [
            "DoS/DDoS",
            "Info_Gathering",
            "Injection",
            "MITM",
            "Malware",
            "Normal"
        ],
        "round_time": 4.869232177734375,
        "round_start_time": 1771783555.4092095,
        "round_end_time": 1771783560.2784417,
        "evaluate_time": 0.3091864585876465,
        "inference_time": 0.028701066970825195
    },
    "4": {
        "trees_by_client": 50,
        "first_server_serialise_trees_size": 37641,
        "fit_time": 0.6752235889434814,
        "client_serialise_trees_size": 1310879,
        "final_server_serialise_trees_size": 6582358,
        "f1_score": 0.9717478787734225,
        "mcc": 0.9561850536754708,
        "accuracy": 0.9655059132720105,
        "precision": 0.9734238614206121,
        "recall": 0.9717624861808893,
        "confusion_matrix": [
            [
                0.9825282631038027,
                0.0,
                0.017471736896197326,
                0.0,
                0.0,
                0.0
            ],
            [
                0.005420054200542005,
                0.983739837398374,
                0.005420054200542005,
                0.0,
                0.005420054200542005,
                0.0
            ],
            [
                0.024429967426710098,
                0.0016286644951140066,
                0.9739413680781759,
                0.0,
                0.0,
                0.0
            ],
            [
                0.0,
                0.0,
                0.0,
                1.0,
                0.0,
                0.0
            ],
            [
                0.0,
                0.013289036544850499,
                0.09634551495016612,
                0.0,
                0.8903654485049833,
                0.0
            ],
            [
                0.0,
                0.0,
                0.0,
                0.0,
                0.0,
                1.0
            ]
        ],
        "confusion_matrix_labels": [
            "DoS/DDoS",
            "Info_Gathering",
            "Injection",
            "MITM",
            "Malware",
            "Normal"
        ],
        "round_time": 5.349400043487549,
        "round_start_time": 1771783575.4399285,
        "round_end_time": 1771783580.7893286,
        "evaluate_time": 0.31300806999206543,
        "inference_time": 0.03412628173828125
    },
    "5": {
        "trees_by_client": 60,
        "first_server_serialise_trees_size": 47518,
        "fit_time": 0.8857049942016602,
        "client_serialise_trees_size": 1544314,
        "final_server_serialise_trees_size": 8031329,
        "f1_score": 0.9731212814196231,
        "mcc": 0.9582178595784882,
        "accuracy": 0.9671484888304862,
        "precision": 0.9745314644828733,
        "recall": 0.973146760820978,
        "confusion_matrix": [
            [
                0.9825282631038027,
                0.0,
                0.017471736896197326,
                0.0,
                0.0,
                0.0
            ],
            [
                0.005420054200542005,
                0.983739837398374,
                0.005420054200542005,
                0.0,
                0.005420054200542005,
                0.0
            ],
            [
                0.024429967426710098,
                0.0016286644951140066,
                0.9739413680781759,
                0.0,
                0.0,
                0.0
            ],
            [
                0.0,
                0.0,
                0.0,
                1.0,
                0.0,
                0.0
            ],
            [
                0.0,
                0.013289036544850499,
                0.08803986710963455,
                0.0,
                0.8986710963455149,
                0.0
            ],
            [
                0.0,
                0.0,
                0.0,
                0.0,
                0.0,
                1.0
            ]
        ],
        "confusion_matrix_labels": [
            "DoS/DDoS",
            "Info_Gathering",
            "Injection",
            "MITM",
            "Malware",
            "Normal"
        ],
        "round_time": 6.338666915893555,
        "round_start_time": 1771783595.9489653,
        "round_end_time": 1771783602.2876322,
        "evaluate_time": 0.33237338066101074,
        "inference_time": 0.03320741653442383
    },
    "6": {
        "trees_by_client": 70,
        "first_server_serialise_trees_size": 56943,
        "fit_time": 0.9920103549957275,
        "client_serialise_trees_size": 1870027,
        "final_server_serialise_trees_size": 9304384,
        "f1_score": 0.9733957176251499,
        "mcc": 0.9586251755327968,
        "accuracy": 0.9674770039421814,
        "precision": 0.9747549490089553,
        "recall": 0.9734236157489956,
        "confusion_matrix": [
            [
                0.9825282631038027,
                0.0,
                0.017471736896197326,
                0.0,
                0.0,
                0.0
            ],
            [
                0.005420054200542005,
                0.983739837398374,
                0.005420054200542005,
                0.0,
                0.005420054200542005,
                0.0
            ],
            [
                0.024429967426710098,
                0.0016286644951140066,
                0.9739413680781759,
                0.0,
                0.0,
                0.0
            ],
            [
                0.0,
                0.0,
                0.0,
                1.0,
                0.0,
                0.0
            ],
            [
                0.0,
                0.013289036544850499,
                0.08637873754152824,
                0.0,
                0.9003322259136213,
                0.0
            ],
            [
                0.0,
                0.0,
                0.0,
                0.0,
                0.0,
                1.0
            ]
        ],
        "confusion_matrix_labels": [
            "DoS/DDoS",
            "Info_Gathering",
            "Injection",
            "MITM",
            "Malware",
            "Normal"
        ],
        "round_time": 6.996993064880371,
        "round_start_time": 1771783617.4119682,
        "round_end_time": 1771783624.4089613,
        "evaluate_time": 0.2851850986480713,
        "inference_time": 0.03003382682800293
    },
    "7": {
        "trees_by_client": 80,
        "first_server_serialise_trees_size": 66083,
        "fit_time": 0.9758119583129883,
        "client_serialise_trees_size": 2100078,
        "final_server_serialise_trees_size": 10469393,
        "f1_score": 0.9717478787734225,
        "mcc": 0.9561850536754708,
        "accuracy": 0.9655059132720105,
        "precision": 0.9734238614206121,
        "recall": 0.9717624861808893,
        "confusion_matrix": [
            [
                0.9825282631038027,
                0.0,
                0.017471736896197326,
                0.0,
                0.0,
                0.0
            ],
            [
                0.005420054200542005,
                0.983739837398374,
                0.005420054200542005,
                0.0,
                0.005420054200542005,
                0.0
            ],
            [
                0.024429967426710098,
                0.0016286644951140066,
                0.9739413680781759,
                0.0,
                0.0,
                0.0
            ],
            [
                0.0,
                0.0,
                0.0,
                1.0,
                0.0,
                0.0
            ],
            [
                0.0,
                0.013289036544850499,
                0.09634551495016612,
                0.0,
                0.8903654485049833,
                0.0
            ],
            [
                0.0,
                0.0,
                0.0,
                0.0,
                0.0,
                1.0
            ]
        ],
        "confusion_matrix_labels": [
            "DoS/DDoS",
            "Info_Gathering",
            "Injection",
            "MITM",
            "Malware",
            "Normal"
        ],
        "round_time": 8.244966506958008,
        "round_start_time": 1771783639.5289228,
        "round_end_time": 1771783647.7738893,
        "evaluate_time": 0.41422104835510254,
        "inference_time": 0.0462803840637207
    },
    "8": {
        "trees_by_client": 90,
        "first_server_serialise_trees_size": 75506,
        "fit_time": 0.9819574356079102,
        "client_serialise_trees_size": 2401106,
        "final_server_serialise_trees_size": 11948646,
        "f1_score": 0.9722959866348617,
        "mcc": 0.9569659407403661,
        "accuracy": 0.9661629434954008,
        "precision": 0.9737527499837775,
        "recall": 0.9723216068824234,
        "confusion_matrix": [
            [
                0.9825282631038027,
                0.0,
                0.017471736896197326,
                0.0,
                0.0,
                0.0
            ],
            [
                0.005420054200542005,
                0.983739837398374,
                0.005420054200542005,
                0.0,
                0.005420054200542005,
                0.0
            ],
            [
                0.024429967426710098,
                0.0016286644951140066,
                0.9723127035830619,
                0.0,
                0.0016286644951140066,
                0.0
            ],
            [
                0.0,
                0.0,
                0.0,
                1.0,
                0.0,
                0.0
            ],
            [
                0.0,
                0.013289036544850499,
                0.09136212624584718,
                0.0,
                0.8953488372093024,
                0.0
            ],
            [
                0.0,
                0.0,
                0.0,
                0.0,
                0.0,
                1.0
            ]
        ],
        "confusion_matrix_labels": [
            "DoS/DDoS",
            "Info_Gathering",
            "Injection",
            "MITM",
            "Malware",
            "Normal"
        ],
        "round_time": 8.477747678756714,
        "round_start_time": 1771783662.9395976,
        "round_end_time": 1771783671.4173453,
        "evaluate_time": 0.41449713706970215,
        "inference_time": 0.06425356864929199
    },
    "9": {
        "trees_by_client": 100,
        "first_server_serialise_trees_size": 85017,
        "fit_time": 1.4397051334381104,
        "client_serialise_trees_size": 2660384,
        "final_server_serialise_trees_size": 13185110,
        "f1_score": 0.9728467652984808,
        "mcc": 0.957810795630624,
        "accuracy": 0.966819973718791,
        "precision": 0.9743086385530955,
        "recall": 0.9728699058929603,
        "confusion_matrix": [
            [
                0.9825282631038027,
                0.0,
                0.017471736896197326,
                0.0,
                0.0,
                0.0
            ],
            [
                0.005420054200542005,
                0.983739837398374,
                0.005420054200542005,
                0.0,
                0.005420054200542005,
                0.0
            ],
            [
                0.024429967426710098,
                0.0016286644951140066,
                0.9739413680781759,
                0.0,
                0.0,
                0.0
            ],
            [
                0.0,
                0.0,
                0.0,
                1.0,
                0.0,
                0.0
            ],
            [
                0.0,
                0.013289036544850499,
                0.08970099667774087,
                0.0,
                0.8970099667774086,
                0.0
            ],
            [
                0.0,
                0.0,
                0.0,
                0.0,
                0.0,
                1.0
            ]
        ],
        "confusion_matrix_labels": [
            "DoS/DDoS",
            "Info_Gathering",
            "Injection",
            "MITM",
            "Malware",
            "Normal"
        ],
        "round_time": 9.647488594055176,
        "round_start_time": 1771783686.6050186,
        "round_end_time": 1771783696.2525072,
        "evaluate_time": 0.5144147872924805,
        "inference_time": 0.0533447265625
    },
    "10": {
        "trees_by_client": 110,
        "first_server_serialise_trees_size": 94613,
        "fit_time": 1.3219292163848877,
        "client_serialise_trees_size": 2922285,
        "final_server_serialise_trees_size": 14462897,
        "f1_score": 0.9731212814196231,
        "mcc": 0.9582178595784882,
        "accuracy": 0.9671484888304862,
        "precision": 0.9745314644828733,
        "recall": 0.973146760820978,
        "confusion_matrix": [
            [
                0.9825282631038027,
                0.0,
                0.017471736896197326,
                0.0,
                0.0,
                0.0
            ],
            [
                0.005420054200542005,
                0.983739837398374,
                0.005420054200542005,
                0.0,
                0.005420054200542005,
                0.0
            ],
            [
                0.024429967426710098,
                0.0016286644951140066,
                0.9739413680781759,
                0.0,
                0.0,
                0.0
            ],
            [
                0.0,
                0.0,
                0.0,
                1.0,
                0.0,
                0.0
            ],
            [
                0.0,
                0.013289036544850499,
                0.08803986710963455,
                0.0,
                0.8986710963455149,
                0.0
            ],
            [
                0.0,
                0.0,
                0.0,
                0.0,
                0.0,
                1.0
            ]
        ],
        "confusion_matrix_labels": [
            "DoS/DDoS",
            "Info_Gathering",
            "Injection",
            "MITM",
            "Malware",
            "Normal"
        ],
        "round_time": 10.313123941421509,
        "round_start_time": 1771783711.3989675,
        "round_end_time": 1771783721.7120914,
        "evaluate_time": 0.5245199203491211,
        "inference_time": 0.0731191635131836
    },
    "11": {
        "trees_by_client": 120,
        "first_server_serialise_trees_size": 104004,
        "fit_time": 1.5928962230682373,
        "client_serialise_trees_size": 3153336,
        "final_server_serialise_trees_size": 15867846,
        "f1_score": 0.9725721681183362,
        "mcc": 0.9574039833773503,
        "accuracy": 0.966491458607096,
        "precision": 0.9740864682377799,
        "recall": 0.9725930509649424,
        "confusion_matrix": [
            [
                0.9825282631038027,
                0.0,
                0.017471736896197326,
                0.0,
                0.0,
                0.0
            ],
            [
                0.005420054200542005,
                0.983739837398374,
                0.005420054200542005,
                0.0,
                0.005420054200542005,
                0.0
            ],
            [
                0.024429967426710098,
                0.0016286644951140066,
                0.9739413680781759,
                0.0,
                0.0,
                0.0
            ],
            [
                0.0,
                0.0,
                0.0,
                1.0,
                0.0,
                0.0
            ],
            [
                0.0,
                0.013289036544850499,
                0.09136212624584718,
                0.0,
                0.8953488372093024,
                0.0
            ],
            [
                0.0,
                0.0,
                0.0,
                0.0,
                0.0,
                1.0
            ]
        ],
        "confusion_matrix_labels": [
            "DoS/DDoS",
            "Info_Gathering",
            "Injection",
            "MITM",
            "Malware",
            "Normal"
        ],
        "round_time": 11.02419400215149,
        "round_start_time": 1771783736.9310238,
        "round_end_time": 1771783747.9552178,
        "evaluate_time": 0.6075036525726318,
        "inference_time": 0.06144261360168457
    },
    "12": {
        "trees_by_client": 130,
        "first_server_serialise_trees_size": 113416,
        "fit_time": 1.6694467067718506,
        "client_serialise_trees_size": 3445046,
        "final_server_serialise_trees_size": 17425310,
        "f1_score": 0.9717478787734225,
        "mcc": 0.9561850536754708,
        "accuracy": 0.9655059132720105,
        "precision": 0.9734238614206121,
        "recall": 0.9717624861808893,
        "confusion_matrix": [
            [
                0.9825282631038027,
                0.0,
                0.017471736896197326,
                0.0,
                0.0,
                0.0
            ],
            [
                0.005420054200542005,
                0.983739837398374,
                0.005420054200542005,
                0.0,
                0.005420054200542005,
                0.0
            ],
            [
                0.024429967426710098,
                0.0016286644951140066,
                0.9739413680781759,
                0.0,
                0.0,
                0.0
            ],
            [
                0.0,
                0.0,
                0.0,
                1.0,
                0.0,
                0.0
            ],
            [
                0.0,
                0.013289036544850499,
                0.09634551495016612,
                0.0,
                0.8903654485049833,
                0.0
            ],
            [
                0.0,
                0.0,
                0.0,
                0.0,
                0.0,
                1.0
            ]
        ],
        "confusion_matrix_labels": [
            "DoS/DDoS",
            "Info_Gathering",
            "Injection",
            "MITM",
            "Malware",
            "Normal"
        ],
        "round_time": 11.757546663284302,
        "round_start_time": 1771783763.157949,
        "round_end_time": 1771783774.9154956,
        "evaluate_time": 0.6867742538452148,
        "inference_time": 0.0657658576965332
    },
    "13": {
        "trees_by_client": 140,
        "first_server_serialise_trees_size": 123628,
        "fit_time": 1.8516135215759277,
        "client_serialise_trees_size": 3770752,
        "final_server_serialise_trees_size": 18590080,
        "f1_score": 0.972297488734703,
        "mcc": 0.9569974225074095,
        "accuracy": 0.9661629434954008,
        "precision": 0.9738649505724989,
        "recall": 0.9723161960369248,
        "confusion_matrix": [
            [
                0.9825282631038027,
                0.0,
                0.017471736896197326,
                0.0,
                0.0,
                0.0
            ],
            [
                0.005420054200542005,
                0.983739837398374,
                0.005420054200542005,
                0.0,
                0.005420054200542005,
                0.0
            ],
            [
                0.024429967426710098,
                0.0016286644951140066,
                0.9739413680781759,
                0.0,
                0.0,
                0.0
            ],
            [
                0.0,
                0.0,
                0.0,
                1.0,
                0.0,
                0.0
            ],
            [
                0.0,
                0.013289036544850499,
                0.09302325581395349,
                0.0,
                0.893687707641196,
                0.0
            ],
            [
                0.0,
                0.0,
                0.0,
                0.0,
                0.0,
                1.0
            ]
        ],
        "confusion_matrix_labels": [
            "DoS/DDoS",
            "Info_Gathering",
            "Injection",
            "MITM",
            "Malware",
            "Normal"
        ],
        "round_time": 12.223467350006104,
        "round_start_time": 1771783790.0479898,
        "round_end_time": 1771783802.2714572,
        "evaluate_time": 0.6537795066833496,
        "inference_time": 0.10144519805908203
    },
    "14": {
        "trees_by_client": 150,
        "first_server_serialise_trees_size": 131453,
        "fit_time": 1.44461989402771,
        "client_serialise_trees_size": 3976124,
        "final_server_serialise_trees_size": 19675828,
        "f1_score": 0.9733957176251499,
        "mcc": 0.9586251755327968,
        "accuracy": 0.9674770039421814,
        "precision": 0.9747549490089553,
        "recall": 0.9734236157489956,
        "confusion_matrix": [
            [
                0.9825282631038027,
                0.0,
                0.017471736896197326,
                0.0,
                0.0,
                0.0
            ],
            [
                0.005420054200542005,
                0.983739837398374,
                0.005420054200542005,
                0.0,
                0.005420054200542005,
                0.0
            ],
            [
                0.024429967426710098,
                0.0016286644951140066,
                0.9739413680781759,
                0.0,
                0.0,
                0.0
            ],
            [
                0.0,
                0.0,
                0.0,
                1.0,
                0.0,
                0.0
            ],
            [
                0.0,
                0.013289036544850499,
                0.08637873754152824,
                0.0,
                0.9003322259136213,
                0.0
            ],
            [
                0.0,
                0.0,
                0.0,
                0.0,
                0.0,
                1.0
            ]
        ],
        "confusion_matrix_labels": [
            "DoS/DDoS",
            "Info_Gathering",
            "Injection",
            "MITM",
            "Malware",
            "Normal"
        ],
        "round_time": 12.987071514129639,
        "round_start_time": 1771783817.469415,
        "round_end_time": 1771783830.4564865,
        "evaluate_time": 0.5913839340209961,
        "inference_time": 0.08686041831970215
    },
    "15": {
        "trees_by_client": 160,
        "first_server_serialise_trees_size": 141657,
        "fit_time": 2.2803585529327393,
        "client_serialise_trees_size": 4282081,
        "final_server_serialise_trees_size": 21160140,
        "f1_score": 0.9725721681183362,
        "mcc": 0.9574039833773503,
        "accuracy": 0.966491458607096,
        "precision": 0.9740864682377799,
        "recall": 0.9725930509649424,
        "confusion_matrix": [
            [
                0.9825282631038027,
                0.0,
                0.017471736896197326,
                0.0,
                0.0,
                0.0
            ],
            [
                0.005420054200542005,
                0.983739837398374,
                0.005420054200542005,
                0.0,
                0.005420054200542005,
                0.0
            ],
            [
                0.024429967426710098,
                0.0016286644951140066,
                0.9739413680781759,
                0.0,
                0.0,
                0.0
            ],
            [
                0.0,
                0.0,
                0.0,
                1.0,
                0.0,
                0.0
            ],
            [
                0.0,
                0.013289036544850499,
                0.09136212624584718,
                0.0,
                0.8953488372093024,
                0.0
            ],
            [
                0.0,
                0.0,
                0.0,
                0.0,
                0.0,
                1.0
            ]
        ],
        "confusion_matrix_labels": [
            "DoS/DDoS",
            "Info_Gathering",
            "Injection",
            "MITM",
            "Malware",
            "Normal"
        ],
        "round_time": 14.711184024810791,
        "round_start_time": 1771783845.630811,
        "round_end_time": 1771783860.341995,
        "evaluate_time": 0.6827278137207031,
        "inference_time": 0.0819847583770752
    },
    "16": {
        "trees_by_client": 170,
        "first_server_serialise_trees_size": 150750,
        "fit_time": 1.662607192993164,
        "client_serialise_trees_size": 4553524,
        "final_server_serialise_trees_size": 22569413,
        "f1_score": 0.9720227260019773,
        "mcc": 0.9565911127101392,
        "accuracy": 0.9658344283837057,
        "precision": 0.9736440826101075,
        "recall": 0.972039341108907,
        "confusion_matrix": [
            [
                0.9825282631038027,
                0.0,
                0.017471736896197326,
                0.0,
                0.0,
                0.0
            ],
            [
                0.005420054200542005,
                0.983739837398374,
                0.005420054200542005,
                0.0,
                0.005420054200542005,
                0.0
            ],
            [
                0.024429967426710098,
                0.0016286644951140066,
                0.9739413680781759,
                0.0,
                0.0,
                0.0
            ],
            [
                0.0,
                0.0,
                0.0,
                1.0,
                0.0,
                0.0
            ],
            [
                0.0,
                0.013289036544850499,
                0.0946843853820598,
                0.0,
                0.8920265780730897,
                0.0
            ],
            [
                0.0,
                0.0,
                0.0,
                0.0,
                0.0,
                1.0
            ]
        ],
        "confusion_matrix_labels": [
            "DoS/DDoS",
            "Info_Gathering",
            "Injection",
            "MITM",
            "Malware",
            "Normal"
        ],
        "round_time": 14.773424863815308,
        "round_start_time": 1771783875.5519562,
        "round_end_time": 1771783890.325381,
        "evaluate_time": 0.7829756736755371,
        "inference_time": 0.08347344398498535
    },
    "17": {
        "trees_by_client": 180,
        "first_server_serialise_trees_size": 160974,
        "fit_time": 2.2887799739837646,
        "client_serialise_trees_size": 4797114,
        "final_server_serialise_trees_size": 23784881,
        "f1_score": 0.9720227260019773,
        "mcc": 0.9565911127101392,
        "accuracy": 0.9658344283837057,
        "precision": 0.9736440826101075,
        "recall": 0.972039341108907,
        "confusion_matrix": [
            [
                0.9825282631038027,
                0.0,
                0.017471736896197326,
                0.0,
                0.0,
                0.0
            ],
            [
                0.005420054200542005,
                0.983739837398374,
                0.005420054200542005,
                0.0,
                0.005420054200542005,
                0.0
            ],
            [
                0.024429967426710098,
                0.0016286644951140066,
                0.9739413680781759,
                0.0,
                0.0,
                0.0
            ],
            [
                0.0,
                0.0,
                0.0,
                1.0,
                0.0,
                0.0
            ],
            [
                0.0,
                0.013289036544850499,
                0.0946843853820598,
                0.0,
                0.8920265780730897,
                0.0
            ],
            [
                0.0,
                0.0,
                0.0,
                0.0,
                0.0,
                1.0
            ]
        ],
        "confusion_matrix_labels": [
            "DoS/DDoS",
            "Info_Gathering",
            "Injection",
            "MITM",
            "Malware",
            "Normal"
        ],
        "round_time": 15.198007106781006,
        "round_start_time": 1771783905.4699447,
        "round_end_time": 1771783920.6679518,
        "evaluate_time": 0.7262420654296875,
        "inference_time": 0.06833028793334961
    },
    "18": {
        "trees_by_client": 190,
        "first_server_serialise_trees_size": 171095,
        "fit_time": 1.744229793548584,
        "client_serialise_trees_size": 5020441,
        "final_server_serialise_trees_size": 24941632,
        "f1_score": 0.972297488734703,
        "mcc": 0.9569974225074095,
        "accuracy": 0.9661629434954008,
        "precision": 0.9738649505724989,
        "recall": 0.9723161960369248,
        "confusion_matrix": [
            [
                0.9825282631038027,
                0.0,
                0.017471736896197326,
                0.0,
                0.0,
                0.0
            ],
            [
                0.005420054200542005,
                0.983739837398374,
                0.005420054200542005,
                0.0,
                0.005420054200542005,
                0.0
            ],
            [
                0.024429967426710098,
                0.0016286644951140066,
                0.9739413680781759,
                0.0,
                0.0,
                0.0
            ],
            [
                0.0,
                0.0,
                0.0,
                1.0,
                0.0,
                0.0
            ],
            [
                0.0,
                0.013289036544850499,
                0.09302325581395349,
                0.0,
                0.893687707641196,
                0.0
            ],
            [
                0.0,
                0.0,
                0.0,
                0.0,
                0.0,
                1.0
            ]
        ],
        "confusion_matrix_labels": [
            "DoS/DDoS",
            "Info_Gathering",
            "Injection",
            "MITM",
            "Malware",
            "Normal"
        ],
        "round_time": 16.37893319129944,
        "round_start_time": 1771783935.8065906,
        "round_end_time": 1771783952.1855237,
        "evaluate_time": 0.565929651260376,
        "inference_time": 0.07410478591918945
    },
    "19": {
        "trees_by_client": 200,
        "first_server_serialise_trees_size": 179098,
        "fit_time": 2.827404499053955,
        "client_serialise_trees_size": 5320652,
        "final_server_serialise_trees_size": 26095457,
        "f1_score": 0.9728467652984808,
        "mcc": 0.957810795630624,
        "accuracy": 0.966819973718791,
        "precision": 0.9743086385530955,
        "recall": 0.9728699058929603,
        "confusion_matrix": [
            [
                0.9825282631038027,
                0.0,
                0.017471736896197326,
                0.0,
                0.0,
                0.0
            ],
            [
                0.005420054200542005,
                0.983739837398374,
                0.005420054200542005,
                0.0,
                0.005420054200542005,
                0.0
            ],
            [
                0.024429967426710098,
                0.0016286644951140066,
                0.9739413680781759,
                0.0,
                0.0,
                0.0
            ],
            [
                0.0,
                0.0,
                0.0,
                1.0,
                0.0,
                0.0
            ],
            [
                0.0,
                0.013289036544850499,
                0.08970099667774087,
                0.0,
                0.8970099667774086,
                0.0
            ],
            [
                0.0,
                0.0,
                0.0,
                0.0,
                0.0,
                1.0
            ]
        ],
        "confusion_matrix_labels": [
            "DoS/DDoS",
            "Info_Gathering",
