{
    "0": {
        "trees_by_client": 10,
        "first_server_serialise_trees_size": 9287,
        "fit_time": 0.06877660751342773,
        "client_serialise_trees_size": 276790,
        "final_server_serialise_trees_size": 1295103,
        "f1_score": 0.9733937814360701,
        "mcc": 0.9585957684644287,
        "accuracy": 0.9674770039421814,
        "precision": 0.9746487804975531,
        "recall": 0.9734290265944944,
        "confusion_matrix": [
            [
                0.9825282631038027,
                0.0,
                0.017471736896197326,
                0.0,
                0.0,
                0.0
            ],
            [
                0.005420054200542005,
                0.983739837398374,
                0.005420054200542005,
                0.0,
                0.005420054200542005,
                0.0
            ],
            [
                0.024429967426710098,
                0.0016286644951140066,
                0.9723127035830619,
                0.0,
                0.0016286644951140066,
                0.0
            ],
            [
                0.0,
                0.0,
                0.0,
                1.0,
                0.0,
                0.0
            ],
            [
                0.0,
                0.013289036544850499,
                0.08471760797342193,
                0.0,
                0.9019933554817275,
                0.0
            ],
            [
                0.0,
                0.0,
                0.0,
                0.0,
                0.0,
                1.0
            ]
        ],
        "confusion_matrix_labels": [
            "DoS/DDoS",
            "Info_Gathering",
            "Injection",
            "MITM",
            "Malware",
            "Normal"
        ],
        "round_time": 36.74748730659485,
        "round_start_time": 1772640343.582967,
        "round_end_time": 1772640380.3304543,
        "evaluate_time": 0.21046686172485352,
        "inference_time": 0.013114690780639648
    },
    "1": {
        "trees_by_client": 20,
        "first_server_serialise_trees_size": 9437,
        "fit_time": 0.17614078521728516,
        "client_serialise_trees_size": 514632,
        "final_server_serialise_trees_size": 2690001,
        "f1_score": 0.9736700750573628,
        "mcc": 0.9590327438060011,
        "accuracy": 0.9678055190538765,
        "precision": 0.9749790951307312,
        "recall": 0.9737004706770134,
        "confusion_matrix": [
            [
                0.9825282631038027,
                0.0,
                0.017471736896197326,
                0.0,
                0.0,
                0.0
            ],
            [
                0.005420054200542005,
                0.983739837398374,
                0.005420054200542005,
                0.0,
                0.005420054200542005,
                0.0
            ],
            [
                0.024429967426710098,
                0.0016286644951140066,
                0.9739413680781759,
                0.0,
                0.0,
                0.0
            ],
            [
                0.0,
                0.0,
                0.0,
                1.0,
                0.0,
                0.0
            ],
            [
                0.0,
                0.013289036544850499,
                0.08471760797342193,
                0.0,
                0.9019933554817275,
                0.0
            ],
            [
                0.0,
                0.0,
                0.0,
                0.0,
                0.0,
                1.0
            ]
        ],
        "confusion_matrix_labels": [
            "DoS/DDoS",
            "Info_Gathering",
            "Injection",
            "MITM",
            "Malware",
            "Normal"
        ],
        "round_time": 3.154953956604004,
        "round_start_time": 1772640396.0596716,
        "round_end_time": 1772640399.2146256,
        "evaluate_time": 0.2465519905090332,
        "inference_time": 0.01937556266784668
    },
    "2": {
        "trees_by_client": 30,
        "first_server_serialise_trees_size": 18926,
        "fit_time": 0.3437669277191162,
        "client_serialise_trees_size": 766538,
        "final_server_serialise_trees_size": 4067955,
        "f1_score": 0.9739443548574952,
        "mcc": 0.9594405647111514,
        "accuracy": 0.9681340341655716,
        "precision": 0.9752039058652722,
        "recall": 0.973977325605031,
        "confusion_matrix": [
            [
                0.9825282631038027,
                0.0,
                0.017471736896197326,
                0.0,
                0.0,
                0.0
            ],
            [
                0.005420054200542005,
                0.983739837398374,
                0.005420054200542005,
                0.0,
                0.005420054200542005,
                0.0
            ],
            [
                0.024429967426710098,
                0.0016286644951140066,
                0.9739413680781759,
                0.0,
                0.0,
                0.0
            ],
            [
                0.0,
                0.0,
                0.0,
                1.0,
                0.0,
                0.0
            ],
            [
                0.0,
                0.013289036544850499,
                0.08305647840531562,
                0.0,
                0.9036544850498339,
                0.0
            ],
            [
                0.0,
                0.0,
                0.0,
                0.0,
                0.0,
                1.0
            ]
        ],
        "confusion_matrix_labels": [
            "DoS/DDoS",
            "Info_Gathering",
            "Injection",
            "MITM",
            "Malware",
            "Normal"
        ],
        "round_time": 3.9251723289489746,
        "round_start_time": 1772640414.3485012,
        "round_end_time": 1772640418.2736735,
        "evaluate_time": 0.24919533729553223,
        "inference_time": 0.027692079544067383
    },
    "3": {
        "trees_by_client": 40,
        "first_server_serialise_trees_size": 28420,
        "fit_time": 0.5288176536560059,
        "client_serialise_trees_size": 1072674,
        "final_server_serialise_trees_size": 5409355,
        "f1_score": 0.9731212814196231,
        "mcc": 0.9582178595784882,
        "accuracy": 0.9671484888304862,
        "precision": 0.9745314644828733,
        "recall": 0.973146760820978,
        "confusion_matrix": [
            [
                0.9825282631038027,
                0.0,
                0.017471736896197326,
                0.0,
                0.0,
                0.0
            ],
            [
                0.005420054200542005,
                0.983739837398374,
                0.005420054200542005,
                0.0,
                0.005420054200542005,
                0.0
            ],
            [
                0.024429967426710098,
                0.0016286644951140066,
                0.9739413680781759,
                0.0,
                0.0,
                0.0
            ],
            [
                0.0,
                0.0,
                0.0,
                1.0,
                0.0,
                0.0
            ],
            [
                0.0,
                0.013289036544850499,
                0.08803986710963455,
                0.0,
                0.8986710963455149,
                0.0
            ],
            [
                0.0,
                0.0,
                0.0,
                0.0,
                0.0,
                1.0
            ]
        ],
        "confusion_matrix_labels": [
            "DoS/DDoS",
            "Info_Gathering",
            "Injection",
            "MITM",
            "Malware",
            "Normal"
        ],
        "round_time": 4.601088762283325,
        "round_start_time": 1772640433.4304712,
        "round_end_time": 1772640438.03156,
        "evaluate_time": 0.2683706283569336,
        "inference_time": 0.028077363967895508
    },
    "4": {
        "trees_by_client": 50,
        "first_server_serialise_trees_size": 37857,
        "fit_time": 0.5338315963745117,
        "client_serialise_trees_size": 1317086,
        "final_server_serialise_trees_size": 6677423,
        "f1_score": 0.9725721681183362,
        "mcc": 0.9574039833773503,
        "accuracy": 0.966491458607096,
        "precision": 0.9740864682377799,
        "recall": 0.9725930509649424,
        "confusion_matrix": [
            [
                0.9825282631038027,
                0.0,
                0.017471736896197326,
                0.0,
                0.0,
                0.0
            ],
            [
                0.005420054200542005,
                0.983739837398374,
                0.005420054200542005,
                0.0,
                0.005420054200542005,
                0.0
            ],
            [
                0.024429967426710098,
                0.0016286644951140066,
                0.9739413680781759,
                0.0,
                0.0,
                0.0
            ],
            [
                0.0,
                0.0,
                0.0,
                1.0,
                0.0,
                0.0
            ],
            [
                0.0,
                0.013289036544850499,
                0.09136212624584718,
                0.0,
                0.8953488372093024,
                0.0
            ],
            [
                0.0,
                0.0,
                0.0,
                0.0,
                0.0,
                1.0
            ]
        ],
        "confusion_matrix_labels": [
            "DoS/DDoS",
            "Info_Gathering",
            "Injection",
            "MITM",
            "Malware",
            "Normal"
        ],
        "round_time": 5.581539154052734,
        "round_start_time": 1772640453.2294765,
        "round_end_time": 1772640458.8110156,
        "evaluate_time": 0.28730034828186035,
        "inference_time": 0.03766679763793945
    },
    "5": {
        "trees_by_client": 60,
        "first_server_serialise_trees_size": 47744,
        "fit_time": 0.6505663394927979,
        "client_serialise_trees_size": 1579872,
        "final_server_serialise_trees_size": 8013364,
        "f1_score": 0.9720227260019773,
        "mcc": 0.9565911127101392,
        "accuracy": 0.9658344283837057,
        "precision": 0.9736440826101075,
        "recall": 0.972039341108907,
        "confusion_matrix": [
            [
                0.9825282631038027,
                0.0,
                0.017471736896197326,
                0.0,
                0.0,
                0.0
            ],
            [
                0.005420054200542005,
                0.983739837398374,
                0.005420054200542005,
                0.0,
                0.005420054200542005,
                0.0
            ],
            [
                0.024429967426710098,
                0.0016286644951140066,
                0.9739413680781759,
                0.0,
                0.0,
                0.0
            ],
            [
                0.0,
                0.0,
                0.0,
                1.0,
                0.0,
                0.0
            ],
            [
                0.0,
                0.013289036544850499,
                0.0946843853820598,
                0.0,
                0.8920265780730897,
                0.0
            ],
            [
                0.0,
                0.0,
                0.0,
                0.0,
                0.0,
                1.0
            ]
        ],
        "confusion_matrix_labels": [
            "DoS/DDoS",
            "Info_Gathering",
            "Injection",
            "MITM",
            "Malware",
            "Normal"
        ],
        "round_time": 7.204800367355347,
        "round_start_time": 1772640473.9955156,
        "round_end_time": 1772640481.200316,
        "evaluate_time": 0.17820096015930176,
        "inference_time": 0.021184682846069336
    },
    "6": {
        "trees_by_client": 70,
        "first_server_serialise_trees_size": 57123,
        "fit_time": 0.718259334564209,
        "client_serialise_trees_size": 1833475,
        "final_server_serialise_trees_size": 9314489,
        "f1_score": 0.9720227260019773,
        "mcc": 0.9565911127101392,
        "accuracy": 0.9658344283837057,
        "precision": 0.9736440826101075,
        "recall": 0.972039341108907,
        "confusion_matrix": [
            [
                0.9825282631038027,
                0.0,
                0.017471736896197326,
                0.0,
                0.0,
                0.0
            ],
            [
                0.005420054200542005,
                0.983739837398374,
                0.005420054200542005,
                0.0,
                0.005420054200542005,
                0.0
            ],
            [
                0.024429967426710098,
                0.0016286644951140066,
                0.9739413680781759,
                0.0,
                0.0,
                0.0
            ],
            [
                0.0,
                0.0,
                0.0,
                1.0,
                0.0,
                0.0
            ],
            [
                0.0,
                0.013289036544850499,
                0.0946843853820598,
                0.0,
                0.8920265780730897,
                0.0
            ],
            [
                0.0,
                0.0,
                0.0,
                0.0,
                0.0,
                1.0
            ]
        ],
        "confusion_matrix_labels": [
            "DoS/DDoS",
            "Info_Gathering",
            "Injection",
            "MITM",
            "Malware",
            "Normal"
        ],
        "round_time": 6.331972360610962,
        "round_start_time": 1772640496.2744865,
        "round_end_time": 1772640502.606459,
        "evaluate_time": 0.40956544876098633,
        "inference_time": 0.0590510368347168
    },
    "7": {
        "trees_by_client": 80,
        "first_server_serialise_trees_size": 66042,
        "fit_time": 1.0321376323699951,
        "client_serialise_trees_size": 2112267,
        "final_server_serialise_trees_size": 10598409,
        "f1_score": 0.9717478787734225,
        "mcc": 0.9561850536754708,
        "accuracy": 0.9655059132720105,
        "precision": 0.9734238614206121,
        "recall": 0.9717624861808893,
        "confusion_matrix": [
            [
                0.9825282631038027,
                0.0,
                0.017471736896197326,
                0.0,
                0.0,
                0.0
            ],
            [
                0.005420054200542005,
                0.983739837398374,
                0.005420054200542005,
                0.0,
                0.005420054200542005,
                0.0
            ],
            [
                0.024429967426710098,
                0.0016286644951140066,
                0.9739413680781759,
                0.0,
                0.0,
                0.0
            ],
            [
                0.0,
                0.0,
                0.0,
                1.0,
                0.0,
                0.0
            ],
            [
                0.0,
                0.013289036544850499,
                0.09634551495016612,
                0.0,
                0.8903654485049833,
                0.0
            ],
            [
                0.0,
                0.0,
                0.0,
                0.0,
                0.0,
                1.0
            ]
        ],
        "confusion_matrix_labels": [
            "DoS/DDoS",
            "Info_Gathering",
            "Injection",
            "MITM",
            "Malware",
            "Normal"
        ],
        "round_time": 7.8357555866241455,
        "round_start_time": 1772640517.7895255,
        "round_end_time": 1772640525.625281,
        "evaluate_time": 0.40642666816711426,
        "inference_time": 0.05072736740112305
    },
    "8": {
        "trees_by_client": 90,
        "first_server_serialise_trees_size": 74995,
        "fit_time": 1.15682053565979,
        "client_serialise_trees_size": 2392039,
        "final_server_serialise_trees_size": 11847019,
        "f1_score": 0.9717478787734225,
        "mcc": 0.9561850536754708,
        "accuracy": 0.9655059132720105,
        "precision": 0.9734238614206121,
        "recall": 0.9717624861808893,
        "confusion_matrix": [
            [
                0.9825282631038027,
                0.0,
                0.017471736896197326,
                0.0,
                0.0,
                0.0
            ],
            [
                0.005420054200542005,
                0.983739837398374,
                0.005420054200542005,
                0.0,
                0.005420054200542005,
                0.0
            ],
            [
                0.024429967426710098,
                0.0016286644951140066,
                0.9739413680781759,
                0.0,
                0.0,
                0.0
            ],
            [
                0.0,
                0.0,
                0.0,
                1.0,
                0.0,
                0.0
            ],
            [
                0.0,
                0.013289036544850499,
                0.09634551495016612,
                0.0,
                0.8903654485049833,
                0.0
            ],
            [
                0.0,
                0.0,
                0.0,
                0.0,
                0.0,
                1.0
            ]
        ],
        "confusion_matrix_labels": [
            "DoS/DDoS",
            "Info_Gathering",
            "Injection",
            "MITM",
            "Malware",
            "Normal"
        ],
        "round_time": 8.524593353271484,
        "round_start_time": 1772640540.7477338,
        "round_end_time": 1772640549.2723272,
        "evaluate_time": 0.44168591499328613,
        "inference_time": 0.041193246841430664
    },
    "9": {
        "trees_by_client": 100,
        "first_server_serialise_trees_size": 85096,
        "fit_time": 1.265010118484497,
        "client_serialise_trees_size": 2609538,
        "final_server_serialise_trees_size": 13062942,
        "f1_score": 0.9717478787734225,
        "mcc": 0.9561850536754708,
        "accuracy": 0.9655059132720105,
        "precision": 0.9734238614206121,
        "recall": 0.9717624861808893,
        "confusion_matrix": [
            [
                0.9825282631038027,
                0.0,
                0.017471736896197326,
                0.0,
                0.0,
                0.0
            ],
            [
                0.005420054200542005,
                0.983739837398374,
                0.005420054200542005,
                0.0,
                0.005420054200542005,
                0.0
            ],
            [
                0.024429967426710098,
                0.0016286644951140066,
                0.9739413680781759,
                0.0,
                0.0,
                0.0
            ],
            [
                0.0,
                0.0,
                0.0,
                1.0,
                0.0,
                0.0
            ],
            [
                0.0,
                0.013289036544850499,
                0.09634551495016612,
                0.0,
                0.8903654485049833,
                0.0
            ],
            [
                0.0,
                0.0,
                0.0,
                0.0,
                0.0,
                1.0
            ]
        ],
        "confusion_matrix_labels": [
            "DoS/DDoS",
            "Info_Gathering",
            "Injection",
            "MITM",
            "Malware",
            "Normal"
        ],
        "round_time": 9.633884191513062,
        "round_start_time": 1772640564.4194827,
        "round_end_time": 1772640574.053367,
        "evaluate_time": 0.5067844390869141,
        "inference_time": 0.04546809196472168
    },
    "10": {
        "trees_by_client": 110,
        "first_server_serialise_trees_size": 94892,
        "fit_time": 1.3207967281341553,
        "client_serialise_trees_size": 2904665,
        "final_server_serialise_trees_size": 14437789,
        "f1_score": 0.9722959866348617,
        "mcc": 0.9569659407403661,
        "accuracy": 0.9661629434954008,
        "precision": 0.9737527499837775,
        "recall": 0.9723216068824234,
        "confusion_matrix": [
            [
                0.9825282631038027,
                0.0,
                0.017471736896197326,
                0.0,
                0.0,
                0.0
            ],
            [
                0.005420054200542005,
                0.983739837398374,
                0.005420054200542005,
                0.0,
                0.005420054200542005,
                0.0
            ],
            [
                0.024429967426710098,
                0.0016286644951140066,
                0.9723127035830619,
                0.0,
                0.0016286644951140066,
                0.0
            ],
            [
                0.0,
                0.0,
                0.0,
                1.0,
                0.0,
                0.0
            ],
            [
                0.0,
                0.013289036544850499,
                0.09136212624584718,
                0.0,
                0.8953488372093024,
                0.0
            ],
            [
                0.0,
                0.0,
                0.0,
                0.0,
                0.0,
                1.0
            ]
        ],
        "confusion_matrix_labels": [
            "DoS/DDoS",
            "Info_Gathering",
            "Injection",
            "MITM",
            "Malware",
            "Normal"
        ],
        "round_time": 10.524793148040771,
        "round_start_time": 1772640589.2464652,
        "round_end_time": 1772640599.7712584,
        "evaluate_time": 0.4010910987854004,
        "inference_time": 0.06905555725097656
    },
    "11": {
        "trees_by_client": 120,
        "first_server_serialise_trees_size": 103871,
        "fit_time": 1.5592856407165527,
        "client_serialise_trees_size": 3078845,
        "final_server_serialise_trees_size": 15651209,
        "f1_score": 0.9717478787734225,
        "mcc": 0.9561850536754708,
        "accuracy": 0.9655059132720105,
        "precision": 0.9734238614206121,
        "recall": 0.9717624861808893,
        "confusion_matrix": [
            [
                0.9825282631038027,
                0.0,
                0.017471736896197326,
                0.0,
                0.0,
                0.0
            ],
            [
                0.005420054200542005,
                0.983739837398374,
                0.005420054200542005,
                0.0,
                0.005420054200542005,
                0.0
            ],
            [
                0.024429967426710098,
                0.0016286644951140066,
                0.9739413680781759,
                0.0,
                0.0,
                0.0
            ],
            [
                0.0,
                0.0,
                0.0,
                1.0,
                0.0,
                0.0
            ],
            [
                0.0,
                0.013289036544850499,
                0.09634551495016612,
                0.0,
                0.8903654485049833,
                0.0
            ],
            [
                0.0,
                0.0,
                0.0,
                0.0,
                0.0,
                1.0
            ]
        ],
        "confusion_matrix_labels": [
            "DoS/DDoS",
            "Info_Gathering",
            "Injection",
            "MITM",
            "Malware",
            "Normal"
        ],
        "round_time": 11.665698289871216,
        "round_start_time": 1772640614.9274843,
        "round_end_time": 1772640626.5931826,
        "evaluate_time": 0.46819090843200684,
        "inference_time": 0.06938934326171875
    },
    "12": {
        "trees_by_client": 130,
        "first_server_serialise_trees_size": 113532,
        "fit_time": 1.7820930480957031,
        "client_serialise_trees_size": 3402719,
        "final_server_serialise_trees_size": 17041705,
        "f1_score": 0.972297488734703,
        "mcc": 0.9569974225074095,
        "accuracy": 0.9661629434954008,
        "precision": 0.9738649505724989,
        "recall": 0.9723161960369248,
        "confusion_matrix": [
            [
                0.9825282631038027,
                0.0,
                0.017471736896197326,
                0.0,
                0.0,
                0.0
            ],
            [
                0.005420054200542005,
                0.983739837398374,
                0.005420054200542005,
                0.0,
                0.005420054200542005,
                0.0
            ],
            [
                0.024429967426710098,
                0.0016286644951140066,
                0.9739413680781759,
                0.0,
                0.0,
                0.0
            ],
            [
                0.0,
                0.0,
                0.0,
                1.0,
                0.0,
                0.0
            ],
            [
                0.0,
                0.013289036544850499,
                0.09302325581395349,
                0.0,
                0.893687707641196,
                0.0
            ],
            [
                0.0,
                0.0,
                0.0,
                0.0,
                0.0,
                1.0
            ]
        ],
        "confusion_matrix_labels": [
            "DoS/DDoS",
            "Info_Gathering",
            "Injection",
            "MITM",
            "Malware",
            "Normal"
        ],
        "round_time": 11.533752202987671,
        "round_start_time": 1772640641.775527,
        "round_end_time": 1772640653.3092792,
        "evaluate_time": 0.4838588237762451,
        "inference_time": 0.05696678161621094
    },
    "13": {
        "trees_by_client": 140,
        "first_server_serialise_trees_size": 123213,
        "fit_time": 1.6056268215179443,
        "client_serialise_trees_size": 3670442,
        "final_server_serialise_trees_size": 18414558,
        "f1_score": 0.9720227260019773,
        "mcc": 0.9565911127101392,
        "accuracy": 0.9658344283837057,
        "precision": 0.9736440826101075,
        "recall": 0.972039341108907,
        "confusion_matrix": [
            [
                0.9825282631038027,
                0.0,
                0.017471736896197326,
                0.0,
                0.0,
                0.0
            ],
            [
                0.005420054200542005,
                0.983739837398374,
                0.005420054200542005,
                0.0,
                0.005420054200542005,
                0.0
            ],
            [
                0.024429967426710098,
                0.0016286644951140066,
                0.9739413680781759,
                0.0,
                0.0,
                0.0
            ],
            [
                0.0,
                0.0,
                0.0,
                1.0,
                0.0,
                0.0
            ],
            [
                0.0,
                0.013289036544850499,
                0.0946843853820598,
                0.0,
                0.8920265780730897,
                0.0
            ],
            [
                0.0,
                0.0,
                0.0,
                0.0,
                0.0,
                1.0
            ]
        ],
        "confusion_matrix_labels": [
            "DoS/DDoS",
            "Info_Gathering",
            "Injection",
            "MITM",
            "Malware",
            "Normal"
        ],
        "round_time": 12.998448848724365,
        "round_start_time": 1772640668.4536602,
        "round_end_time": 1772640681.452109,
        "evaluate_time": 0.7361419200897217,
        "inference_time": 0.11458516120910645
    },
    "14": {
        "trees_by_client": 150,
        "first_server_serialise_trees_size": 132461,
        "fit_time": 2.004784345626831,
        "client_serialise_trees_size": 3955106,
        "final_server_serialise_trees_size": 19644190,
        "f1_score": 0.9717478787734225,
        "mcc": 0.9561850536754708,
        "accuracy": 0.9655059132720105,
        "precision": 0.9734238614206121,
        "recall": 0.9717624861808893,
        "confusion_matrix": [
            [
                0.9825282631038027,
                0.0,
                0.017471736896197326,
                0.0,
                0.0,
                0.0
            ],
            [
                0.005420054200542005,
                0.983739837398374,
                0.005420054200542005,
                0.0,
                0.005420054200542005,
                0.0
            ],
            [
                0.024429967426710098,
                0.0016286644951140066,
                0.9739413680781759,
                0.0,
                0.0,
                0.0
            ],
            [
                0.0,
                0.0,
                0.0,
                1.0,
                0.0,
                0.0
            ],
            [
                0.0,
                0.013289036544850499,
                0.09634551495016612,
                0.0,
                0.8903654485049833,
                0.0
            ],
            [
                0.0,
                0.0,
                0.0,
                0.0,
                0.0,
                1.0
            ]
        ],
        "confusion_matrix_labels": [
            "DoS/DDoS",
            "Info_Gathering",
            "Injection",
            "MITM",
            "Malware",
            "Normal"
        ],
        "round_time": 14.62234616279602,
        "round_start_time": 1772640696.7045019,
        "round_end_time": 1772640711.326848,
        "evaluate_time": 0.3921527862548828,
        "inference_time": 0.04828214645385742
    },
    "15": {
        "trees_by_client": 160,
        "first_server_serialise_trees_size": 141717,
        "fit_time": 1.4570231437683105,
        "client_serialise_trees_size": 4301707,
        "final_server_serialise_trees_size": 21374722,
        "f1_score": 0.9717478787734225,
        "mcc": 0.9561850536754708,
        "accuracy": 0.9655059132720105,
        "precision": 0.9734238614206121,
        "recall": 0.9717624861808893,
        "confusion_matrix": [
            [
                0.9825282631038027,
                0.0,
                0.017471736896197326,
                0.0,
                0.0,
                0.0
            ],
            [
                0.005420054200542005,
                0.983739837398374,
                0.005420054200542005,
                0.0,
                0.005420054200542005,
                0.0
            ],
            [
                0.024429967426710098,
                0.0016286644951140066,
                0.9739413680781759,
                0.0,
                0.0,
                0.0
            ],
            [
                0.0,
                0.0,
                0.0,
                1.0,
                0.0,
                0.0
            ],
            [
                0.0,
                0.013289036544850499,
                0.09634551495016612,
                0.0,
                0.8903654485049833,
                0.0
            ],
            [
                0.0,
                0.0,
                0.0,
                0.0,
                0.0,
                1.0
            ]
        ],
        "confusion_matrix_labels": [
            "DoS/DDoS",
            "Info_Gathering",
            "Injection",
            "MITM",
            "Malware",
            "Normal"
        ],
        "round_time": 13.358852863311768,
        "round_start_time": 1772640726.4275074,
        "round_end_time": 1772640739.7863603,
        "evaluate_time": 0.7716586589813232,
        "inference_time": 0.08936357498168945
    },
    "16": {
        "trees_by_client": 170,
        "first_server_serialise_trees_size": 151942,
        "fit_time": 1.61495041847229,
        "client_serialise_trees_size": 4523090,
        "final_server_serialise_trees_size": 22243129,
        "f1_score": 0.9725721681183362,
        "mcc": 0.9574039833773503,
        "accuracy": 0.966491458607096,
        "precision": 0.9740864682377799,
        "recall": 0.9725930509649424,
        "confusion_matrix": [
            [
                0.9825282631038027,
                0.0,
                0.017471736896197326,
                0.0,
                0.0,
                0.0
            ],
            [
                0.005420054200542005,
                0.983739837398374,
                0.005420054200542005,
                0.0,
                0.005420054200542005,
                0.0
            ],
            [
                0.024429967426710098,
                0.0016286644951140066,
                0.9739413680781759,
                0.0,
                0.0,
                0.0
            ],
            [
                0.0,
                0.0,
                0.0,
                1.0,
                0.0,
                0.0
            ],
            [
                0.0,
                0.013289036544850499,
                0.09136212624584718,
                0.0,
                0.8953488372093024,
                0.0
            ],
            [
                0.0,
                0.0,
                0.0,
                0.0,
                0.0,
                1.0
            ]
        ],
        "confusion_matrix_labels": [
            "DoS/DDoS",
            "Info_Gathering",
            "Injection",
            "MITM",
            "Malware",
            "Normal"
        ],
        "round_time": 15.576340436935425,
        "round_start_time": 1772640754.9774404,
        "round_end_time": 1772640770.5537808,
        "evaluate_time": 0.8421876430511475,
        "inference_time": 0.07462882995605469
    },
    "17": {
        "trees_by_client": 180,
        "first_server_serialise_trees_size": 160704,
        "fit_time": 1.8328289985656738,
        "client_serialise_trees_size": 4771421,
        "final_server_serialise_trees_size": 23501585,
        "f1_score": 0.9722959866348617,
        "mcc": 0.9569659407403661,
        "accuracy": 0.9661629434954008,
        "precision": 0.9737527499837775,
        "recall": 0.9723216068824234,
        "confusion_matrix": [
            [
                0.9825282631038027,
                0.0,
                0.017471736896197326,
                0.0,
                0.0,
                0.0
            ],
            [
                0.005420054200542005,
                0.983739837398374,
                0.005420054200542005,
                0.0,
                0.005420054200542005,
                0.0
            ],
            [
                0.024429967426710098,
                0.0016286644951140066,
                0.9723127035830619,
                0.0,
                0.0016286644951140066,
                0.0
            ],
            [
                0.0,
                0.0,
                0.0,
                1.0,
                0.0,
                0.0
            ],
            [
                0.0,
                0.013289036544850499,
                0.09136212624584718,
                0.0,
                0.8953488372093024,
                0.0
            ],
            [
                0.0,
                0.0,
                0.0,
                0.0,
                0.0,
                1.0
            ]
        ],
        "confusion_matrix_labels": [
            "DoS/DDoS",
            "Info_Gathering",
            "Injection",
            "MITM",
            "Malware",
            "Normal"
        ],
        "round_time": 17.024614095687866,
        "round_start_time": 1772640785.7294762,
        "round_end_time": 1772640802.7540903,
        "evaluate_time": 0.40473151206970215,
        "inference_time": 0.0580594539642334
    },
    "18": {
        "trees_by_client": 190,
        "first_server_serialise_trees_size": 169684,
        "fit_time": 2.2958343029022217,
        "client_serialise_trees_size": 5025163,
        "final_server_serialise_trees_size": 24964228,
        "f1_score": 0.9733957176251499,
        "mcc": 0.9586251755327968,
        "accuracy": 0.9674770039421814,
        "precision": 0.9747549490089553,
        "recall": 0.9734236157489956,
        "confusion_matrix": [
            [
                0.9825282631038027,
                0.0,
                0.017471736896197326,
                0.0,
                0.0,
                0.0
            ],
            [
                0.005420054200542005,
                0.983739837398374,
                0.005420054200542005,
                0.0,
                0.005420054200542005,
                0.0
            ],
            [
                0.024429967426710098,
                0.0016286644951140066,
                0.9739413680781759,
                0.0,
                0.0,
                0.0
            ],
            [
                0.0,
                0.0,
                0.0,
                1.0,
                0.0,
                0.0
            ],
            [
                0.0,
                0.013289036544850499,
                0.08637873754152824,
                0.0,
                0.9003322259136213,
                0.0
            ],
            [
                0.0,
                0.0,
                0.0,
                0.0,
                0.0,
                1.0
            ]
        ],
        "confusion_matrix_labels": [
            "DoS/DDoS",
            "Info_Gathering",
            "Injection",
            "MITM",
            "Malware",
            "Normal"
        ],
        "round_time": 15.489135265350342,
        "round_start_time": 1772640817.8661358,
        "round_end_time": 1772640833.355271,
        "evaluate_time": 0.6605610847473145,
        "inference_time": 0.10775518417358398
    },
    "19": {
        "trees_by_client": 200,
        "first_server_serialise_trees_size": 178908,
        "fit_time": 2.78220534324646,
        "client_serialise_trees_size": 5268899,
        "final_server_serialise_trees_size": 26496287,
        "f1_score": 0.9728467652984808,
        "mcc": 0.957810795630624,
        "accuracy": 0.966819973718791,
        "precision": 0.9743086385530955,
        "recall": 0.9728699058929603,
        "confusion_matrix": [
            [
                0.9825282631038027,
                0.0,
                0.017471736896197326,
                0.0,
                0.0,
                0.0
            ],
            [
                0.005420054200542005,
                0.983739837398374,
                0.005420054200542005,
                0.0,
                0.005420054200542005,
                0.0
            ],
            [
                0.024429967426710098,
                0.0016286644951140066,
                0.9739413680781759,
                0.0,
                0.0,
                0.0
            ],
            [
                0.0,
                0.0,
                0.0,
                1.0,
                0.0,
                0.0
            ],
            [
                0.0,
                0.013289036544850499,
                0.08970099667774087,
                0.0,
                0.8970099667774086,
                0.0
            ],
            [
                0.0,
                0.0,
                0.0,
                0.0,
                0.0,
                1.0
            ]
        ],
        "confusion_matrix_labels": [
            "DoS/DDoS",
