{
    "0": {
        "trees_by_client": 10,
        "first_server_serialise_trees_size": 9474,
        "fit_time": 0.21350359916687012,
        "client_serialise_trees_size": 283150,
        "final_server_serialise_trees_size": 543952,
        "f1_score": 0.9690747981170366,
        "mcc": 0.9575131885791527,
        "accuracy": 0.966977466977467,
        "precision": 0.9732576672431796,
        "recall": 0.9661575783170244,
        "confusion_matrix": [
            [
                0.9792899408284024,
                0.004930966469428008,
                0.015779092702169626,
                0.0,
                0.0,
                0.0
            ],
            [
                0.02157164869029276,
                0.9599383667180277,
                0.012326656394453005,
                0.0,
                0.0061633281972265025,
                0.0
            ],
            [
                0.02457831325301205,
                0.00048192771084337347,
                0.9739759036144578,
                0.0,
                0.0009638554216867469,
                0.0
            ],
            [
                0.0,
                0.0,
                0.0,
                1.0,
                0.0,
                0.0
            ],
            [
                0.0,
                0.021853146853146852,
                0.0944055944055944,
                0.0,
                0.8837412587412588,
                0.0
            ],
            [
                0.0,
                0.0,
                0.0,
                0.0,
                0.0,
                1.0
            ]
        ],
        "confusion_matrix_labels": [
            "DoS/DDoS",
            "Info_Gathering",
            "Injection",
            "MITM",
            "Malware",
            "Normal"
        ],
        "round_time": 37.12143802642822,
        "round_start_time": 1768418835.307036,
        "round_end_time": 1768418872.428474,
        "evaluate_time": 0.7681267261505127,
        "inference_time": 0.015033721923828125
    },
    "1": {
        "trees_by_client": 20,
        "first_server_serialise_trees_size": 9400,
        "fit_time": 0.5562326908111572,
        "client_serialise_trees_size": 536223,
        "final_server_serialise_trees_size": 983757,
        "f1_score": 0.970502336858517,
        "mcc": 0.9594589560805057,
        "accuracy": 0.9685314685314685,
        "precision": 0.974858694961022,
        "recall": 0.9670308557406231,
        "confusion_matrix": [
            [
                0.9812623274161736,
                0.0009861932938856016,
                0.01775147928994083,
                0.0,
                0.0,
                0.0
            ],
            [
                0.015408320493066256,
                0.9522342064714946,
                0.01078582434514638,
                0.0,
                0.02157164869029276,
                0.0
            ],
            [
                0.02457831325301205,
                0.00048192771084337347,
                0.9744578313253012,
                0.0,
                0.00048192771084337347,
                0.0
            ],
            [
                0.0,
                0.0,
                0.0,
                1.0,
                0.0,
                0.0
            ],
            [
                0.0008741258741258741,
                0.02097902097902098,
                0.08391608391608392,
                0.0,
                0.8942307692307693,
                0.0
            ],
            [
                0.0,
                0.0,
                0.0,
                0.0,
                0.0,
                1.0
            ]
        ],
        "confusion_matrix_labels": [
            "DoS/DDoS",
            "Info_Gathering",
            "Injection",
            "MITM",
            "Malware",
            "Normal"
        ],
        "round_time": 5.6764280796051025,
        "round_start_time": 1768418888.22831,
        "round_end_time": 1768418893.9047382,
        "evaluate_time": 0.910470724105835,
        "inference_time": 0.02268052101135254
    },
    "2": {
        "trees_by_client": 30,
        "first_server_serialise_trees_size": 18858,
        "fit_time": 0.7198851108551025,
        "client_serialise_trees_size": 825864,
        "final_server_serialise_trees_size": 1462537,
        "f1_score": 0.968391678029692,
        "mcc": 0.955930009736322,
        "accuracy": 0.9656824656824656,
        "precision": 0.9734444602031954,
        "recall": 0.9650583297684742,
        "confusion_matrix": [
            [
                0.9787968441814595,
                0.0004930966469428008,
                0.020710059171597635,
                0.0,
                0.0,
                0.0
            ],
            [
                0.015408320493066256,
                0.9676425269645609,
                0.01078582434514638,
                0.0,
                0.0061633281972265025,
                0.0
            ],
            [
                0.02313253012048193,
                0.00048192771084337347,
                0.9759036144578314,
                0.0,
                0.00048192771084337347,
                0.0
            ],
            [
                0.0,
                0.0,
                0.0,
                1.0,
                0.0,
                0.0
            ],
            [
                0.0,
                0.026223776223776224,
                0.10576923076923077,
                0.0,
                0.868006993006993,
                0.0
            ],
            [
                0.0,
                0.0,
                0.0,
                0.0,
                0.0,
                1.0
            ]
        ],
        "confusion_matrix_labels": [
            "DoS/DDoS",
            "Info_Gathering",
            "Injection",
            "MITM",
            "Malware",
            "Normal"
        ],
        "round_time": 6.0801918506622314,
        "round_start_time": 1768418909.177265,
        "round_end_time": 1768418915.2574568,
        "evaluate_time": 1.2713346481323242,
        "inference_time": 0.010287761688232422
    },
    "3": {
        "trees_by_client": 40,
        "first_server_serialise_trees_size": 28332,
        "fit_time": 0.7683496475219727,
        "client_serialise_trees_size": 1101963,
        "final_server_serialise_trees_size": 2070466,
        "f1_score": 0.9714060812714264,
        "mcc": 0.9600044821786627,
        "accuracy": 0.9689199689199689,
        "precision": 0.9755175858933032,
        "recall": 0.9684203651157909,
        "confusion_matrix": [
            [
                0.9807692307692307,
                0.0019723865877712033,
                0.01725838264299803,
                0.0,
                0.0,
                0.0
            ],
            [
                0.01694915254237288,
                0.9645608628659477,
                0.012326656394453005,
                0.0,
                0.0061633281972265025,
                0.0
            ],
            [
                0.02457831325301205,
                0.00048192771084337347,
                0.9744578313253012,
                0.0,
                0.00048192771084337347,
                0.0
            ],
            [
                0.0,
                0.0,
                0.0,
                1.0,
                0.0,
                0.0
            ],
            [
                0.0,
                0.021853146853146852,
                0.08741258741258741,
                0.0,
                0.8907342657342657,
                0.0
            ],
            [
                0.0,
                0.0,
                0.0,
                0.0,
                0.0,
                1.0
            ]
        ],
        "confusion_matrix_labels": [
            "DoS/DDoS",
            "Info_Gathering",
            "Injection",
            "MITM",
            "Malware",
            "Normal"
        ],
        "round_time": 7.740371942520142,
        "round_start_time": 1768418930.5130818,
        "round_end_time": 1768418938.2534537,
        "evaluate_time": 1.4364254474639893,
        "inference_time": 0.016790390014648438
    },
    "4": {
        "trees_by_client": 50,
        "first_server_serialise_trees_size": 37730,
        "fit_time": 1.4244329929351807,
        "client_serialise_trees_size": 1445300,
        "final_server_serialise_trees_size": 2627129,
        "f1_score": 0.9679810494593944,
        "mcc": 0.9549366479321714,
        "accuracy": 0.9649054649054649,
        "precision": 0.9734209355423943,
        "recall": 0.9642794928586073,
        "confusion_matrix": [
            [
                0.9763313609467456,
                0.0019723865877712033,
                0.021696252465483234,
                0.0,
                0.0,
                0.0
            ],
            [
                0.015408320493066256,
                0.9645608628659477,
                0.01386748844375963,
                0.0,
                0.0061633281972265025,
                0.0
            ],
            [
                0.023614457831325302,
                0.00048192771084337347,
                0.9759036144578314,
                0.0,
                0.0,
                0.0
            ],
            [
                0.0,
                0.0,
                0.0,
                1.0,
                0.0,
                0.0
            ],
            [
                0.0,
                0.021853146853146852,
                0.10926573426573427,
                0.0,
                0.8688811188811189,
                0.0
            ],
            [
                0.0,
                0.0,
                0.0,
                0.0,
                0.0,
                1.0
            ]
        ],
        "confusion_matrix_labels": [
            "DoS/DDoS",
            "Info_Gathering",
            "Injection",
            "MITM",
            "Malware",
            "Normal"
        ],
        "round_time": 10.68731427192688,
        "round_start_time": 1768418953.385764,
        "round_end_time": 1768418964.0730782,
        "evaluate_time": 1.590904712677002,
        "inference_time": 0.03769278526306152
    },
    "5": {
        "trees_by_client": 60,
        "first_server_serialise_trees_size": 47057,
        "fit_time": 1.1806795597076416,
        "client_serialise_trees_size": 1695574,
        "final_server_serialise_trees_size": 3096477,
        "f1_score": 0.9708447098488913,
        "mcc": 0.9593478361518576,
        "accuracy": 0.9684019684019683,
        "precision": 0.9750569231338483,
        "recall": 0.9678376145330403,
        "confusion_matrix": [
            [
                0.9807692307692307,
                0.002465483234714004,
                0.016765285996055226,
                0.0,
                0.0,
                0.0
            ],
            [
                0.01694915254237288,
                0.9645608628659477,
                0.012326656394453005,
                0.0,
                0.0061633281972265025,
                0.0
            ],
            [
                0.02457831325301205,
                0.00048192771084337347,
                0.9744578313253012,
                0.0,
                0.00048192771084337347,
                0.0
            ],
            [
                0.0,
                0.0,
                0.0,
                1.0,
                0.0,
                0.0
            ],
            [
                0.0,
                0.021853146853146852,
                0.09090909090909091,
                0.0,
                0.8872377622377622,
                0.0
            ],
            [
                0.0,
                0.0,
                0.0,
                0.0,
                0.0,
                1.0
            ]
        ],
        "confusion_matrix_labels": [
            "DoS/DDoS",
            "Info_Gathering",
            "Injection",
            "MITM",
            "Malware",
            "Normal"
        ],
        "round_time": 9.939887762069702,
        "round_start_time": 1768418979.25216,
        "round_end_time": 1768418989.1920478,
        "evaluate_time": 1.5686895847320557,
        "inference_time": 0.03301358222961426
    },
    "6": {
        "trees_by_client": 70,
        "first_server_serialise_trees_size": 56715,
        "fit_time": 1.3440601825714111,
        "client_serialise_trees_size": 1981591,
        "final_server_serialise_trees_size": 3666755,
        "f1_score": 0.9699494361122647,
        "mcc": 0.9578716361959254,
        "accuracy": 0.9672364672364673,
        "precision": 0.9742610246739946,
        "recall": 0.967002680598367,
        "confusion_matrix": [
            [
                0.9787968441814595,
                0.0029585798816568047,
                0.01824457593688363,
                0.0,
                0.0,
                0.0
            ],
            [
                0.015408320493066256,
                0.9676425269645609,
                0.01078582434514638,
                0.0,
                0.0061633281972265025,
                0.0
            ],
            [
                0.02457831325301205,
                0.00048192771084337347,
                0.9744578313253012,
                0.0,
                0.00048192771084337347,
                0.0
            ],
            [
                0.0,
                0.0,
                0.0,
                1.0,
                0.0,
                0.0
            ],
            [
                0.0,
                0.021853146853146852,
                0.09702797202797203,
                0.0,
                0.8811188811188811,
                0.0
            ],
            [
                0.0,
                0.0,
                0.0,
                0.0,
                0.0,
                1.0
            ]
        ],
        "confusion_matrix_labels": [
            "DoS/DDoS",
            "Info_Gathering",
            "Injection",
            "MITM",
            "Malware",
            "Normal"
        ],
        "round_time": 10.549681425094604,
        "round_start_time": 1768419004.3610983,
        "round_end_time": 1768419014.9107797,
        "evaluate_time": 1.712026834487915,
        "inference_time": 0.0264585018157959
    },
    "7": {
        "trees_by_client": 80,
        "first_server_serialise_trees_size": 65722,
        "fit_time": 1.4389498233795166,
        "client_serialise_trees_size": 2153413,
        "final_server_serialise_trees_size": 4073684,
        "f1_score": 0.9700747430336838,
        "mcc": 0.9578700013847243,
        "accuracy": 0.9672364672364673,
        "precision": 0.974428977858962,
        "recall": 0.9670661854695642,
        "confusion_matrix": [
            [
                0.9783037475345168,
                0.002465483234714004,
                0.019230769230769232,
                0.0,
                0.0,
                0.0
            ],
            [
                0.015408320493066256,
                0.9676425269645609,
                0.01078582434514638,
                0.0,
                0.0061633281972265025,
                0.0
            ],
            [
                0.02457831325301205,
                0.00048192771084337347,
                0.9744578313253012,
                0.0,
                0.00048192771084337347,
                0.0
            ],
            [
                0.0,
                0.0,
                0.0,
                1.0,
                0.0,
                0.0
            ],
            [
                0.0,
                0.021853146853146852,
                0.09615384615384616,
                0.0,
                0.881993006993007,
                0.0
            ],
            [
                0.0,
                0.0,
                0.0,
                0.0,
                0.0,
                1.0
            ]
        ],
        "confusion_matrix_labels": [
            "DoS/DDoS",
            "Info_Gathering",
            "Injection",
            "MITM",
            "Malware",
            "Normal"
        ],
        "round_time": 11.764071941375732,
        "round_start_time": 1768419030.0560758,
        "round_end_time": 1768419041.8201478,
        "evaluate_time": 2.017451286315918,
        "inference_time": 0.04156160354614258
    },
    "8": {
        "trees_by_client": 90,
        "first_server_serialise_trees_size": 75592,
        "fit_time": 1.8157145977020264,
        "client_serialise_trees_size": 2552618,
        "final_server_serialise_trees_size": 4622248,
        "f1_score": 0.9707802051317794,
        "mcc": 0.9590226787069661,
        "accuracy": 0.9681429681429682,
        "precision": 0.9749390216104686,
        "recall": 0.9678441485724202,
        "confusion_matrix": [
            [
                0.9783037475345168,
                0.002465483234714004,
                0.019230769230769232,
                0.0,
                0.0,
                0.0
            ],
            [
                0.01694915254237288,
                0.9661016949152542,
                0.01078582434514638,
                0.0,
                0.0061633281972265025,
                0.0
            ],
            [
                0.023614457831325302,
                0.00048192771084337347,
                0.9754216867469879,
                0.0,
                0.00048192771084337347,
                0.0
            ],
            [
                0.0,
                0.0,
                0.0,
                1.0,
                0.0,
                0.0
            ],
            [
                0.0,
                0.021853146853146852,
                0.09090909090909091,
                0.0,
                0.8872377622377622,
                0.0
            ],
            [
                0.0,
                0.0,
                0.0,
                0.0,
                0.0,
                1.0
            ]
        ],
        "confusion_matrix_labels": [
            "DoS/DDoS",
            "Info_Gathering",
            "Injection",
            "MITM",
            "Malware",
            "Normal"
        ],
        "round_time": 12.55701470375061,
        "round_start_time": 1768419056.958114,
        "round_end_time": 1768419069.5151286,
        "evaluate_time": 1.9377434253692627,
        "inference_time": 0.0400242805480957
    },
    "9": {
        "trees_by_client": 100,
        "first_server_serialise_trees_size": 85764,
        "fit_time": 2.1578240394592285,
        "client_serialise_trees_size": 2834666,
        "final_server_serialise_trees_size": 5200373,
        "f1_score": 0.9715026137862156,
        "mcc": 0.9600127326877873,
        "accuracy": 0.9689199689199689,
        "precision": 0.9755538542178123,
        "recall": 0.9685912647041518,
        "confusion_matrix": [
            [
                0.9792899408284024,
                0.0019723865877712033,
                0.01873767258382643,
                0.0,
                0.0,
                0.0
            ],
            [
                0.015408320493066256,
                0.9661016949152542,
                0.012326656394453005,
                0.0,
                0.0061633281972265025,
                0.0
            ],
            [
                0.023614457831325302,
                0.00048192771084337347,
                0.9754216867469879,
                0.0,
                0.00048192771084337347,
                0.0
            ],
            [
                0.0,
                0.0,
                0.0,
                1.0,
                0.0,
                0.0
            ],
            [
                0.0,
                0.021853146853146852,
                0.08741258741258741,
                0.0,
                0.8907342657342657,
                0.0
            ],
            [
                0.0,
                0.0,
                0.0,
                0.0,
                0.0,
                1.0
            ]
        ],
        "confusion_matrix_labels": [
            "DoS/DDoS",
            "Info_Gathering",
            "Injection",
            "MITM",
            "Malware",
            "Normal"
        ],
        "round_time": 13.325557231903076,
        "round_start_time": 1768419084.6652317,
        "round_end_time": 1768419097.990789,
        "evaluate_time": 2.074577808380127,
        "inference_time": 0.04669642448425293
    },
    "10": {
        "trees_by_client": 110,
        "first_server_serialise_trees_size": 94717,
        "fit_time": 1.9541738033294678,
        "client_serialise_trees_size": 3124751,
        "final_server_serialise_trees_size": 5720136,
        "f1_score": 0.9698295486587526,
        "mcc": 0.9577188334063735,
        "accuracy": 0.9671069671069671,
        "precision": 0.9743838065798106,
        "recall": 0.9666767859175692,
        "confusion_matrix": [
            [
                0.977810650887574,
                0.002465483234714004,
                0.01972386587771203,
                0.0,
                0.0,
                0.0
            ],
            [
                0.015408320493066256,
                0.9661016949152542,
                0.012326656394453005,
                0.0,
                0.0061633281972265025,
                0.0
            ],
            [
                0.02313253012048193,
                0.00048192771084337347,
                0.9759036144578314,
                0.0,
                0.00048192771084337347,
                0.0
            ],
            [
                0.0,
                0.0,
                0.0,
                1.0,
                0.0,
                0.0
            ],
            [
                0.0,
                0.021853146853146852,
                0.0979020979020979,
                0.0,
                0.8802447552447552,
                0.0
            ],
            [
                0.0,
                0.0,
                0.0,
                0.0,
                0.0,
                1.0
            ]
        ],
        "confusion_matrix_labels": [
            "DoS/DDoS",
            "Info_Gathering",
            "Injection",
            "MITM",
            "Malware",
            "Normal"
        ],
        "round_time": 15.231621026992798,
        "round_start_time": 1768419113.1801076,
        "round_end_time": 1768419128.4117286,
        "evaluate_time": 2.3041863441467285,
        "inference_time": 0.06064558029174805
    },
    "11": {
        "trees_by_client": 120,
        "first_server_serialise_trees_size": 104091,
        "fit_time": 2.5949532985687256,
        "client_serialise_trees_size": 3356571,
        "final_server_serialise_trees_size": 6221921,
        "f1_score": 0.9706765473116575,
        "mcc": 0.9587042888382349,
        "accuracy": 0.9678839678839679,
        "precision": 0.9751576522612999,
        "recall": 0.9674874069204978,
        "confusion_matrix": [
            [
                0.9783037475345168,
                0.0014792899408284023,
                0.02021696252465483,
                0.0,
                0.0,
                0.0
            ],
            [
                0.015408320493066256,
                0.9661016949152542,
                0.012326656394453005,
                0.0,
                0.0061633281972265025,
                0.0
            ],
            [
                0.02313253012048193,
                0.00048192771084337347,
                0.9759036144578314,
                0.0,
                0.00048192771084337347,
                0.0
            ],
            [
                0.0,
                0.0,
                0.0,
                1.0,
                0.0,
                0.0
            ],
            [
                0.0,
                0.021853146853146852,
                0.09353146853146853,
                0.0,
                0.8846153846153846,
                0.0
            ],
            [
                0.0,
                0.0,
                0.0,
                0.0,
                0.0,
                1.0
            ]
        ],
        "confusion_matrix_labels": [
            "DoS/DDoS",
            "Info_Gathering",
            "Injection",
            "MITM",
            "Malware",
            "Normal"
        ],
        "round_time": 16.793158292770386,
        "round_start_time": 1768419143.5462666,
        "round_end_time": 1768419160.3394248,
        "evaluate_time": 2.2381973266601562,
        "inference_time": 0.05788445472717285
    },
    "12": {
        "trees_by_client": 130,
        "first_server_serialise_trees_size": 113822,
        "fit_time": 2.890141248703003,
        "client_serialise_trees_size": 3579336,
        "final_server_serialise_trees_size": 6763220,
        "f1_score": 0.9705077445538749,
        "mcc": 0.958706403997479,
        "accuracy": 0.9678839678839679,
        "precision": 0.97482693723201,
        "recall": 0.9674855454311478,
        "confusion_matrix": [
            [
                0.977810650887574,
                0.002465483234714004,
                0.01972386587771203,
                0.0,
                0.0,
                0.0
            ],
            [
                0.015408320493066256,
                0.9661016949152542,
                0.012326656394453005,
                0.0,
                0.0061633281972265025,
                0.0
            ],
            [
                0.022650602409638555,
                0.00048192771084337347,
                0.9763855421686747,
                0.0,
                0.00048192771084337347,
                0.0
            ],
            [
                0.0,
                0.0,
                0.0,
                1.0,
                0.0,
                0.0
            ],
            [
                0.0,
                0.021853146853146852,
                0.09353146853146853,
                0.0,
                0.8846153846153846,
                0.0
            ],
            [
                0.0,
                0.0,
                0.0,
                0.0,
                0.0,
                1.0
            ]
        ],
        "confusion_matrix_labels": [
            "DoS/DDoS",
            "Info_Gathering",
            "Injection",
            "MITM",
            "Malware",
            "Normal"
        ],
        "round_time": 19.4350802898407,
        "round_start_time": 1768419175.535328,
        "round_end_time": 1768419194.9704082,
        "evaluate_time": 0.8478918075561523,
        "inference_time": 0.04393815994262695
    },
    "13": {
        "trees_by_client": 140,
        "first_server_serialise_trees_size": 123615,
        "fit_time": 2.552797317504883,
        "client_serialise_trees_size": 3909434,
        "final_server_serialise_trees_size": 7201708,
        "f1_score": 0.9707316058815317,
        "mcc": 0.9588511147946118,
        "accuracy": 0.968013468013468,
        "precision": 0.9748589556985817,
        "recall": 0.9677778578444607,
        "confusion_matrix": [
            [
                0.9768244575936884,
                0.002465483234714004,
                0.020710059171597635,
                0.0,
                0.0,
                0.0
            ],
            [
                0.015408320493066256,
                0.9645608628659477,
                0.01386748844375963,
                0.0,
                0.0061633281972265025,
                0.0
            ],
            [
                0.023614457831325302,
                0.00048192771084337347,
                0.9754216867469879,
                0.0,
                0.00048192771084337347,
                0.0
            ],
            [
                0.0,
                0.0,
                0.0,
                1.0,
                0.0,
                0.0
            ],
            [
                0.0,
                0.021853146853146852,
                0.08828671328671328,
                0.0,
                0.8898601398601399,
                0.0
            ],
            [
                0.0,
                0.0,
                0.0,
                0.0,
                0.0,
                1.0
            ]
        ],
        "confusion_matrix_labels": [
            "DoS/DDoS",
            "Info_Gathering",
            "Injection",
            "MITM",
            "Malware",
            "Normal"
        ],
        "round_time": 18.119362592697144,
        "round_start_time": 1768419210.0951757,
        "round_end_time": 1768419228.2145383,
        "evaluate_time": 2.673736572265625,
        "inference_time": 0.05239105224609375
    },
    "14": {
        "trees_by_client": 150,
        "first_server_serialise_trees_size": 132679,
        "fit_time": 2.925842761993408,
        "client_serialise_trees_size": 4190142,
        "final_server_serialise_trees_size": 7796283,
        "f1_score": 0.9707771891905734,
        "mcc": 0.9591897237741507,
        "accuracy": 0.9682724682724683,
        "precision": 0.974850974637178,
        "recall": 0.9679263313469106,
        "confusion_matrix": [
            [
                0.9787968441814595,
                0.0029585798816568047,
                0.01824457593688363,
                0.0,
                0.0,
                0.0
            ],
            [
                0.015408320493066256,
                0.9661016949152542,
                0.012326656394453005,
                0.0,
                0.0061633281972265025,
                0.0
            ],
            [
                0.023614457831325302,
                0.00048192771084337347,
                0.9754216867469879,
                0.0,
                0.00048192771084337347,
                0.0
            ],
            [
                0.0,
                0.0,
                0.0,
                1.0,
                0.0,
                0.0
            ],
            [
                0.0,
                0.021853146853146852,
                0.09090909090909091,
                0.0,
                0.8872377622377622,
                0.0
            ],
            [
                0.0,
                0.0,
                0.0,
                0.0,
                0.0,
                1.0
            ]
        ],
        "confusion_matrix_labels": [
            "DoS/DDoS",
            "Info_Gathering",
            "Injection",
            "MITM",
            "Malware",
            "Normal"
        ],
        "round_time": 20.787580013275146,
        "round_start_time": 1768419243.3422315,
        "round_end_time": 1768419264.1298115,
        "evaluate_time": 2.7940268516540527,
        "inference_time": 0.06597638130187988
    },
    "15": {
        "trees_by_client": 160,
        "first_server_serialise_trees_size": 141816,
        "fit_time": 3.0007896423339844,
        "client_serialise_trees_size": 4443467,
        "final_server_serialise_trees_size": 8262558,
        "f1_score": 0.9688238635453291,
        "mcc": 0.9558892917619465,
        "accuracy": 0.9656824656824656,
        "precision": 0.9735503571385281,
        "recall": 0.9655383709386159,
        "confusion_matrix": [
            [
                0.9743589743589743,
                0.002465483234714004,
                0.023175542406311637,
                0.0,
                0.0,
                0.0
            ],
            [
                0.015408320493066256,
                0.9645608628659477,
                0.01386748844375963,
                0.0,
                0.0061633281972265025,
                0.0
            ],
            [
                0.024096385542168676,
                0.00048192771084337347,
                0.9749397590361446,
                0.0,
                0.00048192771084337347,
                0.0
            ],
            [
                0.0,
                0.0,
                0.0,
                1.0,
                0.0,
                0.0
            ],
            [
                0.0,
                0.021853146853146852,
                0.09877622377622378,
                0.0,
                0.8793706293706294,
                0.0
            ],
            [
                0.0,
                0.0,
                0.0,
                0.0,
                0.0,
                1.0
            ]
        ],
        "confusion_matrix_labels": [
            "DoS/DDoS",
            "Info_Gathering",
            "Injection",
            "MITM",
            "Malware",
            "Normal"
        ],
        "round_time": 20.662103176116943,
        "round_start_time": 1768419279.3032553,
        "round_end_time": 1768419299.9653585,
        "evaluate_time": 2.746385097503662,
        "inference_time": 0.05741000175476074
    },
    "16": {
        "trees_by_client": 170,
        "first_server_serialise_trees_size": 151218,
        "fit_time": 3.0105137825012207,
        "client_serialise_trees_size": 4757950,
        "final_server_serialise_trees_size": 8706959,
        "f1_score": 0.9705349588775686,
        "mcc": 0.9586951358372773,
        "accuracy": 0.9678839678839679,
        "precision": 0.9748013124681446,
        "recall": 0.9675032989670287,
        "confusion_matrix": [
            [
                0.9773175542406312,
                0.002465483234714004,
                0.02021696252465483,
                0.0,
                0.0,
                0.0
            ],
            [
                0.015408320493066256,
                0.9645608628659477,
                0.01386748844375963,
                0.0,
                0.0061633281972265025,
                0.0
            ],
            [
                0.02313253012048193,
                0.00048192771084337347,
                0.9759036144578314,
                0.0,
                0.00048192771084337347,
                0.0
            ],
            [
                0.0,
                0.0,
                0.0,
                1.0,
                0.0,
                0.0
            ],
            [
                0.0,
                0.021853146853146852,
                0.09090909090909091,
                0.0,
                0.8872377622377622,
                0.0
            ],
            [
                0.0,
                0.0,
                0.0,
                0.0,
                0.0,
                1.0
            ]
        ],
        "confusion_matrix_labels": [
            "DoS/DDoS",
            "Info_Gathering",
            "Injection",
            "MITM",
            "Malware",
            "Normal"
        ],
        "round_time": 20.98616671562195,
        "round_start_time": 1768419315.1043746,
        "round_end_time": 1768419336.0905414,
        "evaluate_time": 2.7263288497924805,
        "inference_time": 0.090240478515625
    },
    "17": {
        "trees_by_client": 180,
        "first_server_serialise_trees_size": 160826,
        "fit_time": 4.750539779663086,
        "client_serialise_trees_size": 5003357,
        "final_server_serialise_trees_size": 9321551,
        "f1_score": 0.9707530268441058,
        "mcc": 0.9586926165706576,
        "accuracy": 0.9678839678839679,
        "precision": 0.975132025717791,
        "recall": 0.967618139641592,
        "confusion_matrix": [
            [
                0.9783037475345168,
                0.0014792899408284023,
                0.02021696252465483,
                0.0,
                0.0,
                0.0
            ],
            [
                0.015408320493066256,
                0.9661016949152542,
                0.012326656394453005,
                0.0,
                0.0061633281972265025,
                0.0
            ],
            [
                0.024096385542168676,
                0.00048192771084337347,
                0.9749397590361446,
                0.0,
                0.00048192771084337347,
                0.0
            ],
            [
                0.0,
                0.0,
                0.0,
                1.0,
                0.0,
                0.0
            ],
            [
                0.0,
                0.021853146853146852,
                0.09178321678321678,
                0.0,
                0.8863636363636364,
                0.0
            ],
            [
                0.0,
                0.0,
                0.0,
                0.0,
                0.0,
                1.0
            ]
        ],
        "confusion_matrix_labels": [
            "DoS/DDoS",
            "Info_Gathering",
            "Injection",
            "MITM",
            "Malware",
            "Normal"
        ],
        "round_time": 26.757384300231934,
        "round_start_time": 1768419351.2962956,
        "round_end_time": 1768419378.05368,
        "evaluate_time": 3.1228275299072266,
        "inference_time": 0.06310415267944336
    },
    "18": {
        "trees_by_client": 190,
        "first_server_serialise_trees_size": 170175,
        "fit_time": 3.7638556957244873,
        "client_serialise_trees_size": 5272803,
        "final_server_serialise_trees_size": 9117399,
        "f1_score": 0.9686505639296416,
        "mcc": 0.9563999632736003,
        "accuracy": 0.9660709660709661,
        "precision": 0.9733626925180164,
        "recall": 0.9655009771735868,
        "confusion_matrix": [
            [
                0.980276134122288,
                0.0004930966469428008,
                0.019230769230769232,
                0.0,
                0.0,
                0.0
            ],
            [
                0.015408320493066256,
                0.9676425269645609,
                0.01078582434514638,
                0.0,
                0.0061633281972265025,
                0.0
            ],
            [
                0.02313253012048193,
                0.00048192771084337347,
                0.9744578313253012,
                0.0,
                0.0019277108433734939,
                0.0
            ],
            [
                0.0,
                0.0,
                0.0,
                1.0,
                0.0,
                0.0
            ],
            [
                0.0,
                0.026223776223776224,
                0.10314685314685315,
                0.0,
                0.8706293706293706,
                0.0
            ],
            [
                0.0,
                0.0,
                0.0,
                0.0,
                0.0,
                1.0
            ]
        ],
        "confusion_matrix_labels": [
            "DoS/DDoS",
            "Info_Gathering",
            "Injection",
            "MITM",
            "Malware",
            "Normal"
        ],
        "round_time": 26.235422134399414,
        "round_start_time": 1768419393.2083187,
        "round_end_time": 1768419419.4437408,
        "evaluate_time": 1.2378497123718262,
        "inference_time": 0.018208980560302734
    },
    "19": {
        "trees_by_client": 200,
        "first_server_serialise_trees_size": 179373,
        "fit_time": 3.4594199657440186,
        "client_serialise_trees_size": 5627846,
        "final_server_serialise_trees_size": 10299681,
        "f1_score": 0.9701821663055853,
        "mcc": 0.9578652448242767,
        "accuracy": 0.9672364672364673,
        "precision": 0.9745960038323944,
        "recall": 0.9670307417127292,
        "confusion_matrix": [
            [
                0.9758382642998028,
                0.0019723865877712033,
                0.022189349112426034,
                0.0,
                0.0,
                0.0
            ],
            [
                0.015408320493066256,
                0.9645608628659477,
                0.01386748844375963,
                0.0,
                0.0061633281972265025,
                0.0
            ],
            [
                0.023614457831325302,
                0.00048192771084337347,
                0.9754216867469879,
                0.0,
