{
    "0": {
        "trees_by_client": 10,
        "first_server_serialise_trees_size": 9443,
        "fit_time": 0.05361628532409668,
        "client_serialise_trees_size": 189758,
        "final_server_serialise_trees_size": 1008920,
        "f1_score": 0.9665670307002099,
        "mcc": 0.9496868231720249,
        "accuracy": 0.9602496714848883,
        "precision": 0.9704499202014061,
        "recall": 0.9648707591320068,
        "confusion_matrix": [
            [
                0.9937106918238994,
                0.0010482180293501049,
                0.005241090146750524,
                0.0,
                0.0,
                0.0
            ],
            [
                0.017766497461928935,
                0.9695431472081218,
                0.007614213197969543,
                0.0,
                0.005076142131979695,
                0.0
            ],
            [
                0.03565640194489465,
                0.0,
                0.9627228525121556,
                0.0,
                0.0016207455429497568,
                0.0
            ],
            [
                0.0,
                0.0,
                0.0,
                1.0,
                0.0,
                0.0
            ],
            [
                0.0,
                0.013675213675213675,
                0.12307692307692308,
                0.0,
                0.8632478632478633,
                0.0
            ],
            [
                0.0,
                0.0,
                0.0,
                0.0,
                0.0,
                1.0
            ]
        ],
        "confusion_matrix_labels": [
            "DoS/DDoS",
            "Info_Gathering",
            "Injection",
            "MITM",
            "Malware",
            "Normal"
        ],
        "round_time": 17.1264431476593,
        "round_start_time": 1764807389.9265327,
        "round_end_time": 1764807407.052976,
        "evaluate_time": 0.213545560836792,
        "inference_time": 0.011628389358520508
    },
    "1": {
        "trees_by_client": 20,
        "first_server_serialise_trees_size": 9569,
        "fit_time": 0.1709446907043457,
        "client_serialise_trees_size": 381934,
        "final_server_serialise_trees_size": 1958004,
        "f1_score": 0.966445449671768,
        "mcc": 0.9496872721814934,
        "accuracy": 0.9602496714848883,
        "precision": 0.9702002329165627,
        "recall": 0.9648707591320068,
        "confusion_matrix": [
            [
                0.9937106918238994,
                0.0010482180293501049,
                0.005241090146750524,
                0.0,
                0.0,
                0.0
            ],
            [
                0.017766497461928935,
                0.9695431472081218,
                0.007614213197969543,
                0.0,
                0.005076142131979695,
                0.0
            ],
            [
                0.03403565640194489,
                0.0016207455429497568,
                0.9627228525121556,
                0.0,
                0.0016207455429497568,
                0.0
            ],
            [
                0.0,
                0.0,
                0.0,
                1.0,
                0.0,
                0.0
            ],
            [
                0.0,
                0.013675213675213675,
                0.12307692307692308,
                0.0,
                0.8632478632478633,
                0.0
            ],
            [
                0.0,
                0.0,
                0.0,
                0.0,
                0.0,
                1.0
            ]
        ],
        "confusion_matrix_labels": [
            "DoS/DDoS",
            "Info_Gathering",
            "Injection",
            "MITM",
            "Malware",
            "Normal"
        ],
        "round_time": 2.9462900161743164,
        "round_start_time": 1764807425.2665088,
        "round_end_time": 1764807428.2127988,
        "evaluate_time": 0.2467806339263916,
        "inference_time": 0.017999887466430664
    },
    "2": {
        "trees_by_client": 30,
        "first_server_serialise_trees_size": 18985,
        "fit_time": 0.32666826248168945,
        "client_serialise_trees_size": 558676,
        "final_server_serialise_trees_size": 2968095,
        "f1_score": 0.9699873198238511,
        "mcc": 0.9545812145633366,
        "accuracy": 0.96419185282523,
        "precision": 0.9732778814515387,
        "recall": 0.968317476830233,
        "confusion_matrix": [
            [
                0.9947589098532494,
                0.0,
                0.005241090146750524,
                0.0,
                0.0,
                0.0
            ],
            [
                0.015228426395939087,
                0.9720812182741116,
                0.007614213197969543,
                0.0,
                0.005076142131979695,
                0.0
            ],
            [
                0.03565640194489465,
                0.0,
                0.9627228525121556,
                0.0,
                0.0016207455429497568,
                0.0
            ],
            [
                0.0,
                0.0,
                0.0,
                1.0,
                0.0,
                0.0
            ],
            [
                0.0,
                0.013675213675213675,
                0.10598290598290598,
                0.0,
                0.8803418803418803,
                0.0
            ],
            [
                0.0,
                0.0,
                0.0,
                0.0,
                0.0,
                1.0
            ]
        ],
        "confusion_matrix_labels": [
            "DoS/DDoS",
            "Info_Gathering",
            "Injection",
            "MITM",
            "Malware",
            "Normal"
        ],
        "round_time": 4.224579095840454,
        "round_start_time": 1764807443.4474754,
        "round_end_time": 1764807447.6720545,
        "evaluate_time": 0.2446596622467041,
        "inference_time": 0.01421499252319336
    },
    "3": {
        "trees_by_client": 40,
        "first_server_serialise_trees_size": 28176,
        "fit_time": 0.4414527416229248,
        "client_serialise_trees_size": 787491,
        "final_server_serialise_trees_size": 3915415,
        "f1_score": 0.9689954658960498,
        "mcc": 0.95333364303119,
        "accuracy": 0.9632063074901446,
        "precision": 0.9719651423051331,
        "recall": 0.9676831705355493,
        "confusion_matrix": [
            [
                0.9926624737945493,
                0.0020964360587002098,
                0.005241090146750524,
                0.0,
                0.0,
                0.0
            ],
            [
                0.015228426395939087,
                0.9720812182741116,
                0.007614213197969543,
                0.0,
                0.005076142131979695,
                0.0
            ],
            [
                0.03403565640194489,
                0.0016207455429497568,
                0.9627228525121556,
                0.0,
                0.0016207455429497568,
                0.0
            ],
            [
                0.0,
                0.0,
                0.0,
                1.0,
                0.0,
                0.0
            ],
            [
                0.0,
                0.013675213675213675,
                0.1076923076923077,
                0.0,
                0.8786324786324786,
                0.0
            ],
            [
                0.0,
                0.0,
                0.0,
                0.0,
                0.0,
                1.0
            ]
        ],
        "confusion_matrix_labels": [
            "DoS/DDoS",
            "Info_Gathering",
            "Injection",
            "MITM",
            "Malware",
            "Normal"
        ],
        "round_time": 5.121467113494873,
        "round_start_time": 1764807462.8975537,
        "round_end_time": 1764807468.0190208,
        "evaluate_time": 0.28435492515563965,
        "inference_time": 0.03262615203857422
    },
    "4": {
        "trees_by_client": 50,
        "first_server_serialise_trees_size": 37782,
        "fit_time": 0.5431978702545166,
        "client_serialise_trees_size": 933040,
        "final_server_serialise_trees_size": 4906528,
        "f1_score": 0.9683144122462783,
        "mcc": 0.952164105553092,
        "accuracy": 0.9622207621550591,
        "precision": 0.9718838270767548,
        "recall": 0.9667461866802626,
        "confusion_matrix": [
            [
                0.9947589098532494,
                0.0,
                0.005241090146750524,
                0.0,
                0.0,
                0.0
            ],
            [
                0.012690355329949238,
                0.9746192893401016,
                0.007614213197969543,
                0.0,
                0.005076142131979695,
                0.0
            ],
            [
                0.03565640194489465,
                0.0,
                0.9627228525121556,
                0.0,
                0.0016207455429497568,
                0.0
            ],
            [
                0.0,
                0.0,
                0.0,
                1.0,
                0.0,
                0.0
            ],
            [
                0.0,
                0.013675213675213675,
                0.11794871794871795,
                0.0,
                0.8683760683760684,
                0.0
            ],
            [
                0.0,
                0.0,
                0.0,
                0.0,
                0.0,
                1.0
            ]
        ],
        "confusion_matrix_labels": [
            "DoS/DDoS",
            "Info_Gathering",
            "Injection",
            "MITM",
            "Malware",
            "Normal"
        ],
        "round_time": 5.995709657669067,
        "round_start_time": 1764807483.2855632,
        "round_end_time": 1764807489.281273,
        "evaluate_time": 0.3515126705169678,
        "inference_time": 0.04455709457397461
    },
    "5": {
        "trees_by_client": 60,
        "first_server_serialise_trees_size": 47362,
        "fit_time": 0.6439955234527588,
        "client_serialise_trees_size": 1137344,
        "final_server_serialise_trees_size": 5831340,
        "f1_score": 0.9671715796930408,
        "mcc": 0.9505306320637265,
        "accuracy": 0.9609067017082786,
        "precision": 0.9708011758533477,
        "recall": 0.9657167828206701,
        "confusion_matrix": [
            [
                0.9937106918238994,
                0.0010482180293501049,
                0.005241090146750524,
                0.0,
                0.0,
                0.0
            ],
            [
                0.012690355329949238,
                0.9746192893401016,
                0.007614213197969543,
                0.0,
                0.005076142131979695,
                0.0
            ],
            [
                0.03565640194489465,
                0.0,
                0.9627228525121556,
                0.0,
                0.0016207455429497568,
                0.0
            ],
            [
                0.0,
                0.0,
                0.0,
                1.0,
                0.0,
                0.0
            ],
            [
                0.0,
                0.013675213675213675,
                0.12307692307692308,
                0.0,
                0.8632478632478633,
                0.0
            ],
            [
                0.0,
                0.0,
                0.0,
                0.0,
                0.0,
                1.0
            ]
        ],
        "confusion_matrix_labels": [
            "DoS/DDoS",
            "Info_Gathering",
            "Injection",
            "MITM",
            "Malware",
            "Normal"
        ],
        "round_time": 6.796273708343506,
        "round_start_time": 1764807504.5362933,
        "round_end_time": 1764807511.332567,
        "evaluate_time": 0.3740532398223877,
        "inference_time": 0.05234956741333008
    },
    "6": {
        "trees_by_client": 70,
        "first_server_serialise_trees_size": 56173,
        "fit_time": 0.7813258171081543,
        "client_serialise_trees_size": 1320056,
        "final_server_serialise_trees_size": 6855329,
        "f1_score": 0.966861758742918,
        "mcc": 0.950108067118855,
        "accuracy": 0.9605781865965834,
        "precision": 0.9708724923200185,
        "recall": 0.9650454621368985,
        "confusion_matrix": [
            [
                0.9947589098532494,
                0.0,
                0.005241090146750524,
                0.0,
                0.0,
                0.0
            ],
            [
                0.017766497461928935,
                0.9695431472081218,
                0.007614213197969543,
                0.0,
                0.005076142131979695,
                0.0
            ],
            [
                0.03565640194489465,
                0.0,
                0.9627228525121556,
                0.0,
                0.0016207455429497568,
                0.0
            ],
            [
                0.0,
                0.0,
                0.0,
                1.0,
                0.0,
                0.0
            ],
            [
                0.0,
                0.013675213675213675,
                0.12307692307692308,
                0.0,
                0.8632478632478633,
                0.0
            ],
            [
                0.0,
                0.0,
                0.0,
                0.0,
                0.0,
                1.0
            ]
        ],
        "confusion_matrix_labels": [
            "DoS/DDoS",
            "Info_Gathering",
            "Injection",
            "MITM",
            "Malware",
            "Normal"
        ],
        "round_time": 7.037534236907959,
        "round_start_time": 1764807526.597506,
        "round_end_time": 1764807533.6350403,
        "evaluate_time": 0.3289203643798828,
        "inference_time": 0.04708695411682129
    },
    "7": {
        "trees_by_client": 80,
        "first_server_serialise_trees_size": 66130,
        "fit_time": 0.5792460441589355,
        "client_serialise_trees_size": 1498011,
        "final_server_serialise_trees_size": 7767179,
        "f1_score": 0.9699873198238511,
        "mcc": 0.9545812145633366,
        "accuracy": 0.96419185282523,
        "precision": 0.9732778814515387,
        "recall": 0.968317476830233,
        "confusion_matrix": [
            [
                0.9947589098532494,
                0.0,
                0.005241090146750524,
                0.0,
                0.0,
                0.0
            ],
            [
                0.015228426395939087,
                0.9720812182741116,
                0.007614213197969543,
                0.0,
                0.005076142131979695,
                0.0
            ],
            [
                0.03565640194489465,
                0.0,
                0.9627228525121556,
                0.0,
                0.0016207455429497568,
                0.0
            ],
            [
                0.0,
                0.0,
                0.0,
                1.0,
                0.0,
                0.0
            ],
            [
                0.0,
                0.013675213675213675,
                0.10598290598290598,
                0.0,
                0.8803418803418803,
                0.0
            ],
            [
                0.0,
                0.0,
                0.0,
                0.0,
                0.0,
                1.0
            ]
        ],
        "confusion_matrix_labels": [
            "DoS/DDoS",
            "Info_Gathering",
            "Injection",
            "MITM",
            "Malware",
            "Normal"
        ],
        "round_time": 9.258325338363647,
        "round_start_time": 1764807548.9355643,
        "round_end_time": 1764807558.1938896,
        "evaluate_time": 0.21078705787658691,
        "inference_time": 0.02607870101928711
    },
    "8": {
        "trees_by_client": 90,
        "first_server_serialise_trees_size": 75661,
        "fit_time": 0.6739575862884521,
        "client_serialise_trees_size": 1749694,
        "final_server_serialise_trees_size": 8827254,
        "f1_score": 0.9680196542751803,
        "mcc": 0.9517433370134116,
        "accuracy": 0.961892247043364,
        "precision": 0.971463664850163,
        "recall": 0.9665714836753709,
        "confusion_matrix": [
            [
                0.9937106918238994,
                0.0010482180293501049,
                0.005241090146750524,
                0.0,
                0.0,
                0.0
            ],
            [
                0.012690355329949238,
                0.9746192893401016,
                0.007614213197969543,
                0.0,
                0.005076142131979695,
                0.0
            ],
            [
                0.03565640194489465,
                0.0,
                0.9627228525121556,
                0.0,
                0.0016207455429497568,
                0.0
            ],
            [
                0.0,
                0.0,
                0.0,
                1.0,
                0.0,
                0.0
            ],
            [
                0.0,
                0.013675213675213675,
                0.11794871794871795,
                0.0,
                0.8683760683760684,
                0.0
            ],
            [
                0.0,
                0.0,
                0.0,
                0.0,
                0.0,
                1.0
            ]
        ],
        "confusion_matrix_labels": [
            "DoS/DDoS",
            "Info_Gathering",
            "Injection",
            "MITM",
            "Malware",
            "Normal"
        ],
        "round_time": 7.970620155334473,
        "round_start_time": 1764807573.3024976,
        "round_end_time": 1764807581.2731178,
        "evaluate_time": 0.4721691608428955,
        "inference_time": 0.050305843353271484
    },
    "9": {
        "trees_by_client": 100,
        "first_server_serialise_trees_size": 85124,
        "fit_time": 0.7088332176208496,
        "client_serialise_trees_size": 1924293,
        "final_server_serialise_trees_size": 9768733,
        "f1_score": 0.9699873198238511,
        "mcc": 0.9545812145633366,
        "accuracy": 0.96419185282523,
        "precision": 0.9732778814515387,
        "recall": 0.968317476830233,
        "confusion_matrix": [
            [
                0.9947589098532494,
                0.0,
                0.005241090146750524,
                0.0,
                0.0,
                0.0
            ],
            [
                0.015228426395939087,
                0.9720812182741116,
                0.007614213197969543,
                0.0,
                0.005076142131979695,
                0.0
            ],
            [
                0.03565640194489465,
                0.0,
                0.9627228525121556,
                0.0,
                0.0016207455429497568,
                0.0
            ],
            [
                0.0,
                0.0,
                0.0,
                1.0,
                0.0,
                0.0
            ],
            [
                0.0,
                0.013675213675213675,
                0.10598290598290598,
                0.0,
                0.8803418803418803,
                0.0
            ],
            [
                0.0,
                0.0,
                0.0,
                0.0,
                0.0,
                1.0
            ]
        ],
        "confusion_matrix_labels": [
            "DoS/DDoS",
            "Info_Gathering",
            "Injection",
            "MITM",
            "Malware",
            "Normal"
        ],
        "round_time": 10.138200759887695,
        "round_start_time": 1764807596.5535133,
        "round_end_time": 1764807606.691714,
        "evaluate_time": 0.5594379901885986,
        "inference_time": 0.08731412887573242
    },
    "10": {
        "trees_by_client": 110,
        "first_server_serialise_trees_size": 94537,
        "fit_time": 1.0786302089691162,
        "client_serialise_trees_size": 2089716,
        "final_server_serialise_trees_size": 10828391,
        "f1_score": 0.9691415538712169,
        "mcc": 0.9533631331871097,
        "accuracy": 0.9632063074901446,
        "precision": 0.97260166019466,
        "recall": 0.9674627759755321,
        "confusion_matrix": [
            [
                0.9947589098532494,
                0.0,
                0.005241090146750524,
                0.0,
                0.0,
                0.0
            ],
            [
                0.015228426395939087,
                0.9720812182741116,
                0.007614213197969543,
                0.0,
                0.005076142131979695,
                0.0
            ],
            [
                0.03565640194489465,
                0.0,
                0.9627228525121556,
                0.0,
                0.0016207455429497568,
                0.0
            ],
            [
                0.0,
                0.0,
                0.0,
                1.0,
                0.0,
                0.0
            ],
            [
                0.0,
                0.013675213675213675,
                0.1111111111111111,
                0.0,
                0.8752136752136752,
                0.0
            ],
            [
                0.0,
                0.0,
                0.0,
                0.0,
                0.0,
                1.0
            ]
        ],
        "confusion_matrix_labels": [
            "DoS/DDoS",
            "Info_Gathering",
            "Injection",
            "MITM",
            "Malware",
            "Normal"
        ],
        "round_time": 11.158071756362915,
        "round_start_time": 1764807621.995534,
        "round_end_time": 1764807633.1536057,
        "evaluate_time": 0.5443415641784668,
        "inference_time": 0.06223344802856445
    },
    "11": {
        "trees_by_client": 120,
        "first_server_serialise_trees_size": 104110,
        "fit_time": 1.1955256462097168,
        "client_serialise_trees_size": 2324449,
        "final_server_serialise_trees_size": 11707382,
        "f1_score": 0.9685968772674772,
        "mcc": 0.9525688548250902,
        "accuracy": 0.9625492772667543,
        "precision": 0.9721059485812615,
        "recall": 0.9670310869651629,
        "confusion_matrix": [
            [
                0.9947589098532494,
                0.0,
                0.005241090146750524,
                0.0,
                0.0,
                0.0
            ],
            [
                0.012690355329949238,
                0.9746192893401016,
                0.007614213197969543,
                0.0,
                0.005076142131979695,
                0.0
            ],
            [
                0.03565640194489465,
                0.0,
                0.9627228525121556,
                0.0,
                0.0016207455429497568,
                0.0
            ],
            [
                0.0,
                0.0,
                0.0,
                1.0,
                0.0,
                0.0
            ],
            [
                0.0,
                0.013675213675213675,
                0.11623931623931624,
                0.0,
                0.8700854700854701,
                0.0
            ],
            [
                0.0,
                0.0,
                0.0,
                0.0,
                0.0,
                1.0
            ]
        ],
        "confusion_matrix_labels": [
            "DoS/DDoS",
            "Info_Gathering",
            "Injection",
            "MITM",
            "Malware",
            "Normal"
        ],
        "round_time": 12.043906927108765,
        "round_start_time": 1764807648.387531,
        "round_end_time": 1764807660.431438,
        "evaluate_time": 0.5710725784301758,
        "inference_time": 0.0643608570098877
    },
    "12": {
        "trees_by_client": 130,
        "first_server_serialise_trees_size": 113578,
        "fit_time": 1.2548627853393555,
        "client_serialise_trees_size": 2446014,
        "final_server_serialise_trees_size": 12912000,
        "f1_score": 0.9700075596057274,
        "mcc": 0.9545963112566279,
        "accuracy": 0.96419185282523,
        "precision": 0.9732263795141439,
        "recall": 0.9684555883896643,
        "confusion_matrix": [
            [
                0.9947589098532494,
                0.0,
                0.005241090146750524,
                0.0,
                0.0,
                0.0
            ],
            [
                0.012690355329949238,
                0.9746192893401016,
                0.007614213197969543,
                0.0,
                0.005076142131979695,
                0.0
            ],
            [
                0.03565640194489465,
                0.0,
                0.9627228525121556,
                0.0,
                0.0016207455429497568,
                0.0
            ],
            [
                0.0,
                0.0,
                0.0,
                1.0,
                0.0,
                0.0
            ],
            [
                0.0,
                0.013675213675213675,
                0.1076923076923077,
                0.0,
                0.8786324786324786,
                0.0
            ],
            [
                0.0,
                0.0,
                0.0,
                0.0,
                0.0,
                1.0
            ]
        ],
        "confusion_matrix_labels": [
            "DoS/DDoS",
            "Info_Gathering",
            "Injection",
            "MITM",
            "Malware",
            "Normal"
        ],
        "round_time": 12.211389303207397,
        "round_start_time": 1764807675.7494686,
        "round_end_time": 1764807687.9608579,
        "evaluate_time": 0.6130921840667725,
        "inference_time": 0.06237053871154785
    },
    "13": {
        "trees_by_client": 140,
        "first_server_serialise_trees_size": 123405,
        "fit_time": 1.4556481838226318,
        "client_serialise_trees_size": 2717846,
        "final_server_serialise_trees_size": 13706284,
        "f1_score": 0.9696925764254939,
        "mcc": 0.9541600195799694,
        "accuracy": 0.9638633377135348,
        "precision": 0.9728565165329788,
        "recall": 0.9681427738253413,
        "confusion_matrix": [
            [
                0.9937106918238994,
                0.0010482180293501049,
                0.005241090146750524,
                0.0,
                0.0,
                0.0
            ],
            [
                0.015228426395939087,
                0.9720812182741116,
                0.007614213197969543,
                0.0,
                0.005076142131979695,
                0.0
            ],
            [
                0.03565640194489465,
                0.0,
                0.9627228525121556,
                0.0,
                0.0016207455429497568,
                0.0
            ],
            [
                0.0,
                0.0,
                0.0,
                1.0,
                0.0,
                0.0
            ],
            [
                0.0,
                0.013675213675213675,
                0.10598290598290598,
                0.0,
                0.8803418803418803,
                0.0
            ],
            [
                0.0,
                0.0,
                0.0,
                0.0,
                0.0,
                1.0
            ]
        ],
        "confusion_matrix_labels": [
            "DoS/DDoS",
            "Info_Gathering",
            "Injection",
            "MITM",
            "Malware",
            "Normal"
        ],
        "round_time": 11.996121883392334,
        "round_start_time": 1764807703.185485,
        "round_end_time": 1764807715.1816068,
        "evaluate_time": 0.5998125076293945,
        "inference_time": 0.09675383567810059
    },
    "14": {
        "trees_by_client": 150,
        "first_server_serialise_trees_size": 132878,
        "fit_time": 1.3953001499176025,
        "client_serialise_trees_size": 2882269,
        "final_server_serialise_trees_size": 14757245,
        "f1_score": 0.9682948208838114,
        "mcc": 0.9521472817234024,
        "accuracy": 0.9622207621550591,
        "precision": 0.9719313784044717,
        "recall": 0.9666080751208312,
        "confusion_matrix": [
            [
                0.9947589098532494,
                0.0,
                0.005241090146750524,
                0.0,
                0.0,
                0.0
            ],
            [
                0.015228426395939087,
                0.9720812182741116,
                0.007614213197969543,
                0.0,
                0.005076142131979695,
                0.0
            ],
            [
                0.03565640194489465,
                0.0,
                0.9627228525121556,
                0.0,
                0.0016207455429497568,
                0.0
            ],
            [
                0.0,
                0.0,
                0.0,
                1.0,
                0.0,
                0.0
            ],
            [
                0.0,
                0.013675213675213675,
                0.11623931623931624,
                0.0,
                0.8700854700854701,
                0.0
            ],
            [
                0.0,
                0.0,
                0.0,
                0.0,
                0.0,
                1.0
            ]
        ],
        "confusion_matrix_labels": [
            "DoS/DDoS",
            "Info_Gathering",
            "Injection",
            "MITM",
            "Malware",
            "Normal"
        ],
        "round_time": 13.349555969238281,
        "round_start_time": 1764807730.448471,
        "round_end_time": 1764807743.798027,
        "evaluate_time": 0.7184889316558838,
        "inference_time": 0.08724546432495117
    },
    "15": {
        "trees_by_client": 160,
        "first_server_serialise_trees_size": 141372,
        "fit_time": 1.336233139038086,
        "client_serialise_trees_size": 3019655,
        "final_server_serialise_trees_size": 15826564,
        "f1_score": 0.967607746593588,
        "mcc": 0.951338267373897,
        "accuracy": 0.9615637319316689,
        "precision": 0.9712371833979493,
        "recall": 0.9660382745510306,
        "confusion_matrix": [
            [
                0.9947589098532494,
                0.0,
                0.005241090146750524,
                0.0,
                0.0,
                0.0
            ],
            [
                0.015228426395939087,
                0.9720812182741116,
                0.007614213197969543,
                0.0,
                0.005076142131979695,
                0.0
            ],
            [
                0.03403565640194489,
                0.0016207455429497568,
                0.9627228525121556,
                0.0,
                0.0016207455429497568,
                0.0
            ],
            [
                0.0,
                0.0,
                0.0,
                1.0,
                0.0,
                0.0
            ],
            [
                0.0,
                0.013675213675213675,
                0.11965811965811966,
                0.0,
                0.8666666666666667,
                0.0
            ],
            [
                0.0,
                0.0,
                0.0,
                0.0,
                0.0,
                1.0
            ]
        ],
        "confusion_matrix_labels": [
            "DoS/DDoS",
            "Info_Gathering",
            "Injection",
            "MITM",
            "Malware",
            "Normal"
        ],
        "round_time": 14.709463119506836,
        "round_start_time": 1764807758.9834416,
        "round_end_time": 1764807773.6929047,
        "evaluate_time": 0.6381726264953613,
        "inference_time": 0.11090636253356934
    },
    "16": {
        "trees_by_client": 170,
        "first_server_serialise_trees_size": 151368,
        "fit_time": 1.626127004623413,
        "client_serialise_trees_size": 3238949,
        "final_server_serialise_trees_size": 16619055,
        "f1_score": 0.9694436102548827,
        "mcc": 0.95378458545023,
        "accuracy": 0.9635348226018396,
        "precision": 0.9727762303714497,
        "recall": 0.9678857878198638,
        "confusion_matrix": [
            [
                0.9947589098532494,
                0.0,
                0.005241090146750524,
                0.0,
                0.0,
                0.0
            ],
            [
                0.012690355329949238,
                0.9746192893401016,
                0.007614213197969543,
                0.0,
                0.005076142131979695,
                0.0
            ],
            [
                0.03565640194489465,
                0.0,
                0.9627228525121556,
                0.0,
                0.0016207455429497568,
                0.0
            ],
            [
                0.0,
                0.0,
                0.0,
                1.0,
                0.0,
                0.0
            ],
            [
                0.0,
                0.013675213675213675,
                0.1111111111111111,
                0.0,
                0.8752136752136752,
                0.0
            ],
            [
                0.0,
                0.0,
                0.0,
                0.0,
                0.0,
                1.0
            ]
        ],
        "confusion_matrix_labels": [
            "DoS/DDoS",
            "Info_Gathering",
            "Injection",
            "MITM",
            "Malware",
            "Normal"
        ],
        "round_time": 15.481611490249634,
        "round_start_time": 1764807788.9935575,
        "round_end_time": 1764807804.475169,
        "evaluate_time": 0.7600584030151367,
        "inference_time": 0.0856926441192627
    },
    "17": {
        "trees_by_client": 180,
        "first_server_serialise_trees_size": 160349,
        "fit_time": 1.754483938217163,
        "client_serialise_trees_size": 3431478,
        "final_server_serialise_trees_size": 17686587,
        "f1_score": 0.970289376207517,
        "mcc": 0.9550025466943713,
        "accuracy": 0.9645203679369251,
        "precision": 0.9734524516283285,
        "recall": 0.9687404886745646,
        "confusion_matrix": [
            [
                0.9947589098532494,
                0.0,
                0.005241090146750524,
                0.0,
                0.0,
                0.0
            ],
            [
                0.012690355329949238,
                0.9746192893401016,
                0.007614213197969543,
                0.0,
                0.005076142131979695,
                0.0
            ],
            [
                0.03565640194489465,
                0.0,
                0.9627228525121556,
                0.0,
                0.0016207455429497568,
                0.0
            ],
            [
                0.0,
                0.0,
                0.0,
                1.0,
                0.0,
                0.0
            ],
            [
                0.0,
                0.013675213675213675,
                0.10598290598290598,
                0.0,
                0.8803418803418803,
                0.0
            ],
            [
                0.0,
                0.0,
                0.0,
                0.0,
                0.0,
                1.0
            ]
        ],
        "confusion_matrix_labels": [
            "DoS/DDoS",
            "Info_Gathering",
            "Injection",
            "MITM",
            "Malware",
            "Normal"
        ],
        "round_time": 17.057565212249756,
        "round_start_time": 1764807819.6724634,
        "round_end_time": 1764807836.7300286,
        "evaluate_time": 0.8414881229400635,
        "inference_time": 0.0995793342590332
    },
    "18": {
        "trees_by_client": 190,
        "first_server_serialise_trees_size": 170688,
        "fit_time": 1.8510322570800781,
        "client_serialise_trees_size": 3616816,
        "final_server_serialise_trees_size": 18498369,
        "f1_score": 0.9700075596057274,
        "mcc": 0.9545963112566279,
        "accuracy": 0.96419185282523,
        "precision": 0.9732263795141439,
        "recall": 0.9684555883896643,
        "confusion_matrix": [
            [
                0.9947589098532494,
                0.0,
                0.005241090146750524,
                0.0,
                0.0,
                0.0
            ],
            [
                0.012690355329949238,
                0.9746192893401016,
                0.007614213197969543,
                0.0,
                0.005076142131979695,
                0.0
            ],
            [
                0.03565640194489465,
                0.0,
                0.9627228525121556,
                0.0,
                0.0016207455429497568,
                0.0
            ],
            [
                0.0,
                0.0,
                0.0,
                1.0,
                0.0,
                0.0
            ],
            [
                0.0,
                0.013675213675213675,
                0.1076923076923077,
                0.0,
                0.8786324786324786,
                0.0
            ],
            [
                0.0,
                0.0,
                0.0,
                0.0,
                0.0,
                1.0
            ]
        ],
        "confusion_matrix_labels": [
            "DoS/DDoS",
            "Info_Gathering",
            "Injection",
            "MITM",
            "Malware",
            "Normal"
        ],
        "round_time": 16.310664176940918,
        "round_start_time": 1764807851.9495902,
        "round_end_time": 1764807868.2602544,
        "evaluate_time": 0.840909481048584,
        "inference_time": 0.0964505672454834
    },
    "19": {
        "trees_by_client": 200,
        "first_server_serialise_trees_size": 179792,
        "fit_time": 1.507706880569458,
        "client_serialise_trees_size": 3849849,
        "final_server_serialise_trees_size": 19436517,
        "f1_score": 0.9674663376641388,
        "mcc": 0.9509513362963006,
        "accuracy": 0.9612352168199737,
        "precision": 0.9712213380799394,
        "recall": 0.9658914858255617,
        "confusion_matrix": [
            [
                0.9947589098532494,
                0.0,
                0.005241090146750524,
                0.0,
                0.0,
                0.0
            ],
            [
                0.012690355329949238,
                0.9746192893401016,
                0.007614213197969543,
                0.0,
                0.005076142131979695,
                0.0
            ],
            [
                0.03565640194489465,
                0.0,
                0.9627228525121556,
                0.0,
                0.0016207455429497568,
                0.0
            ],
            [
                0.0,
                0.0,
                0.0,
                1.0,
                0.0,
                0.0
            ],
            [
                0.0,
                0.013675213675213675,
                0.12307692307692308,
                0.0,
                0.8632478632478633,
                0.0
            ],
            [
                0.0,
                0.0,
                0.0,
                0.0,
                0.0,
                1.0
            ]
        ],
