{
    "0": {
        "trees_by_client": 10,
        "first_server_serialise_trees_size": 9474,
        "fit_time": 0.0809624195098877,
        "client_serialise_trees_size": 85244,
        "final_server_serialise_trees_size": 543952,
        "f1_score": 0.9713470455987632,
        "mcc": 0.9652036810148588,
        "accuracy": 0.984406779661017,
        "precision": 0.9660912527051331,
        "recall": 0.9768292617147648,
        "confusion_matrix": [
            [
                0.9961538461538462,
                0.0038461538461538464,
                0.0,
                0.0
            ],
            [
                0.03829787234042553,
                0.9234042553191489,
                0.03829787234042553,
                0.0
            ],
            [
                0.0,
                0.01224105461393597,
                0.987758945386064,
                0.0
            ],
            [
                0.0,
                0.0,
                0.0,
                1.0
            ]
        ],
        "confusion_matrix_labels": null,
        "round_time": 31.676226139068604,
        "round_start_time": 1768418840.0659888,
        "round_end_time": 1768418871.742215,
        "evaluate_time": 0.191986083984375,
        "inference_time": 0.0046367645263671875
    },
    "1": {
        "trees_by_client": 20,
        "first_server_serialise_trees_size": 9400,
        "fit_time": 0.30309295654296875,
        "client_serialise_trees_size": 171671,
        "final_server_serialise_trees_size": 983757,
        "f1_score": 0.9718825693446628,
        "mcc": 0.96598199649738,
        "accuracy": 0.9847457627118644,
        "precision": 0.9666605000368313,
        "recall": 0.977310030945534,
        "confusion_matrix": [
            [
                0.9980769230769231,
                0.0019230769230769232,
                0.0,
                0.0
            ],
            [
                0.0425531914893617,
                0.9234042553191489,
                0.03404255319148936,
                0.0
            ],
            [
                0.0,
                0.01224105461393597,
                0.987758945386064,
                0.0
            ],
            [
                0.0,
                0.0,
                0.0,
                1.0
            ]
        ],
        "confusion_matrix_labels": null,
        "round_time": 5.52231240272522,
        "round_start_time": 1768418887.6894166,
        "round_end_time": 1768418893.211729,
        "evaluate_time": 0.24404025077819824,
        "inference_time": 0.008347272872924805
    },
    "2": {
        "trees_by_client": 30,
        "first_server_serialise_trees_size": 18858,
        "fit_time": 0.34624719619750977,
        "client_serialise_trees_size": 270000,
        "final_server_serialise_trees_size": 1462537,
        "f1_score": 0.9663482978965234,
        "mcc": 0.9591372205320224,
        "accuracy": 0.9816949152542372,
        "precision": 0.9611792804143413,
        "recall": 0.9717400659904266,
        "confusion_matrix": [
            [
                0.9942307692307693,
                0.0057692307692307696,
                0.0,
                0.0
            ],
            [
                0.0425531914893617,
                0.9063829787234042,
                0.05106382978723404,
                0.0
            ],
            [
                0.0,
                0.013653483992467044,
                0.986346516007533,
                0.0
            ],
            [
                0.0,
                0.0,
                0.0,
                1.0
            ]
        ],
        "confusion_matrix_labels": null,
        "round_time": 5.327077150344849,
        "round_start_time": 1768418909.0716398,
        "round_end_time": 1768418914.398717,
        "evaluate_time": 0.3576040267944336,
        "inference_time": 0.02595353126525879
    },
    "3": {
        "trees_by_client": 40,
        "first_server_serialise_trees_size": 28332,
        "fit_time": 0.5731799602508545,
        "client_serialise_trees_size": 336080,
        "final_server_serialise_trees_size": 2070466,
        "f1_score": 0.9704713129964577,
        "mcc": 0.9637691733040545,
        "accuracy": 0.9837288135593221,
        "precision": 0.9643048722590197,
        "recall": 0.9769569236009013,
        "confusion_matrix": [
            [
                0.9980769230769231,
                0.0019230769230769232,
                0.0,
                0.0
            ],
            [
                0.03829787234042553,
                0.9234042553191489,
                0.03829787234042553,
                0.0
            ],
            [
                0.0,
                0.013653483992467044,
                0.986346516007533,
                0.0
            ],
            [
                0.0,
                0.0,
                0.0,
                1.0
            ]
        ],
        "confusion_matrix_labels": null,
        "round_time": 6.656838417053223,
        "round_start_time": 1768418930.445358,
        "round_end_time": 1768418937.1021965,
        "evaluate_time": 0.5713820457458496,
        "inference_time": 0.015853166580200195
    },
    "4": {
        "trees_by_client": 50,
        "first_server_serialise_trees_size": 37730,
        "fit_time": 0.657146692276001,
        "client_serialise_trees_size": 437273,
        "final_server_serialise_trees_size": 2627129,
        "f1_score": 0.968952458323681,
        "mcc": 0.9622039323637992,
        "accuracy": 0.9830508474576272,
        "precision": 0.9631588307210347,
        "recall": 0.9750492578003397,
        "confusion_matrix": [
            [
                0.9942307692307693,
                0.0057692307692307696,
                0.0,
                0.0
            ],
            [
                0.03829787234042553,
                0.9191489361702128,
                0.0425531914893617,
                0.0
            ],
            [
                0.0,
                0.013182674199623353,
                0.9868173258003766,
                0.0
            ],
            [
                0.0,
                0.0,
                0.0,
                1.0
            ]
        ],
        "confusion_matrix_labels": null,
        "round_time": 10.02284550666809,
        "round_start_time": 1768418953.0844297,
        "round_end_time": 1768418963.1072752,
        "evaluate_time": 0.5799267292022705,
        "inference_time": 0.007904291152954102
    },
    "5": {
        "trees_by_client": 60,
        "first_server_serialise_trees_size": 47057,
        "fit_time": 0.4545278549194336,
        "client_serialise_trees_size": 501449,
        "final_server_serialise_trees_size": 3096477,
        "f1_score": 0.9686728662657549,
        "mcc": 0.9622207543681195,
        "accuracy": 0.9830508474576272,
        "precision": 0.9631203837789241,
        "recall": 0.9744661972438748,
        "confusion_matrix": [
            [
                0.9961538461538462,
                0.0038461538461538464,
                0.0,
                0.0
            ],
            [
                0.04680851063829787,
                0.9148936170212766,
                0.03829787234042553,
                0.0
            ],
            [
                0.0,
                0.013182674199623353,
                0.9868173258003766,
                0.0
            ],
            [
                0.0,
                0.0,
                0.0,
                1.0
            ]
        ],
        "confusion_matrix_labels": null,
        "round_time": 9.202070713043213,
        "round_start_time": 1768418978.9442894,
        "round_end_time": 1768418988.1463602,
        "evaluate_time": 0.5085000991821289,
        "inference_time": 0.0157320499420166
    },
    "6": {
        "trees_by_client": 70,
        "first_server_serialise_trees_size": 56715,
        "fit_time": 0.7448656558990479,
        "client_serialise_trees_size": 601323,
        "final_server_serialise_trees_size": 3666755,
        "f1_score": 0.9691637779155529,
        "mcc": 0.962327442684748,
        "accuracy": 0.9830508474576272,
        "precision": 0.9619024327777436,
        "recall": 0.9769415124783859,
        "confusion_matrix": [
            [
                0.9942307692307693,
                0.0057692307692307696,
                0.0,
                0.0
            ],
            [
                0.03829787234042553,
                0.9276595744680851,
                0.03404255319148936,
                0.0
            ],
            [
                0.0,
                0.014124293785310734,
                0.9858757062146892,
                0.0
            ],
            [
                0.0,
                0.0,
                0.0,
                1.0
            ]
        ],
        "confusion_matrix_labels": null,
        "round_time": 9.816581964492798,
        "round_start_time": 1768419003.917106,
        "round_end_time": 1768419013.7336879,
        "evaluate_time": 0.639045000076294,
        "inference_time": 0.01723790168762207
    },
    "7": {
        "trees_by_client": 80,
        "first_server_serialise_trees_size": 65722,
        "fit_time": 0.9502887725830078,
        "client_serialise_trees_size": 689797,
        "final_server_serialise_trees_size": 4073684,
        "f1_score": 0.9695584800530436,
        "mcc": 0.9629497677435892,
        "accuracy": 0.9833898305084746,
        "precision": 0.9643739028048789,
        "recall": 0.9749469664746441,
        "confusion_matrix": [
            [
                0.9980769230769231,
                0.0019230769230769232,
                0.0,
                0.0
            ],
            [
                0.0425531914893617,
                0.9148936170212766,
                0.0425531914893617,
                0.0
            ],
            [
                0.0,
                0.013182674199623353,
                0.9868173258003766,
                0.0
            ],
            [
                0.0,
                0.0,
                0.0,
                1.0
            ]
        ],
        "confusion_matrix_labels": null,
        "round_time": 10.825409650802612,
        "round_start_time": 1768419029.5811348,
        "round_end_time": 1768419040.4065444,
        "evaluate_time": 0.5451200008392334,
        "inference_time": 0.025703907012939453
    },
    "8": {
        "trees_by_client": 90,
        "first_server_serialise_trees_size": 75592,
        "fit_time": 0.9188857078552246,
        "client_serialise_trees_size": 775608,
        "final_server_serialise_trees_size": 4622248,
        "f1_score": 0.9669209927023565,
        "mcc": 0.9600144914471885,
        "accuracy": 0.9820338983050847,
        "precision": 0.9604556374917552,
        "recall": 0.9737500231166838,
        "confusion_matrix": [
            [
                0.9942307692307693,
                0.0057692307692307696,
                0.0,
                0.0
            ],
            [
                0.04680851063829787,
                0.9148936170212766,
                0.03829787234042553,
                0.0
            ],
            [
                0.0,
                0.014124293785310734,
                0.9858757062146892,
                0.0
            ],
            [
                0.0,
                0.0,
                0.0,
                1.0
            ]
        ],
        "confusion_matrix_labels": null,
        "round_time": 12.268051385879517,
        "round_start_time": 1768419056.254465,
        "round_end_time": 1768419068.5225165,
        "evaluate_time": 0.8324999809265137,
        "inference_time": 0.021600723266601562
    },
    "9": {
        "trees_by_client": 100,
        "first_server_serialise_trees_size": 85764,
        "fit_time": 0.8477511405944824,
        "client_serialise_trees_size": 849650,
        "final_server_serialise_trees_size": 5200373,
        "f1_score": 0.968324618496144,
        "mcc": 0.961466964436342,
        "accuracy": 0.9827118644067797,
        "precision": 0.9625734380184441,
        "recall": 0.9743484947956639,
        "confusion_matrix": [
            [
                0.9961538461538462,
                0.0038461538461538464,
                0.0,
                0.0
            ],
            [
                0.0425531914893617,
                0.9148936170212766,
                0.0425531914893617,
                0.0
            ],
            [
                0.0,
                0.013653483992467044,
                0.986346516007533,
                0.0
            ],
            [
                0.0,
                0.0,
                0.0,
                1.0
            ]
        ],
        "confusion_matrix_labels": null,
        "round_time": 12.370240688323975,
        "round_start_time": 1768419084.2421663,
        "round_end_time": 1768419096.612407,
        "evaluate_time": 0.677915096282959,
        "inference_time": 0.024414539337158203
    },
    "10": {
        "trees_by_client": 110,
        "first_server_serialise_trees_size": 94717,
        "fit_time": 1.5809338092803955,
        "client_serialise_trees_size": 944084,
        "final_server_serialise_trees_size": 5720136,
        "f1_score": 0.971111437540959,
        "mcc": 0.9646028297625998,
        "accuracy": 0.9840677966101695,
        "precision": 0.963611904006766,
        "recall": 0.9791868745010649,
        "confusion_matrix": [
            [
                0.9942307692307693,
                0.0057692307692307696,
                0.0,
                0.0
            ],
            [
                0.03404255319148936,
                0.9361702127659575,
                0.029787234042553193,
                0.0
            ],
            [
                0.0,
                0.013653483992467044,
                0.986346516007533,
                0.0
            ],
            [
                0.0,
                0.0,
                0.0,
                1.0
            ]
        ],
        "confusion_matrix_labels": null,
        "round_time": 14.40433645248413,
        "round_start_time": 1768419112.5291784,
        "round_end_time": 1768419126.9335148,
        "evaluate_time": 0.761878490447998,
        "inference_time": 0.022092580795288086
    },
    "11": {
        "trees_by_client": 120,
        "first_server_serialise_trees_size": 104091,
        "fit_time": 1.5327248573303223,
        "client_serialise_trees_size": 1022190,
        "final_server_serialise_trees_size": 6221921,
        "f1_score": 0.9694867684505726,
        "mcc": 0.963034004508291,
        "accuracy": 0.9833898305084746,
        "precision": 0.963372493527643,
        "recall": 0.9758930938136672,
        "confusion_matrix": [
            [
                0.9980769230769231,
                0.0019230769230769232,
                0.0,
                0.0
            ],
            [
                0.04680851063829787,
                0.9191489361702128,
                0.03404255319148936,
                0.0
            ],
            [
                0.0,
                0.013653483992467044,
                0.986346516007533,
                0.0
            ],
            [
                0.0,
                0.0,
                0.0,
                1.0
            ]
        ],
        "confusion_matrix_labels": null,
        "round_time": 15.624681234359741,
        "round_start_time": 1768419142.751263,
        "round_end_time": 1768419158.3759441,
        "evaluate_time": 0.5821614265441895,
        "inference_time": 0.04479074478149414
    },
    "12": {
        "trees_by_client": 130,
        "first_server_serialise_trees_size": 113822,
        "fit_time": 1.9976766109466553,
        "client_serialise_trees_size": 1117334,
        "final_server_serialise_trees_size": 6763220,
        "f1_score": 0.9687798880657931,
        "mcc": 0.9622808746425273,
        "accuracy": 0.9830508474576272,
        "precision": 0.962473971719686,
        "recall": 0.975412324582898,
        "confusion_matrix": [
            [
                0.9961538461538462,
                0.0038461538461538464,
                0.0,
                0.0
            ],
            [
                0.04680851063829787,
                0.9191489361702128,
                0.03404255319148936,
                0.0
            ],
            [
                0.0,
                0.013653483992467044,
                0.986346516007533,
                0.0
            ],
            [
                0.0,
                0.0,
                0.0,
                1.0
            ]
        ],
        "confusion_matrix_labels": null,
        "round_time": 17.935513734817505,
        "round_start_time": 1768419174.2083716,
        "round_end_time": 1768419192.1438854,
        "evaluate_time": 0.628920316696167,
        "inference_time": 0.0322415828704834
    },
    "13": {
        "trees_by_client": 140,
        "first_server_serialise_trees_size": 123615,
        "fit_time": 1.344325065612793,
        "client_serialise_trees_size": 1178906,
        "final_server_serialise_trees_size": 7201708,
        "f1_score": 0.9703108996915857,
        "mcc": 0.9638403724529908,
        "accuracy": 0.9837288135593221,
        "precision": 0.9630173830622383,
        "recall": 0.9781230447138308,
        "confusion_matrix": [
            [
                0.9942307692307693,
                0.0057692307692307696,
                0.0,
                0.0
            ],
            [
                0.03829787234042553,
                0.9319148936170213,
                0.029787234042553193,
                0.0
            ],
            [
                0.0,
                0.013653483992467044,
                0.986346516007533,
                0.0
            ],
            [
                0.0,
                0.0,
                0.0,
                1.0
            ]
        ],
        "confusion_matrix_labels": null,
        "round_time": 18.98407816886902,
        "round_start_time": 1768419208.0141437,
        "round_end_time": 1768419226.9982219,
        "evaluate_time": 1.3656787872314453,
        "inference_time": 0.0280153751373291
    },
    "14": {
        "trees_by_client": 150,
        "first_server_serialise_trees_size": 132679,
        "fit_time": 1.3632957935333252,
        "client_serialise_trees_size": 1287863,
        "final_server_serialise_trees_size": 7796283,
        "f1_score": 0.9689568693614762,
        "mcc": 0.962254603270378,
        "accuracy": 0.9830508474576272,
        "precision": 0.9628192416615471,
        "recall": 0.975412324582898,
        "confusion_matrix": [
            [
                0.9961538461538462,
                0.0038461538461538464,
                0.0,
                0.0
            ],
            [
                0.0425531914893617,
                0.9191489361702128,
                0.03829787234042553,
                0.0
            ],
            [
                0.0,
                0.013653483992467044,
                0.986346516007533,
                0.0
            ],
            [
                0.0,
                0.0,
                0.0,
                1.0
            ]
        ],
        "confusion_matrix_labels": null,
        "round_time": 20.130528450012207,
        "round_start_time": 1768419242.6591878,
        "round_end_time": 1768419262.7897162,
        "evaluate_time": 0.9494750499725342,
        "inference_time": 0.02671194076538086
    },
    "15": {
        "trees_by_client": 160,
        "first_server_serialise_trees_size": 141816,
        "fit_time": 1.5659821033477783,
        "client_serialise_trees_size": 1386266,
        "final_server_serialise_trees_size": 8262558,
        "f1_score": 0.9693315674675889,
        "mcc": 0.963104852460792,
        "accuracy": 0.9833898305084746,
        "precision": 0.9620777209265429,
        "recall": 0.9770592149265969,
        "confusion_matrix": [
            [
                0.9942307692307693,
                0.0057692307692307696,
                0.0,
                0.0
            ],
            [
                0.04680851063829787,
                0.9276595744680851,
                0.02553191489361702,
                0.0
            ],
            [
                0.0,
                0.013653483992467044,
                0.986346516007533,
                0.0
            ],
            [
                0.0,
                0.0,
                0.0,
                1.0
            ]
        ],
        "confusion_matrix_labels": null,
        "round_time": 20.123205423355103,
        "round_start_time": 1768419278.3870609,
        "round_end_time": 1768419298.5102663,
        "evaluate_time": 1.164421558380127,
        "inference_time": 0.024340391159057617
    },
    "16": {
        "trees_by_client": 170,
        "first_server_serialise_trees_size": 151218,
        "fit_time": 2.271620273590088,
        "client_serialise_trees_size": 1451736,
        "final_server_serialise_trees_size": 8706959,
        "f1_score": 0.9710169703727315,
        "mcc": 0.9645913385306409,
        "accuracy": 0.9840677966101695,
        "precision": 0.9638980098469515,
        "recall": 0.9786038139446,
        "confusion_matrix": [
            [
                0.9961538461538462,
                0.0038461538461538464,
                0.0,
                0.0
            ],
            [
                0.03829787234042553,
                0.9319148936170213,
                0.029787234042553193,
                0.0
            ],
            [
                0.0,
                0.013653483992467044,
                0.986346516007533,
                0.0
            ],
            [
                0.0,
                0.0,
                0.0,
                1.0
            ]
        ],
        "confusion_matrix_labels": null,
        "round_time": 22.5609610080719,
        "round_start_time": 1768419314.2012146,
        "round_end_time": 1768419336.7621756,
        "evaluate_time": 0.39072537422180176,
        "inference_time": 0.013275146484375
    },
    "17": {
        "trees_by_client": 180,
        "first_server_serialise_trees_size": 160826,
        "fit_time": 2.0207934379577637,
        "client_serialise_trees_size": 1555241,
        "final_server_serialise_trees_size": 9321551,
        "f1_score": 0.9697885779471458,
        "mcc": 0.9631161117033533,
        "accuracy": 0.9833898305084746,
        "precision": 0.9621514015251698,
        "recall": 0.9780053422656199,
        "confusion_matrix": [
            [
                0.9942307692307693,
                0.0057692307692307696,
                0.0,
                0.0
            ],
            [
                0.03829787234042553,
                0.9319148936170213,
                0.029787234042553193,
                0.0
            ],
            [
                0.0,
                0.014124293785310734,
                0.9858757062146892,
                0.0
            ],
            [
                0.0,
                0.0,
                0.0,
                1.0
            ]
        ],
        "confusion_matrix_labels": null,
        "round_time": 23.790226697921753,
        "round_start_time": 1768419352.0861676,
        "round_end_time": 1768419375.8763943,
        "evaluate_time": 0.939380407333374,
        "inference_time": 0.03552675247192383
    },
    "18": {
        "trees_by_client": 190,
        "first_server_serialise_trees_size": 170175,
        "fit_time": 1.8403711318969727,
        "client_serialise_trees_size": 1614738,
        "final_server_serialise_trees_size": 9117399,
        "f1_score": 0.9682563070791165,
        "mcc": 0.9615553222338514,
        "accuracy": 0.9827118644067797,
        "precision": 0.9615919729852874,
        "recall": 0.975294622134687,
        "confusion_matrix": [
            [
                0.9961538461538462,
                0.0038461538461538464,
                0.0,
                0.0
            ],
            [
                0.04680851063829787,
                0.9191489361702128,
                0.03404255319148936,
                0.0
            ],
            [
                0.0,
                0.014124293785310734,
                0.9858757062146892,
                0.0
            ],
            [
                0.0,
                0.0,
                0.0,
                1.0
            ]
        ],
        "confusion_matrix_labels": null,
        "round_time": 24.33908700942993,
        "round_start_time": 1768419391.7990506,
        "round_end_time": 1768419416.1381376,
        "evaluate_time": 0.9921796321868896,
        "inference_time": 0.04018068313598633
    },
    "19": {
        "trees_by_client": 200,
        "first_server_serialise_trees_size": 179373,
        "fit_time": 1.7305679321289062,
        "client_serialise_trees_size": 1692020,
        "final_server_serialise_trees_size": 10299681,
        "f1_score": 0.9711154560667303,
        "mcc": 0.9646544557450781,
        "accuracy": 0.9840677966101695,
        "precision": 0.9632702328243126,
        "recall": 0.9795499412836233,
        "confusion_matrix": [
            [
                0.9961538461538462,
                0.0038461538461538464,
                0.0,
                0.0
            ],
            [
                0.03829787234042553,
                0.9361702127659575,
                0.02553191489361702,
                0.0
            ],
            [
                0.0,
                0.014124293785310734,
                0.9858757062146892,
                0.0
            ],
            [
                0.0,
                0.0,
                0.0,
                1.0
            ]
        ],
        "confusion_matrix_labels": null,
        "round_time": 24.039960622787476,
        "round_start_time": 1768419431.8882358,
        "round_end_time": 1768419455.9281964,
        "evaluate_time": 1.1015758514404297,
        "inference_time": 0.03870368003845215
    },
    "20": {
        "trees_by_client": 210,
        "first_server_serialise_trees_size": 189611,
        "fit_time": 2.6103973388671875,
        "client_serialise_trees_size": 1798764,
        "final_server_serialise_trees_size": 10934183,
        "f1_score": 0.9703108996915857,
        "mcc": 0.9638403724529908,
        "accuracy": 0.9837288135593221,
        "precision": 0.9630173830622383,
        "recall": 0.9781230447138308,
        "confusion_matrix": [
            [
                0.9942307692307693,
                0.0057692307692307696,
                0.0,
                0.0
            ],
            [
                0.03829787234042553,
                0.9319148936170213,
                0.029787234042553193,
                0.0
            ],
            [
                0.0,
                0.013653483992467044,
                0.986346516007533,
                0.0
            ],
            [
                0.0,
                0.0,
                0.0,
                1.0
            ]
        ],
        "confusion_matrix_labels": null,
        "round_time": 29.25139331817627,
        "round_start_time": 1768419471.6081314,
        "round_end_time": 1768419500.8595247,
        "evaluate_time": 1.560560703277588,
        "inference_time": 0.03126358985900879
    },
    "21": {
        "trees_by_client": 220,
        "first_server_serialise_trees_size": 198085,
        "fit_time": 2.5262153148651123,
        "client_serialise_trees_size": 1880969,
        "final_server_serialise_trees_size": 11251181,
        "f1_score": 0.9688860158553906,
        "mcc": 0.9623436925144989,
        "accuracy": 0.9830508474576272,
        "precision": 0.9618400615342987,
        "recall": 0.9763584519219211,
        "confusion_matrix": [
            [
                0.9961538461538462,
                0.0038461538461538464,
                0.0,
                0.0
            ],
            [
                0.04680851063829787,
                0.9234042553191489,
                0.029787234042553193,
                0.0
            ],
            [
                0.0,
                0.014124293785310734,
                0.9858757062146892,
                0.0
            ],
            [
                0.0,
                0.0,
                0.0,
                1.0
            ]
        ],
        "confusion_matrix_labels": null,
        "round_time": 25.684194564819336,
        "round_start_time": 1768419516.6122298,
        "round_end_time": 1768419542.2964244,
        "evaluate_time": 1.1350302696228027,
        "inference_time": 0.022797584533691406
    },
    "22": {
        "trees_by_client": 230,
        "first_server_serialise_trees_size": 208549,
        "fit_time": 2.0786571502685547,
        "client_serialise_trees_size": 1936992,
        "final_server_serialise_trees_size": 11797485,
        "f1_score": 0.9687041856124488,
        "mcc": 0.962316619674741,
        "accuracy": 0.9830508474576272,
        "precision": 0.9618306121727633,
        "recall": 0.9759953851393628,
        "confusion_matrix": [
            [
                0.9942307692307693,
                0.0057692307692307696,
                0.0,
                0.0
            ],
            [
                0.04680851063829787,
                0.9234042553191489,
                0.029787234042553193,
                0.0
            ],
            [
                0.0,
                0.013653483992467044,
                0.986346516007533,
                0.0
            ],
            [
                0.0,
                0.0,
                0.0,
                1.0
            ]
        ],
        "confusion_matrix_labels": null,
        "round_time": 31.653813123703003,
        "round_start_time": 1768419557.9402041,
        "round_end_time": 1768419589.5940173,
        "evaluate_time": 1.2438654899597168,
        "inference_time": 0.05318260192871094
    },
    "23": {
        "trees_by_client": 240,
        "first_server_serialise_trees_size": 217626,
        "fit_time": 3.2619998455047607,
        "client_serialise_trees_size": 2026184,
        "final_server_serialise_trees_size": 11419387,
        "f1_score": 0.9688860158553906,
        "mcc": 0.9623436925144989,
        "accuracy": 0.9830508474576272,
        "precision": 0.9618400615342987,
        "recall": 0.9763584519219211,
        "confusion_matrix": [
            [
                0.9961538461538462,
                0.0038461538461538464,
                0.0,
                0.0
            ],
            [
                0.04680851063829787,
                0.9234042553191489,
                0.029787234042553193,
                0.0
            ],
            [
                0.0,
                0.014124293785310734,
                0.9858757062146892,
                0.0
            ],
            [
                0.0,
                0.0,
                0.0,
                1.0
            ]
        ],
        "confusion_matrix_labels": null,
        "round_time": 40.392972469329834,
        "round_start_time": 1768419605.4813716,
        "round_end_time": 1768419645.874344,
        "evaluate_time": 0.6006183624267578,
        "inference_time": 0.021933317184448242
    },
    "24": {
        "trees_by_client": 250,
        "first_server_serialise_trees_size": 226712,
        "fit_time": 2.623002767562866,
        "client_serialise_trees_size": 2127772,
        "final_server_serialise_trees_size": 12803332,
        "f1_score": 0.9682563070791165,
        "mcc": 0.9615553222338514,
        "accuracy": 0.9827118644067797,
        "precision": 0.9615919729852874,
        "recall": 0.975294622134687,
        "confusion_matrix": [
            [
                0.9961538461538462,
                0.0038461538461538464,
                0.0,
                0.0
            ],
            [
                0.04680851063829787,
                0.9191489361702128,
                0.03404255319148936,
                0.0
            ],
            [
                0.0,
                0.014124293785310734,
                0.9858757062146892,
                0.0
            ],
            [
                0.0,
                0.0,
                0.0,
                1.0
            ]
        ],
        "confusion_matrix_labels": null,
        "round_time": 31.6001079082489,
        "round_start_time": 1768419661.2662997,
        "round_end_time": 1768419692.8664076,
        "evaluate_time": 1.6213407516479492,
        "inference_time": 0.04277944564819336
    },
    "25": {
        "trees_by_client": 260,
        "first_server_serialise_trees_size": 236714,
        "fit_time": 2.9330363273620605,
        "client_serialise_trees_size": 2216154,
        "final_server_serialise_trees_size": 13296383,
        "f1_score": 0.9703917462922527,
        "mcc": 0.9638039159389814,
        "accuracy": 0.9837288135593221,
        "precision": 0.9636550299436369,
        "recall": 0.9775399841573661,
        "confusion_matrix": [
            [
                0.9961538461538462,
                0.0038461538461538464,
                0.0,
                0.0
            ],
            [
                0.03829787234042553,
                0.9276595744680851,
                0.03404255319148936,
                0.0
            ],
            [
                0.0,
                0.013653483992467044,
                0.986346516007533,
                0.0
            ],
            [
                0.0,
                0.0,
                0.0,
                1.0
            ]
        ],
        "confusion_matrix_labels": null,
        "round_time": 36.2469482421875,
        "round_start_time": 1768419708.585157,
        "round_end_time": 1768419744.8321052,
        "evaluate_time": 1.4288504123687744,
        "inference_time": 0.05274391174316406
    },
    "26": {
        "trees_by_client": 270,
        "first_server_serialise_trees_size": 246071,
        "fit_time": 4.109971046447754,
        "client_serialise_trees_size": 2314562,
        "final_server_serialise_trees_size": 13808056,
        "f1_score": 0.9699355196654581,
        "mcc": 0.9637948381877676,
        "accuracy": 0.9837288135593221,
        "precision": 0.9636049952623019,
        "recall": 0.976593856818343,
        "confusion_matrix": [
            [
                0.9961538461538462,
                0.0038461538461538464,
                0.0,
                0.0
            ],
            [
                0.04680851063829787,
                0.9234042553191489,
                0.029787234042553193,
                0.0
            ],
            [
                0.0,
                0.013182674199623353,
                0.9868173258003766,
                0.0
            ],
            [
                0.0,
                0.0,
                0.0,
                1.0
            ]
        ],
        "confusion_matrix_labels": null,
        "round_time": 37.062543630599976,
        "round_start_time": 1768419760.7471573,
        "round_end_time": 1768419797.809701,
        "evaluate_time": 1.3263967037200928,
        "inference_time": 0.050643205642700195
    },
    "27": {
        "trees_by_client": 280,
        "first_server_serialise_trees_size": 255230,
        "fit_time": 2.565279483795166,
        "client_serialise_trees_size": 2418244,
        "final_server_serialise_trees_size": 14519446,
        "f1_score": 0.969685885983076,
        "mcc": 0.9630523750677537,
        "accuracy": 0.9833898305084746,
        "precision": 0.9627714111110508,
        "recall": 0.9770592149265969,
        "confusion_matrix": [
            [
                0.9942307692307693,
                0.0057692307692307696,
                0.0,
                0.0
            ],
            [
                0.03829787234042553,
                0.9276595744680851,
                0.03404255319148936,
                0.0
            ],
            [
                0.0,
                0.013653483992467044,
                0.986346516007533,
                0.0
            ],
            [
                0.0,
                0.0,
                0.0,
                1.0
            ]
        ],
        "confusion_matrix_labels": null,
        "round_time": 39.10198354721069,
        "round_start_time": 1768419813.589144,
        "round_end_time": 1768419852.6911275,
        "evaluate_time": 1.5998785495758057,
        "inference_time": 0.03847002983093262
    },
    "28": {
        "trees_by_client": 290,
        "first_server_serialise_trees_size": 264963,
        "fit_time": 4.053729057312012,
        "client_serialise_trees_size": 2459285,
        "final_server_serialise_trees_size": 14850690,
        "f1_score": 0.9704927408093964,
        "mcc": 0.9638663984522635,
        "accuracy": 0.9837288135593221,
        "precision": 0.9630251036276596,
        "recall": 0.9784861114963892,
        "confusion_matrix": [
            [
                0.9961538461538462,
                0.0038461538461538464,
                0.0,
                0.0
            ],
            [
                0.03829787234042553,
                0.9319148936170213,
                0.029787234042553193,
                0.0
            ],
            [
                0.0,
                0.014124293785310734,
                0.9858757062146892,
                0.0
            ],
            [
                0.0,
                0.0,
                0.0,
                1.0
            ]
        ],
        "confusion_matrix_labels": null,
        "round_time": 37.14640259742737,
        "round_start_time": 1768419868.349382,
        "round_end_time": 1768419905.4957845,
        "evaluate_time": 1.373741865158081,
        "inference_time": 0.05074810981750488
    },
    "29": {
        "trees_by_client": 300,
        "first_server_serialise_trees_size": 274757,
        "fit_time": 5.2777323722839355,
        "client_serialise_trees_size": 2540373,
        "final_server_serialise_trees_size": 15440480,
        "f1_score": 0.9703108996915857,
        "mcc": 0.9638403724529908,
        "accuracy": 0.9837288135593221,
        "precision": 0.9630173830622383,
        "recall": 0.9781230447138308,
        "confusion_matrix": [
            [
                0.9942307692307693,
                0.0057692307692307696,
                0.0,
                0.0
            ],
            [
                0.03829787234042553,
                0.9319148936170213,
                0.029787234042553193,
                0.0
            ],
            [
                0.0,
                0.013653483992467044,
                0.986346516007533,
                0.0
            ],
            [
                0.0,
                0.0,
                0.0,
                1.0
            ]
        ],
        "confusion_matrix_labels": null,
        "round_time": 46.14580035209656,
        "round_start_time": 1768419921.2610564,
        "round_end_time": 1768419967.4068568,
        "evaluate_time": 1.867372989654541,
        "inference_time": 0.09755206108093262
    },
    "30": {
        "trees_by_client": 310,
        "first_server_serialise_trees_size": 284521,
        "fit_time": 4.873748064041138,
        "client_serialise_trees_size": 2627120,
        "final_server_serialise_trees_size": 14988011,
        "f1_score": 0.9688811335221974,
        "mcc": 0.9622901678585604,
        "accuracy": 0.9830508474576272,
        "precision": 0.9621766305776721,
        "recall": 0.9759953851393628,
        "confusion_matrix": [
            [
                0.9942307692307693,
                0.0057692307692307696,
                0.0,
                0.0
            ],
            [
                0.0425531914893617,
                0.9234042553191489,
                0.03404255319148936,
                0.0
            ],
            [
                0.0,
                0.013653483992467044,
