{
    "1": {
        "fit_time": 1.233245611190796,
        "train_loss": 2.2378537924899065,
        "num_train_samples": 12176,
        "model_param_count": 7078,
        "model_size_bytes": 28312,
        "epochs": 5,
        "batch_size": 64,
        "learning_rate": 0.001,
        "round_start_time": 1772052409.7286994,
        "target_labels": [
            "0",
            "1",
            "2",
            "3",
            "4",
            "5"
        ],
        "input_features": 74,
        "output_classes": 6,
        "evaluate_time": 0.02637028694152832,
        "inference_time": 0.026369571685791016,
        "test_loss": 0.3615911924102773,
        "accuracy": 0.8216162943495401,
        "precision": 0.845108330953648,
        "recall": 0.8216162943495401,
        "f1_score": 0.8244381715078767,
        "mcc": 0.7778511647361774,
        "confusion_matrix": [
            [
                0.7942088934850051,
                0.10444674250258532,
                0.09617373319544985,
                0.0,
                0.005170630816959669,
                0.0
            ],
            [
                0.22900763358778625,
                0.6895674300254453,
                0.061068702290076333,
                0.0,
                0.020356234096692113,
                0.0
            ],
            [
                0.017482517482517484,
                0.05244755244755245,
                0.9230769230769231,
                0.0,
                0.006993006993006993,
                0.0
            ],
            [
                0.0,
                0.0,
                0.0,
                0.75,
                0.25,
                0.0
            ],
            [
                0.0,
                0.019834710743801654,
                0.27107438016528923,
                0.0,
                0.7090909090909091,
                0.0
            ],
            [
                0.0,
                0.0,
                0.0,
                0.0,
                0.0,
                1.0
            ]
        ],
        "confusion_matrix_labels": [
            "0",
            "1",
            "2",
            "3",
            "4",
            "5"
        ],
        "num_test_samples": 3044,
        "round_end_time": 1772052411.423736,
        "round_time": 0.02637028694152832
    },
    "2": {
        "fit_time": 1.488053321838379,
        "train_loss": 1.701750248592254,
        "num_train_samples": 12176,
        "model_param_count": 7078,
        "model_size_bytes": 28312,
        "epochs": 5,
        "batch_size": 64,
        "learning_rate": 0.001,
        "round_start_time": 1772052413.308759,
        "target_labels": [
            "0",
            "1",
            "2",
            "3",
            "4",
            "5"
        ],
        "input_features": 74,
        "output_classes": 6,
        "evaluate_time": 0.02551555633544922,
        "inference_time": 0.02551436424255371,
        "test_loss": 0.33516523852924796,
        "accuracy": 0.8515111695137977,
        "precision": 0.8863884507598682,
        "recall": 0.8515111695137977,
        "f1_score": 0.8560122521562442,
        "mcc": 0.819286913181153,
        "confusion_matrix": [
            [
                0.7973112719751809,
                0.10548086866597725,
                0.09720785935884178,
                0.0,
                0.0,
                0.0
            ],
            [
                0.02544529262086514,
                0.9007633587786259,
                0.06361323155216285,
                0.0,
                0.010178117048346057,
                0.0
            ],
            [
                0.017482517482517484,
                0.05244755244755245,
                0.9248251748251748,
                0.0,
                0.005244755244755245,
                0.0
            ],
            [
                0.0,
                0.0,
                0.25,
                0.75,
                0.0,
                0.0
            ],
            [
                0.0,
                0.01487603305785124,
                0.2694214876033058,
                0.0,
                0.715702479338843,
                0.0
            ],
            [
                0.0,
                0.0,
                0.0,
                0.0,
                0.0,
                1.0
            ]
        ],
        "confusion_matrix_labels": [
            "0",
            "1",
            "2",
            "3",
            "4",
            "5"
        ],
        "num_test_samples": 3044,
        "round_end_time": 1772052416.0718503,
        "round_time": 0.02551555633544922
    },
    "3": {
        "fit_time": 0.9297530651092529,
        "train_loss": 1.551264692053845,
        "num_train_samples": 12176,
        "model_param_count": 7078,
        "model_size_bytes": 28312,
        "epochs": 5,
        "batch_size": 64,
        "learning_rate": 0.001,
        "round_start_time": 1772052419.03538,
        "target_labels": [
            "0",
            "1",
            "2",
            "3",
            "4",
            "5"
        ],
        "input_features": 74,
        "output_classes": 6,
        "evaluate_time": 0.025811195373535156,
        "inference_time": 0.02581024169921875,
        "test_loss": 0.3060161960500925,
        "accuracy": 0.8501971090670171,
        "precision": 0.8867334263294386,
        "recall": 0.8501971090670171,
        "f1_score": 0.8545813077096756,
        "mcc": 0.8180554197714573,
        "confusion_matrix": [
            [
                0.7993795243019648,
                0.10341261633919338,
                0.09720785935884178,
                0.0,
                0.0,
                0.0
            ],
            [
                0.017811704834605598,
                0.9083969465648855,
                0.06361323155216285,
                0.0,
                0.010178117048346057,
                0.0
            ],
            [
                0.019230769230769232,
                0.05244755244755245,
                0.9265734265734266,
                0.0,
                0.0017482517482517483,
                0.0
            ],
            [
                0.0,
                0.0,
                0.25,
                0.75,
                0.0,
                0.0
            ],
            [
                0.003305785123966942,
                0.01487603305785124,
                0.28264462809917357,
                0.0,
                0.6991735537190082,
                0.0
            ],
            [
                0.0,
                0.0,
                0.0,
                0.0,
                0.0,
                1.0
            ]
        ],
        "confusion_matrix_labels": [
            "0",
            "1",
            "2",
            "3",
            "4",
            "5"
        ],
        "num_test_samples": 3044,
        "round_end_time": 1772052420.4317904,
        "round_time": 0.025811195373535156
    },
    "4": {
        "fit_time": 1.360311508178711,
        "train_loss": 1.4494763373956574,
        "num_train_samples": 12176,
        "model_param_count": 7078,
        "model_size_bytes": 28312,
        "epochs": 5,
        "batch_size": 64,
        "learning_rate": 0.001,
        "round_start_time": 1772052420.6876874,
        "target_labels": [
            "0",
            "1",
            "2",
            "3",
            "4",
            "5"
        ],
        "input_features": 74,
        "output_classes": 6,
        "evaluate_time": 0.021071672439575195,
        "inference_time": 0.02107095718383789,
        "test_loss": 0.2939247885295502,
        "accuracy": 0.8557818659658344,
        "precision": 0.8921721101535958,
        "recall": 0.8557818659658344,
        "f1_score": 0.8597359067536642,
        "mcc": 0.8255722605843736,
        "confusion_matrix": [
            [
                0.796277145811789,
                0.10651499482936919,
                0.09720785935884178,
                0.0,
                0.0,
                0.0
            ],
            [
                0.007633587786259542,
                0.9185750636132316,
                0.06361323155216285,
                0.0,
                0.010178117048346057,
                0.0
            ],
            [
                0.017482517482517484,
                0.03496503496503497,
                0.9458041958041958,
                0.0,
                0.0017482517482517483,
                0.0
            ],
            [
                0.0,
                0.0,
                0.0,
                1.0,
                0.0,
                0.0
            ],
            [
                0.001652892561983471,
                0.01487603305785124,
                0.2793388429752066,
                0.0,
                0.7041322314049587,
                0.0
            ],
            [
                0.0,
                0.0,
                0.0,
                0.0,
                0.0,
                1.0
            ]
        ],
        "confusion_matrix_labels": [
            "0",
            "1",
            "2",
            "3",
            "4",
            "5"
        ],
        "num_test_samples": 3044,
        "round_end_time": 1772052424.6208792,
        "round_time": 0.021071672439575195
    },
    "5": {
        "fit_time": 1.2003347873687744,
        "train_loss": 1.4192776625165802,
        "num_train_samples": 12176,
        "model_param_count": 7078,
        "model_size_bytes": 28312,
        "epochs": 5,
        "batch_size": 64,
        "learning_rate": 0.001,
        "round_start_time": 1772052425.1182353,
        "target_labels": [
            "0",
            "1",
            "2",
            "3",
            "4",
            "5"
        ],
        "input_features": 74,
        "output_classes": 6,
        "evaluate_time": 0.018682003021240234,
        "inference_time": 0.01868128776550293,
        "test_loss": 0.29103285559843467,
        "accuracy": 0.8547963206307491,
        "precision": 0.8913822609299376,
        "recall": 0.8547963206307491,
        "f1_score": 0.858733218245632,
        "mcc": 0.824444135365924,
        "confusion_matrix": [
            [
                0.7921406411582212,
                0.11065149948293691,
                0.09720785935884178,
                0.0,
                0.0,
                0.0
            ],
            [
                0.01272264631043257,
                0.9134860050890585,
                0.06361323155216285,
                0.0,
                0.010178117048346057,
                0.0
            ],
            [
                0.017482517482517484,
                0.03146853146853147,
                0.9493006993006993,
                0.0,
                0.0017482517482517483,
                0.0
            ],
            [
                0.0,
                0.0,
                0.0,
                1.0,
                0.0,
                0.0
            ],
            [
                0.0,
                0.01487603305785124,
                0.2793388429752066,
                0.0,
                0.7057851239669422,
                0.0
            ],
            [
                0.0,
                0.0,
                0.0,
                0.0,
                0.0,
                1.0
            ]
        ],
        "confusion_matrix_labels": [
            "0",
            "1",
            "2",
            "3",
            "4",
            "5"
        ],
        "num_test_samples": 3044,
        "round_end_time": 1772052428.9033337,
        "round_time": 0.018682003021240234
    },
    "6": {
        "fit_time": 1.2443392276763916,
        "train_loss": 1.4041279699364566,
        "num_train_samples": 12176,
        "model_param_count": 7078,
        "model_size_bytes": 28312,
        "epochs": 5,
        "batch_size": 64,
        "learning_rate": 0.001,
        "round_start_time": 1772052429.4086595,
        "target_labels": [
            "0",
            "1",
            "2",
            "3",
            "4",
            "5"
        ],
        "input_features": 74,
        "output_classes": 6,
        "evaluate_time": 0.026698589324951172,
        "inference_time": 0.026696443557739258,
        "test_loss": 0.29286523043874374,
        "accuracy": 0.8544678055190539,
        "precision": 0.8917362739611708,
        "recall": 0.8544678055190539,
        "f1_score": 0.8584308307392519,
        "mcc": 0.8242601220086276,
        "confusion_matrix": [
            [
                0.7890382626680456,
                0.11375387797311272,
                0.09720785935884178,
                0.0,
                0.0,
                0.0
            ],
            [
                0.007633587786259542,
                0.9185750636132316,
                0.06361323155216285,
                0.0,
                0.010178117048346057,
                0.0
            ],
            [
                0.017482517482517484,
                0.03146853146853147,
                0.9493006993006993,
                0.0,
                0.0017482517482517483,
                0.0
            ],
            [
                0.0,
                0.0,
                0.0,
                1.0,
                0.0,
                0.0
            ],
            [
                0.0,
                0.01487603305785124,
                0.2793388429752066,
                0.0,
                0.7057851239669422,
                0.0
            ],
            [
                0.0,
                0.0,
                0.0,
                0.0,
                0.0,
                1.0
            ]
        ],
        "confusion_matrix_labels": [
            "0",
            "1",
            "2",
            "3",
            "4",
            "5"
        ],
        "num_test_samples": 3044,
        "round_end_time": 1772052433.3544605,
        "round_time": 0.026698589324951172
    },
    "7": {
        "fit_time": 1.3340649604797363,
        "train_loss": 1.3981796598426617,
        "num_train_samples": 12176,
        "model_param_count": 7078,
        "model_size_bytes": 28312,
        "epochs": 5,
        "batch_size": 64,
        "learning_rate": 0.001,
        "round_start_time": 1772052433.6622965,
        "target_labels": [
            "0",
            "1",
            "2",
            "3",
            "4",
            "5"
        ],
        "input_features": 74,
        "output_classes": 6,
        "evaluate_time": 0.01907515525817871,
        "inference_time": 0.019073963165283203,
        "test_loss": 0.28644885915807605,
        "accuracy": 0.8577529566360053,
        "precision": 0.8936730376552823,
        "recall": 0.8577529566360053,
        "f1_score": 0.8616624304299245,
        "mcc": 0.8279842222154352,
        "confusion_matrix": [
            [
                0.7983453981385729,
                0.10444674250258532,
                0.09720785935884178,
                0.0,
                0.0,
                0.0
            ],
            [
                0.007633587786259542,
                0.9185750636132316,
                0.06361323155216285,
                0.0,
                0.010178117048346057,
                0.0
            ],
            [
                0.017482517482517484,
                0.03146853146853147,
                0.9493006993006993,
                0.0,
                0.0017482517482517483,
                0.0
            ],
            [
                0.0,
                0.0,
                0.0,
                1.0,
                0.0,
                0.0
            ],
            [
                0.0,
                0.01487603305785124,
                0.27768595041322314,
                0.0,
                0.7074380165289256,
                0.0
            ],
            [
                0.0,
                0.0,
                0.0,
                0.0,
                0.0,
                1.0
            ]
        ],
        "confusion_matrix_labels": [
            "0",
            "1",
            "2",
            "3",
            "4",
            "5"
        ],
        "num_test_samples": 3044,
        "round_end_time": 1772052437.6771655,
        "round_time": 0.01907515525817871
    },
    "8": {
        "fit_time": 0.9211235046386719,
        "train_loss": 1.3880077783561724,
        "num_train_samples": 12176,
        "model_param_count": 7078,
        "model_size_bytes": 28312,
        "epochs": 5,
        "batch_size": 64,
        "learning_rate": 0.001,
        "round_start_time": 1772052440.7812436,
        "target_labels": [
            "0",
            "1",
            "2",
            "3",
            "4",
            "5"
        ],
        "input_features": 74,
        "output_classes": 6,
        "evaluate_time": 0.020137548446655273,
        "inference_time": 0.02013683319091797,
        "test_loss": 0.29240572742344356,
        "accuracy": 0.8544678055190539,
        "precision": 0.8915208114423939,
        "recall": 0.8544678055190539,
        "f1_score": 0.858550971793139,
        "mcc": 0.8240793028521118,
        "confusion_matrix": [
            [
                0.7921406411582212,
                0.11065149948293691,
                0.09720785935884178,
                0.0,
                0.0,
                0.0
            ],
            [
                0.007633587786259542,
                0.9185750636132316,
                0.06361323155216285,
                0.0,
                0.010178117048346057,
                0.0
            ],
            [
                0.017482517482517484,
                0.03671328671328671,
                0.9440559440559441,
                0.0,
                0.0017482517482517483,
                0.0
            ],
            [
                0.0,
                0.0,
                0.0,
                1.0,
                0.0,
                0.0
            ],
            [
                0.0,
                0.01487603305785124,
                0.2793388429752066,
                0.0,
                0.7057851239669422,
                0.0
            ],
            [
                0.0,
                0.0,
                0.0,
                0.0,
                0.0,
                1.0
            ]
        ],
        "confusion_matrix_labels": [
            "0",
            "1",
            "2",
            "3",
            "4",
            "5"
        ],
        "num_test_samples": 3044,
        "round_end_time": 1772052441.875131,
        "round_time": 0.020137548446655273
    },
    "9": {
        "fit_time": 1.2371249198913574,
        "train_loss": 1.3815036955706863,
        "num_train_samples": 12176,
        "model_param_count": 7078,
        "model_size_bytes": 28312,
        "epochs": 5,
        "batch_size": 64,
        "learning_rate": 0.001,
        "round_start_time": 1772052443.7751248,
        "target_labels": [
            "0",
            "1",
            "2",
            "3",
            "4",
            "5"
        ],
        "input_features": 74,
        "output_classes": 6,
        "evaluate_time": 0.01862478256225586,
        "inference_time": 0.01862359046936035,
        "test_loss": 0.2877135999725933,
        "accuracy": 0.8577529566360053,
        "precision": 0.8937204131346265,
        "recall": 0.8577529566360053,
        "f1_score": 0.8616786445822299,
        "mcc": 0.8279984363776283,
        "confusion_matrix": [
            [
                0.7983453981385729,
                0.10444674250258532,
                0.09720785935884178,
                0.0,
                0.0,
                0.0
            ],
            [
                0.007633587786259542,
                0.9185750636132316,
                0.06361323155216285,
                0.0,
                0.010178117048346057,
                0.0
            ],
            [
                0.017482517482517484,
                0.03146853146853147,
                0.9493006993006993,
                0.0,
                0.0017482517482517483,
                0.0
            ],
            [
                0.0,
                0.0,
                0.0,
                1.0,
                0.0,
                0.0
            ],
            [
                0.0,
                0.013223140495867768,
                0.2793388429752066,
                0.0,
                0.7074380165289256,
                0.0
            ],
            [
                0.0,
                0.0,
                0.0,
                0.0,
                0.0,
                1.0
            ]
        ],
        "confusion_matrix_labels": [
            "0",
            "1",
            "2",
            "3",
            "4",
            "5"
        ],
        "num_test_samples": 3044,
        "round_end_time": 1772052446.303412,
        "round_time": 0.01862478256225586
    },
    "10": {
        "fit_time": 1.2203583717346191,
        "train_loss": 1.3691039804795098,
        "num_train_samples": 12176,
        "model_param_count": 7078,
        "model_size_bytes": 28312,
        "epochs": 5,
        "batch_size": 64,
        "learning_rate": 0.001,
        "round_start_time": 1772052446.6157775,
        "target_labels": [
            "0",
            "1",
            "2",
            "3",
            "4",
            "5"
        ],
        "input_features": 74,
        "output_classes": 6,
        "evaluate_time": 0.024530649185180664,
        "inference_time": 0.02452993392944336,
        "test_loss": 0.29239147940697086,
        "accuracy": 0.8561103810775296,
        "precision": 0.8926478242612681,
        "recall": 0.8561103810775296,
        "f1_score": 0.8600823812016392,
        "mcc": 0.8260612289489219,
        "confusion_matrix": [
            [
                0.795243019648397,
                0.10754912099276112,
                0.09720785935884178,
                0.0,
                0.0,
                0.0
            ],
            [
                0.007633587786259542,
                0.9185750636132316,
                0.06361323155216285,
                0.0,
                0.010178117048346057,
                0.0
            ],
            [
                0.017482517482517484,
                0.033216783216783216,
                0.9475524475524476,
                0.0,
                0.0017482517482517483,
                0.0
            ],
            [
                0.0,
                0.0,
                0.0,
                1.0,
                0.0,
                0.0
            ],
            [
                0.0,
                0.01487603305785124,
                0.2793388429752066,
                0.0,
                0.7057851239669422,
                0.0
            ],
            [
                0.0,
                0.0,
                0.0,
                0.0,
                0.0,
                1.0
            ]
        ],
        "confusion_matrix_labels": [
            "0",
            "1",
            "2",
            "3",
            "4",
            "5"
        ],
        "num_test_samples": 3044,
        "round_end_time": 1772052450.4748986,
        "round_time": 0.024530649185180664
    },
    "11": {
        "fit_time": 1.8635859489440918,
        "train_loss": 1.36110413143027,
        "num_train_samples": 12176,
        "model_param_count": 7078,
        "model_size_bytes": 28312,
        "epochs": 5,
        "batch_size": 64,
        "learning_rate": 0.001,
        "round_start_time": 1772052450.9132245,
        "target_labels": [
            "0",
            "1",
            "2",
            "3",
            "4",
            "5"
        ],
        "input_features": 74,
        "output_classes": 6,
        "evaluate_time": 0.02049088478088379,
        "inference_time": 0.020488739013671875,
        "test_loss": 0.2956608652911894,
        "accuracy": 0.8547963206307491,
        "precision": 0.883810706996151,
        "recall": 0.8547963206307491,
        "f1_score": 0.8581532043265723,
        "mcc": 0.8217603108912337,
        "confusion_matrix": [
            [
                0.828335056876939,
                0.07445708376421924,
                0.09720785935884178,
                0.0,
                0.0,
                0.0
            ],
            [
                0.09669211195928754,
                0.8295165394402035,
                0.06361323155216285,
                0.0,
                0.010178117048346057,
                0.0
            ],
            [
                0.017482517482517484,
                0.033216783216783216,
                0.9475524475524476,
                0.0,
                0.0017482517482517483,
                0.0
            ],
            [
                0.0,
                0.0,
                0.0,
                1.0,
                0.0,
                0.0
            ],
            [
                0.0049586776859504135,
                0.008264462809917356,
                0.28264462809917357,
                0.0,
                0.7041322314049587,
                0.0
            ],
            [
                0.0,
                0.0,
                0.0,
                0.0,
                0.0,
                1.0
            ]
        ],
        "confusion_matrix_labels": [
            "0",
            "1",
            "2",
            "3",
            "4",
            "5"
        ],
        "num_test_samples": 3044,
        "round_end_time": 1772052455.6146567,
        "round_time": 0.02049088478088379
    },
    "12": {
        "fit_time": 1.227870225906372,
        "train_loss": 1.3505868393629201,
        "num_train_samples": 12176,
        "model_param_count": 7078,
        "model_size_bytes": 28312,
        "epochs": 5,
        "batch_size": 64,
        "learning_rate": 0.001,
        "round_start_time": 1772052456.1087644,
        "target_labels": [
            "0",
            "1",
            "2",
            "3",
            "4",
            "5"
        ],
        "input_features": 74,
        "output_classes": 6,
        "evaluate_time": 0.025697708129882812,
        "inference_time": 0.02569580078125,
        "test_loss": 0.2998996544213239,
        "accuracy": 0.8564388961892248,
        "precision": 0.8923373246175059,
        "recall": 0.8564388961892248,
        "f1_score": 0.860309007377453,
        "mcc": 0.8262915547139732,
        "confusion_matrix": [
            [
                0.7993795243019648,
                0.10341261633919338,
                0.09720785935884178,
                0.0,
                0.0,
                0.0
            ],
            [
                0.01272264631043257,
                0.9134860050890585,
                0.06361323155216285,
                0.0,
                0.010178117048346057,
                0.0
            ],
            [
                0.017482517482517484,
                0.03146853146853147,
                0.9493006993006993,
                0.0,
                0.0017482517482517483,
                0.0
            ],
            [
                0.0,
                0.0,
                0.0,
                1.0,
                0.0,
                0.0
            ],
            [
                0.001652892561983471,
                0.011570247933884297,
                0.28429752066115704,
                0.0,
                0.7024793388429752,
                0.0
            ],
            [
                0.0,
                0.0,
                0.0,
                0.0,
                0.0,
                1.0
            ]
        ],
        "confusion_matrix_labels": [
            "0",
            "1",
            "2",
            "3",
            "4",
            "5"
        ],
        "num_test_samples": 3044,
        "round_end_time": 1772052460.1549459,
        "round_time": 0.025697708129882812
    },
    "13": {
        "fit_time": 1.2168936729431152,
        "train_loss": 1.3426914381526616,
        "num_train_samples": 12176,
        "model_param_count": 7078,
        "model_size_bytes": 28312,
        "epochs": 5,
        "batch_size": 64,
        "learning_rate": 0.001,
        "round_start_time": 1772052460.4830337,
        "target_labels": [
            "0",
            "1",
            "2",
            "3",
            "4",
            "5"
        ],
        "input_features": 74,
        "output_classes": 6,
        "evaluate_time": 0.024706125259399414,
        "inference_time": 0.024705171585083008,
        "test_loss": 0.29718982061168053,
        "accuracy": 0.857095926412615,
        "precision": 0.8932135986269407,
        "recall": 0.857095926412615,
        "f1_score": 0.8609811587861991,
        "mcc": 0.8272144989551043,
        "confusion_matrix": [
            [
                0.7983453981385729,
                0.10444674250258532,
                0.09720785935884178,
                0.0,
                0.0,
                0.0
            ],
            [
                0.007633587786259542,
                0.9185750636132316,
                0.06361323155216285,
                0.0,
                0.010178117048346057,
                0.0
            ],
            [
                0.017482517482517484,
                0.03146853146853147,
                0.9493006993006993,
                0.0,
                0.0017482517482517483,
                0.0
            ],
            [
                0.0,
                0.0,
                0.0,
                1.0,
                0.0,
                0.0
            ],
            [
                0.001652892561983471,
                0.011570247933884297,
                0.28264462809917357,
                0.0,
                0.7041322314049587,
                0.0
            ],
            [
                0.0,
                0.0,
                0.0,
                0.0,
                0.0,
                1.0
            ]
        ],
        "confusion_matrix_labels": [
            "0",
            "1",
            "2",
            "3",
            "4",
            "5"
        ],
        "num_test_samples": 3044,
        "round_end_time": 1772052464.5238113,
        "round_time": 0.024706125259399414
    },
    "14": {
        "fit_time": 1.2596163749694824,
        "train_loss": 1.336836709221152,
        "num_train_samples": 12176,
        "model_param_count": 7078,
        "model_size_bytes": 28312,
        "epochs": 5,
        "batch_size": 64,
        "learning_rate": 0.001,
        "round_start_time": 1772052466.2272024,
        "target_labels": [
            "0",
            "1",
            "2",
            "3",
            "4",
            "5"
        ],
        "input_features": 74,
        "output_classes": 6,
        "evaluate_time": 0.025490760803222656,
        "inference_time": 0.02548980712890625,
        "test_loss": 0.3036562717383857,
        "accuracy": 0.857095926412615,
        "precision": 0.891600025794795,
        "recall": 0.857095926412615,
        "f1_score": 0.8608868204082262,
        "mcc": 0.8266223400337269,
        "confusion_matrix": [
            [
                0.8066184074457083,
                0.09617373319544985,
                0.09720785935884178,
                0.0,
                0.0,
                0.0
            ],
            [
                0.027989821882951654,
                0.8982188295165394,
                0.06361323155216285,
                0.0,
                0.010178117048346057,
                0.0
            ],
            [
                0.017482517482517484,
                0.03146853146853147,
                0.951048951048951,
                0.0,
                0.0,
                0.0
            ],
            [
                0.0,
                0.0,
                0.0,
                1.0,
                0.0,
                0.0
            ],
            [
                0.001652892561983471,
                0.011570247933884297,
                0.28429752066115704,
                0.0,
                0.7024793388429752,
                0.0
            ],
            [
                0.0,
                0.0,
                0.0,
                0.0,
                0.0,
                1.0
            ]
        ],
        "confusion_matrix_labels": [
            "0",
            "1",
            "2",
            "3",
            "4",
            "5"
        ],
        "num_test_samples": 3044,
        "round_end_time": 1772052468.86971,
        "round_time": 0.025490760803222656
    },
    "15": {
        "fit_time": 1.2313966751098633,
        "train_loss": 1.3283569836663511,
        "num_train_samples": 12176,
        "model_param_count": 7078,
        "model_size_bytes": 28312,
        "epochs": 5,
        "batch_size": 64,
        "learning_rate": 0.001,
        "round_start_time": 1772052469.163277,
        "target_labels": [
            "0",
            "1",
            "2",
            "3",
            "4",
            "5"
        ],
        "input_features": 74,
        "output_classes": 6,
        "evaluate_time": 0.020456552505493164,
        "inference_time": 0.020454883575439453,
        "test_loss": 0.30720902429147084,
        "accuracy": 0.8564388961892248,
        "precision": 0.8926595147817098,
        "recall": 0.8564388961892248,
        "f1_score": 0.8602656231222722,
        "mcc": 0.8264166414188916,
        "confusion_matrix": [
            [
                0.7983453981385729,
                0.10444674250258532,
                0.09720785935884178,
                0.0,
                0.0,
                0.0
            ],
            [
                0.007633587786259542,
                0.9185750636132316,
                0.06361323155216285,
                0.0,
                0.010178117048346057,
                0.0
            ],
            [
                0.017482517482517484,
                0.03146853146853147,
                0.9493006993006993,
                0.0,
                0.0017482517482517483,
                0.0
            ],
            [
                0.0,
                0.0,
                0.0,
                1.0,
                0.0,
                0.0
            ],
            [
                0.003305785123966942,
                0.011570247933884297,
                0.28429752066115704,
                0.0,
                0.7008264462809918,
                0.0
            ],
            [
                0.0,
                0.0,
                0.0,
                0.0,
                0.0,
                1.0
            ]
        ],
        "confusion_matrix_labels": [
            "0",
            "1",
            "2",
            "3",
            "4",
            "5"
        ],
        "num_test_samples": 3044,
        "round_end_time": 1772052473.4269924,
        "round_time": 0.020456552505493164
    },
    "16": {
        "fit_time": 1.2233588695526123,
        "train_loss": 1.3211495041573094,
        "num_train_samples": 12176,
        "model_param_count": 7078,
        "model_size_bytes": 28312,
        "epochs": 5,
        "batch_size": 64,
        "learning_rate": 0.001,
        "round_start_time": 1772052475.0929132,
        "target_labels": [
            "0",
            "1",
            "2",
            "3",
            "4",
            "5"
        ],
        "input_features": 74,
        "output_classes": 6,
        "evaluate_time": 0.017725229263305664,
        "inference_time": 0.01772475242614746,
        "test_loss": 0.30929183286373624,
        "accuracy": 0.8567674113009198,
        "precision": 0.8932627235160986,
        "recall": 0.8567674113009198,
        "f1_score": 0.8606911870471893,
        "mcc": 0.8268906611687609,
        "confusion_matrix": [
            [
                0.7983453981385729,
                0.10444674250258532,
                0.09720785935884178,
                0.0,
                0.0,
                0.0
            ],
            [
                0.007633587786259542,
                0.9185750636132316,
                0.06361323155216285,
                0.0,
                0.010178117048346057,
                0.0
            ],
            [
                0.017482517482517484,
                0.03146853146853147,
                0.9493006993006993,
                0.0,
                0.0017482517482517483,
                0.0
            ],
            [
                0.0,
                0.0,
                0.0,
                1.0,
                0.0,
                0.0
            ],
            [
                0.0,
                0.013223140495867768,
                0.28429752066115704,
                0.0,
                0.7024793388429752,
                0.0
            ],
            [
                0.0,
                0.0,
                0.0,
                0.0,
                0.0,
                1.0
            ]
        ],
        "confusion_matrix_labels": [
            "0",
            "1",
            "2",
            "3",
            "4",
            "5"
        ],
        "num_test_samples": 3044,
        "round_end_time": 1772052477.6350536,
        "round_time": 0.017725229263305664
    },
    "17": {
        "fit_time": 1.262636423110962,
        "train_loss": 1.3161443415515213,
        "num_train_samples": 12176,
        "model_param_count": 7078,
        "model_size_bytes": 28312,
        "epochs": 5,
        "batch_size": 64,
        "learning_rate": 0.001,
        "round_start_time": 1772052479.4798748,
        "target_labels": [
            "0",
            "1",
            "2",
            "3",
            "4",
            "5"
        ],
        "input_features": 74,
        "output_classes": 6,
        "evaluate_time": 0.019946575164794922,
        "inference_time": 0.01994609832763672,
        "test_loss": 0.3161051999802032,
        "accuracy": 0.8567674113009198,
        "precision": 0.8929979951505188,
        "recall": 0.8567674113009198,
        "f1_score": 0.8607046040242349,
        "mcc": 0.826809844898274,
        "confusion_matrix": [
            [
                0.7983453981385729,
                0.10444674250258532,
                0.09720785935884178,
                0.0,
                0.0,
                0.0
            ],
            [
                0.010178117048346057,
                0.916030534351145,
                0.06361323155216285,
                0.0,
                0.010178117048346057,
                0.0
            ],
            [
                0.017482517482517484,
                0.03146853146853147,
                0.9493006993006993,
                0.0,
                0.0017482517482517483,
                0.0
            ],
            [
                0.0,
                0.0,
                0.0,
                1.0,
                0.0,
                0.0
            ],
            [
                0.0,
                0.011570247933884297,
                0.28429752066115704,
                0.0,
                0.7041322314049587,
                0.0
            ],
            [
                0.0,
                0.0,
                0.0,
                0.0,
                0.0,
                1.0
            ]
        ],
        "confusion_matrix_labels": [
            "0",
            "1",
            "2",
            "3",
            "4",
            "5"
        ],
        "num_test_samples": 3044,
        "round_end_time": 1772052482.0324655,
        "round_time": 0.019946575164794922
    },
    "18": {
        "fit_time": 1.230527400970459,
        "train_loss": 1.309234248628441,
        "num_train_samples": 12176,
        "model_param_count": 7078,
        "model_size_bytes": 28312,
        "epochs": 5,
        "batch_size": 64,
        "learning_rate": 0.001,
        "round_start_time": 1772052484.380315,
        "target_labels": [
            "0",
            "1",
            "2",
            "3",
            "4",
