{
    "0": {
        "trees_by_client": 10,
        "first_server_serialise_trees_size": 10271,
        "fit_time": 0.025332927703857422,
        "client_serialise_trees_size": 118550,
        "final_server_serialise_trees_size": 1119898,
        "f1_score": 0.8644612122087049,
        "mcc": 0.9667714185215702,
        "accuracy": 0.9731429954028551,
        "precision": 0.8324370102390704,
        "recall": 0.9678019113800396,
        "confusion_matrix": [
            [
                0.9980506822612085,
                0.0,
                0.0,
                0.0,
                0.0,
                0.0,
                0.001949317738791423,
                0.0,
                0.0,
                0.0
            ],
            [
                0.0,
                0.9626865671641791,
                0.0,
                0.009950248756218905,
                0.0024875621890547263,
                0.0,
                0.0024875621890547263,
                0.0024875621890547263,
                0.0,
                0.01990049751243781
            ],
            [
                0.0,
                0.0,
                0.9668820678513732,
                0.0008077544426494346,
                0.015347334410339256,
                0.0016155088852988692,
                0.0016155088852988692,
                0.0,
                0.013731825525040387,
                0.0
            ],
            [
                0.0,
                0.0,
                0.0,
                0.9024390243902439,
                0.024390243902439025,
                0.0,
                0.0,
                0.0,
                0.0,
                0.07317073170731707
            ],
            [
                0.0,
                0.0,
                0.0,
                0.0,
                1.0,
                0.0,
                0.0,
                0.0,
                0.0,
                0.0
            ],
            [
                0.0,
                0.019189765458422176,
                0.0,
                0.0042643923240938165,
                0.0,
                0.9701492537313433,
                0.0,
                0.0021321961620469083,
                0.0,
                0.0042643923240938165
            ],
            [
                0.0,
                0.001314060446780552,
                0.0,
                0.0,
                0.007227332457293035,
                0.000657030223390276,
                0.9816031537450722,
                0.0032851511169513796,
                0.0,
                0.005913272010512484
            ],
            [
                0.0,
                0.0,
                0.0,
                0.0,
                0.0,
                0.0,
                0.0,
                0.9826086956521739,
                0.0,
                0.017391304347826087
            ],
            [
                0.0,
                0.0,
                0.002186588921282799,
                0.0,
                0.004373177842565598,
                0.0,
                0.0014577259475218659,
                0.0,
                0.9919825072886297,
                0.0
            ],
            [
                0.0,
                0.0008250825082508251,
                0.0,
                0.010726072607260726,
                0.0,
                0.0024752475247524753,
                0.0,
                0.06435643564356436,
                0.0,
                0.9216171617161716
            ]
        ],
        "confusion_matrix_labels": [
            "backdoor",
            "ddos",
            "dos",
            "injection",
            "mitm",
            "normal",
            "password",
            "ransomware",
            "scanning",
            "xss"
        ],
        "round_time": 43.63857316970825,
        "round_start_time": 1771803816.4241188,
        "round_end_time": 1771803860.062692,
        "evaluate_time": 0.7518229484558105,
        "inference_time": 0.013449668884277344
    },
    "1": {
        "trees_by_client": 20,
        "first_server_serialise_trees_size": 10723,
        "fit_time": 0.12651777267456055,
        "client_serialise_trees_size": 248990,
        "final_server_serialise_trees_size": 2241897,
        "f1_score": 0.8623214720004565,
        "mcc": 0.9669204770728044,
        "accuracy": 0.9732639729010404,
        "precision": 0.8289890647611479,
        "recall": 0.9677754021354152,
        "confusion_matrix": [
            [
                1.0,
                0.0,
                0.0,
                0.0,
                0.0,
                0.0,
                0.0,
                0.0,
                0.0,
                0.0
            ],
            [
                0.0,
                0.9626865671641791,
                0.0,
                0.009950248756218905,
                0.0024875621890547263,
                0.0,
                0.0024875621890547263,
                0.0024875621890547263,
                0.0,
                0.01990049751243781
            ],
            [
                0.0,
                0.0,
                0.9676898222940227,
                0.0008077544426494346,
                0.014539579967689823,
                0.0016155088852988692,
                0.0016155088852988692,
                0.0,
                0.013731825525040387,
                0.0
            ],
            [
                0.0,
                0.0,
                0.0,
                0.9024390243902439,
                0.024390243902439025,
                0.0,
                0.0,
                0.0,
                0.0,
                0.07317073170731707
            ],
            [
                0.0,
                0.0,
                0.0,
                0.0,
                1.0,
                0.0,
                0.0,
                0.0,
                0.0,
                0.0
            ],
            [
                0.0,
                0.010660980810234541,
                0.0,
                0.010660980810234541,
                0.0,
                0.9658848614072495,
                0.0021321961620469083,
                0.0021321961620469083,
                0.0,
                0.008528784648187633
            ],
            [
                0.0,
                0.0019710906701708277,
                0.0,
                0.000657030223390276,
                0.005256241787122208,
                0.0,
                0.9835742444152431,
                0.0032851511169513796,
                0.0,
                0.005256241787122208
            ],
            [
                0.0,
                0.0,
                0.0,
                0.0,
                0.0,
                0.0,
                0.0,
                0.9826086956521739,
                0.0,
                0.017391304347826087
            ],
            [
                0.0,
                0.0,
                0.0029154518950437317,
                0.0,
                0.00510204081632653,
                0.0,
                0.0007288629737609329,
                0.0,
                0.9912536443148688,
                0.0
            ],
            [
                0.0,
                0.0,
                0.0,
                0.01155115511551155,
                0.0,
                0.0024752475247524753,
                0.0,
                0.06435643564356436,
                0.0,
                0.9216171617161716
            ]
        ],
        "confusion_matrix_labels": [
            "backdoor",
            "ddos",
            "dos",
            "injection",
            "mitm",
            "normal",
            "password",
            "ransomware",
            "scanning",
            "xss"
        ],
        "round_time": 4.577576398849487,
        "round_start_time": 1771803875.878783,
        "round_end_time": 1771803880.4563594,
        "evaluate_time": 0.6503996849060059,
        "inference_time": 0.00947880744934082
    },
    "2": {
        "trees_by_client": 30,
        "first_server_serialise_trees_size": 21373,
        "fit_time": 0.22023510932922363,
        "client_serialise_trees_size": 378929,
        "final_server_serialise_trees_size": 3340440,
        "f1_score": 0.8637305290695043,
        "mcc": 0.966478154508482,
        "accuracy": 0.9729010404064844,
        "precision": 0.8297004485722544,
        "recall": 0.9682477701535814,
        "confusion_matrix": [
            [
                1.0,
                0.0,
                0.0,
                0.0,
                0.0,
                0.0,
                0.0,
                0.0,
                0.0,
                0.0
            ],
            [
                0.0,
                0.9626865671641791,
                0.0,
                0.009950248756218905,
                0.0024875621890547263,
                0.0,
                0.0024875621890547263,
                0.0024875621890547263,
                0.0,
                0.01990049751243781
            ],
            [
                0.0,
                0.0,
                0.9660743134087237,
                0.0008077544426494346,
                0.014539579967689823,
                0.0024232633279483036,
                0.0016155088852988692,
                0.0,
                0.014539579967689823,
                0.0
            ],
            [
                0.0,
                0.0,
                0.0,
                0.9024390243902439,
                0.024390243902439025,
                0.0,
                0.0,
                0.0,
                0.0,
                0.07317073170731707
            ],
            [
                0.0,
                0.0,
                0.0,
                0.0,
                1.0,
                0.0,
                0.0,
                0.0,
                0.0,
                0.0
            ],
            [
                0.0,
                0.010660980810234541,
                0.0,
                0.0042643923240938165,
                0.0,
                0.976545842217484,
                0.0,
                0.0042643923240938165,
                0.0,
                0.0042643923240938165
            ],
            [
                0.0,
                0.0019710906701708277,
                0.0,
                0.0,
                0.005913272010512484,
                0.000657030223390276,
                0.9829172141918529,
                0.0032851511169513796,
                0.0,
                0.005256241787122208
            ],
            [
                0.0,
                0.0,
                0.0,
                0.0,
                0.0,
                0.0,
                0.0,
                0.9826086956521739,
                0.0,
                0.017391304347826087
            ],
            [
                0.0,
                0.0,
                0.0032798833819241984,
                0.0,
                0.004008746355685131,
                0.0,
                0.0018221574344023323,
                0.0,
                0.9908892128279884,
                0.0
            ],
            [
                0.0,
                0.0008250825082508251,
                0.0,
                0.014026402640264026,
                0.0,
                0.0024752475247524753,
                0.0,
                0.06435643564356436,
                0.0,
                0.9183168316831684
            ]
        ],
        "confusion_matrix_labels": [
            "backdoor",
            "ddos",
            "dos",
            "injection",
            "mitm",
            "normal",
            "password",
            "ransomware",
            "scanning",
            "xss"
        ],
        "round_time": 5.612840175628662,
        "round_start_time": 1771803895.5577688,
        "round_end_time": 1771803901.170609,
        "evaluate_time": 0.7728338241577148,
        "inference_time": 0.009602785110473633
    },
    "3": {
        "trees_by_client": 40,
        "first_server_serialise_trees_size": 32299,
        "fit_time": 0.28293561935424805,
        "client_serialise_trees_size": 496641,
        "final_server_serialise_trees_size": 4471751,
        "f1_score": 0.8637259516814962,
        "mcc": 0.9667776175485427,
        "accuracy": 0.9731429954028551,
        "precision": 0.8307516785769422,
        "recall": 0.9678912529455577,
        "confusion_matrix": [
            [
                1.0,
                0.0,
                0.0,
                0.0,
                0.0,
                0.0,
                0.0,
                0.0,
                0.0,
                0.0
            ],
            [
                0.0,
                0.9601990049751243,
                0.0024875621890547263,
                0.009950248756218905,
                0.0,
                0.0024875621890547263,
                0.0024875621890547263,
                0.0024875621890547263,
                0.0,
                0.01990049751243781
            ],
            [
                0.0,
                0.0,
                0.9668820678513732,
                0.0008077544426494346,
                0.014539579967689823,
                0.0032310177705977385,
                0.0008077544426494346,
                0.0,
                0.013731825525040387,
                0.0
            ],
            [
                0.0,
                0.0,
                0.0,
                0.9024390243902439,
                0.024390243902439025,
                0.0,
                0.0,
                0.0,
                0.0,
                0.07317073170731707
            ],
            [
                0.0,
                0.0,
                0.0,
                0.0,
                1.0,
                0.0,
                0.0,
                0.0,
                0.0,
                0.0
            ],
            [
                0.0,
                0.010660980810234541,
                0.0,
                0.0042643923240938165,
                0.0,
                0.9722814498933902,
                0.0021321961620469083,
                0.006396588486140725,
                0.0,
                0.0042643923240938165
            ],
            [
                0.0,
                0.001314060446780552,
                0.0,
                0.0,
                0.005913272010512484,
                0.000657030223390276,
                0.9829172141918529,
                0.0032851511169513796,
                0.0,
                0.005913272010512484
            ],
            [
                0.0,
                0.0,
                0.0,
                0.0,
                0.0,
                0.0,
                0.0,
                0.9826086956521739,
                0.0,
                0.017391304347826087
            ],
            [
                0.0,
                0.0,
                0.002551020408163265,
                0.0,
                0.00510204081632653,
                0.0,
                0.0007288629737609329,
                0.0,
                0.9916180758017493,
                0.0
            ],
            [
                0.0,
                0.0008250825082508251,
                0.0,
                0.012376237623762377,
                0.0,
                0.0024752475247524753,
                0.0,
                0.06435643564356436,
                0.0,
                0.91996699669967
            ]
        ],
        "confusion_matrix_labels": [
            "backdoor",
            "ddos",
            "dos",
            "injection",
            "mitm",
            "normal",
            "password",
            "ransomware",
            "scanning",
            "xss"
        ],
        "round_time": 6.764499664306641,
        "round_start_time": 1771803916.2627277,
        "round_end_time": 1771803923.0272274,
        "evaluate_time": 1.029890775680542,
        "inference_time": 0.021543025970458984
    },
    "4": {
        "trees_by_client": 50,
        "first_server_serialise_trees_size": 42929,
        "fit_time": 0.3854362964630127,
        "client_serialise_trees_size": 632593,
        "final_server_serialise_trees_size": 5616378,
        "f1_score": 0.8632719984734969,
        "mcc": 0.9669311622044182,
        "accuracy": 0.9732639729010404,
        "precision": 0.8312115471744688,
        "recall": 0.9680331659138857,
        "confusion_matrix": [
            [
                1.0,
                0.0,
                0.0,
                0.0,
                0.0,
                0.0,
                0.0,
                0.0,
                0.0,
                0.0
            ],
            [
                0.0,
                0.9601990049751243,
                0.0,
                0.009950248756218905,
                0.0024875621890547263,
                0.0,
                0.0024875621890547263,
                0.0024875621890547263,
                0.0,
                0.022388059701492536
            ],
            [
                0.0,
                0.0,
                0.968497576736672,
                0.0008077544426494346,
                0.015347334410339256,
                0.0016155088852988692,
                0.0008077544426494346,
                0.0,
                0.012924071082390954,
                0.0
            ],
            [
                0.0,
                0.0,
                0.0,
                0.9024390243902439,
                0.024390243902439025,
                0.0,
                0.0,
                0.0,
                0.0,
                0.07317073170731707
            ],
            [
                0.0,
                0.0,
                0.0,
                0.0,
                1.0,
                0.0,
                0.0,
                0.0,
                0.0,
                0.0
            ],
            [
                0.0,
                0.010660980810234541,
                0.0,
                0.0042643923240938165,
                0.0,
                0.9722814498933902,
                0.0021321961620469083,
                0.006396588486140725,
                0.0,
                0.0042643923240938165
            ],
            [
                0.0,
                0.0019710906701708277,
                0.0,
                0.0,
                0.006570302233902759,
                0.000657030223390276,
                0.9822601839684626,
                0.0032851511169513796,
                0.0,
                0.005256241787122208
            ],
            [
                0.0,
                0.0,
                0.0,
                0.0,
                0.0,
                0.0,
                0.0,
                0.9826086956521739,
                0.0,
                0.017391304347826087
            ],
            [
                0.0,
                0.0,
                0.0029154518950437317,
                0.0,
                0.00510204081632653,
                0.0,
                0.0007288629737609329,
                0.0,
                0.9912536443148688,
                0.0
            ],
            [
                0.0,
                0.0008250825082508251,
                0.0,
                0.01155115511551155,
                0.0,
                0.0024752475247524753,
                0.0,
                0.06435643564356436,
                0.0,
                0.9207920792079208
            ]
        ],
        "confusion_matrix_labels": [
            "backdoor",
            "ddos",
            "dos",
            "injection",
            "mitm",
            "normal",
            "password",
            "ransomware",
            "scanning",
            "xss"
        ],
        "round_time": 8.718819618225098,
        "round_start_time": 1771803938.1248996,
        "round_end_time": 1771803946.8437192,
        "evaluate_time": 0.4208245277404785,
        "inference_time": 0.013724327087402344
    },
    "5": {
        "trees_by_client": 60,
        "first_server_serialise_trees_size": 53775,
        "fit_time": 0.37300562858581543,
        "client_serialise_trees_size": 742323,
        "final_server_serialise_trees_size": 6772078,
        "f1_score": 0.8598039544882772,
        "mcc": 0.9660368045130384,
        "accuracy": 0.9725381079119284,
        "precision": 0.8274301570879908,
        "recall": 0.9673507889648085,
        "confusion_matrix": [
            [
                0.9980506822612085,
                0.0,
                0.0,
                0.0,
                0.0,
                0.0,
                0.001949317738791423,
                0.0,
                0.0,
                0.0
            ],
            [
                0.0,
                0.9626865671641791,
                0.0,
                0.009950248756218905,
                0.0024875621890547263,
                0.0,
                0.0024875621890547263,
                0.0024875621890547263,
                0.0,
                0.01990049751243781
            ],
            [
                0.0,
                0.0,
                0.9668820678513732,
                0.0008077544426494346,
                0.01615508885298869,
                0.0024232633279483036,
                0.0,
                0.0,
                0.013731825525040387,
                0.0
            ],
            [
                0.0,
                0.0,
                0.0,
                0.9024390243902439,
                0.024390243902439025,
                0.0,
                0.0,
                0.0,
                0.0,
                0.07317073170731707
            ],
            [
                0.0,
                0.0,
                0.0,
                0.0,
                1.0,
                0.0,
                0.0,
                0.0,
                0.0,
                0.0
            ],
            [
                0.0,
                0.010660980810234541,
                0.0,
                0.008528784648187633,
                0.0,
                0.9680170575692963,
                0.0021321961620469083,
                0.006396588486140725,
                0.0,
                0.0042643923240938165
            ],
            [
                0.0,
                0.001314060446780552,
                0.0,
                0.0,
                0.007227332457293035,
                0.000657030223390276,
                0.9816031537450722,
                0.0032851511169513796,
                0.0,
                0.005913272010512484
            ],
            [
                0.0,
                0.0,
                0.0,
                0.0,
                0.0,
                0.0,
                0.0,
                0.9826086956521739,
                0.0,
                0.017391304347826087
            ],
            [
                0.0,
                0.0,
                0.0029154518950437317,
                0.0,
                0.00510204081632653,
                0.0,
                0.0007288629737609329,
                0.0,
                0.9912536443148688,
                0.0
            ],
            [
                0.0,
                0.0008250825082508251,
                0.0,
                0.012376237623762377,
                0.0,
                0.0024752475247524753,
                0.0,
                0.06435643564356436,
                0.0,
                0.91996699669967
            ]
        ],
        "confusion_matrix_labels": [
            "backdoor",
            "ddos",
            "dos",
            "injection",
            "mitm",
            "normal",
            "password",
            "ransomware",
            "scanning",
            "xss"
        ],
        "round_time": 8.195956945419312,
        "round_start_time": 1771803961.9329991,
        "round_end_time": 1771803970.128956,
        "evaluate_time": 1.1936492919921875,
        "inference_time": 0.023247480392456055
    },
    "6": {
        "trees_by_client": 70,
        "first_server_serialise_trees_size": 64288,
        "fit_time": 0.6357288360595703,
        "client_serialise_trees_size": 867673,
        "final_server_serialise_trees_size": 7887889,
        "f1_score": 0.8606142874536384,
        "mcc": 0.9666304274314037,
        "accuracy": 0.9730220179046697,
        "precision": 0.8291113983991002,
        "recall": 0.9653090625447694,
        "confusion_matrix": [
            [
                1.0,
                0.0,
                0.0,
                0.0,
                0.0,
                0.0,
                0.0,
                0.0,
                0.0,
                0.0
            ],
            [
                0.0,
                0.9601990049751243,
                0.0,
                0.009950248756218905,
                0.0024875621890547263,
                0.0024875621890547263,
                0.0024875621890547263,
                0.0024875621890547263,
                0.0,
                0.01990049751243781
            ],
            [
                0.0,
                0.0,
                0.9668820678513732,
                0.0008077544426494346,
                0.015347334410339256,
                0.0024232633279483036,
                0.0008077544426494346,
                0.0,
                0.013731825525040387,
                0.0
            ],
            [
                0.0,
                0.0,
                0.0,
                0.8780487804878049,
                0.024390243902439025,
                0.0,
                0.0,
                0.0,
                0.0,
                0.0975609756097561
            ],
            [
                0.0,
                0.0,
                0.0,
                0.0,
                1.0,
                0.0,
                0.0,
                0.0,
                0.0,
                0.0
            ],
            [
                0.0,
                0.010660980810234541,
                0.0,
                0.006396588486140725,
                0.0,
                0.9701492537313433,
                0.0021321961620469083,
                0.006396588486140725,
                0.0,
                0.0042643923240938165
            ],
            [
                0.0,
                0.0019710906701708277,
                0.0,
                0.0,
                0.007227332457293035,
                0.000657030223390276,
                0.9816031537450722,
                0.0032851511169513796,
                0.0,
                0.005256241787122208
            ],
            [
                0.0,
                0.0,
                0.0,
                0.0,
                0.0,
                0.0,
                0.0,
                0.9826086956521739,
                0.0,
                0.017391304347826087
            ],
            [
                0.0,
                0.0,
                0.002186588921282799,
                0.0,
                0.00510204081632653,
                0.0,
                0.0007288629737609329,
                0.0,
                0.9919825072886297,
                0.0
            ],
            [
                0.0,
                0.0,
                0.0,
                0.01155115511551155,
                0.0,
                0.0024752475247524753,
                0.0,
                0.06435643564356436,
                0.0,
                0.9216171617161716
            ]
        ],
        "confusion_matrix_labels": [
            "backdoor",
            "ddos",
            "dos",
            "injection",
            "mitm",
            "normal",
            "password",
            "ransomware",
            "scanning",
            "xss"
        ],
        "round_time": 10.226385593414307,
        "round_start_time": 1771803985.228548,
        "round_end_time": 1771803995.4549336,
        "evaluate_time": 1.190812587738037,
        "inference_time": 0.02734208106994629
    },
    "7": {
        "trees_by_client": 80,
        "first_server_serialise_trees_size": 75098,
        "fit_time": 0.6615791320800781,
        "client_serialise_trees_size": 1005050,
        "final_server_serialise_trees_size": 9020724,
        "f1_score": 0.8628927888606995,
        "mcc": 0.9669196524525033,
        "accuracy": 0.9732639729010404,
        "precision": 0.831217608742088,
        "recall": 0.9657664944573898,
        "confusion_matrix": [
            [
                1.0,
                0.0,
                0.0,
                0.0,
                0.0,
                0.0,
                0.0,
                0.0,
                0.0,
                0.0
            ],
            [
                0.0,
                0.9601990049751243,
                0.0,
                0.009950248756218905,
                0.0024875621890547263,
                0.0,
                0.0024875621890547263,
                0.0024875621890547263,
                0.0,
                0.022388059701492536
            ],
            [
                0.0,
                0.0,
                0.9660743134087237,
                0.0008077544426494346,
                0.013731825525040387,
                0.0032310177705977385,
                0.0016155088852988692,
                0.0,
                0.014539579967689823,
                0.0
            ],
            [
                0.0,
                0.0,
                0.0,
                0.8780487804878049,
                0.024390243902439025,
                0.0,
                0.0,
                0.0,
                0.0,
                0.0975609756097561
            ],
            [
                0.0,
                0.0,
                0.0,
                0.0,
                1.0,
                0.0,
                0.0,
                0.0,
                0.0,
                0.0
            ],
            [
                0.0,
                0.010660980810234541,
                0.0,
                0.006396588486140725,
                0.0,
                0.9744136460554371,
                0.0,
                0.0021321961620469083,
                0.0,
                0.006396588486140725
            ],
            [
                0.0,
                0.0019710906701708277,
                0.0,
                0.0,
                0.006570302233902759,
                0.000657030223390276,
                0.9822601839684626,
                0.0032851511169513796,
                0.0,
                0.005256241787122208
            ],
            [
                0.0,
                0.0,
                0.0,
                0.0,
                0.0,
                0.0,
                0.0,
                0.9826086956521739,
                0.0,
                0.017391304347826087
            ],
            [
                0.0,
                0.0,
                0.002551020408163265,
                0.0,
                0.005466472303206997,
                0.0,
                0.00036443148688046647,
                0.0,
                0.9916180758017493,
                0.0
            ],
            [
                0.0,
                0.0,
                0.0,
                0.010726072607260726,
                0.0,
                0.0024752475247524753,
                0.0,
                0.06435643564356436,
                0.0,
                0.9224422442244224
            ]
        ],
        "confusion_matrix_labels": [
            "backdoor",
            "ddos",
            "dos",
            "injection",
            "mitm",
            "normal",
            "password",
            "ransomware",
            "scanning",
            "xss"
        ],
        "round_time": 11.486124992370605,
        "round_start_time": 1771804010.566904,
        "round_end_time": 1771804022.053029,
        "evaluate_time": 1.4250612258911133,
        "inference_time": 0.03702259063720703
    },
    "8": {
        "trees_by_client": 90,
        "first_server_serialise_trees_size": 85566,
        "fit_time": 0.7142982482910156,
        "client_serialise_trees_size": 1104509,
        "final_server_serialise_trees_size": 10096837,
        "f1_score": 0.8629937207055655,
        "mcc": 0.9670732208729299,
        "accuracy": 0.9733849503992258,
        "precision": 0.8302936078398977,
        "recall": 0.9664091175789942,
        "confusion_matrix": [
            [
                1.0,
                0.0,
                0.0,
                0.0,
                0.0,
                0.0,
                0.0,
                0.0,
                0.0,
                0.0
            ],
            [
                0.0,
                0.9626865671641791,
                0.0,
                0.009950248756218905,
                0.0024875621890547263,
                0.0,
                0.0024875621890547263,
                0.0024875621890547263,
                0.0,
                0.01990049751243781
            ],
            [
                0.0,
                0.0,
                0.9652665589660743,
                0.0008077544426494346,
                0.014539579967689823,
                0.004038772213247173,
                0.0008077544426494346,
                0.0,
                0.014539579967689823,
                0.0
            ],
            [
                0.0,
                0.0,
                0.0,
                0.8780487804878049,
                0.024390243902439025,
                0.0,
                0.0,
                0.0,
                0.0,
                0.0975609756097561
            ],
            [
                0.0,
                0.0,
                0.0,
                0.0,
                1.0,
                0.0,
                0.0,
                0.0,
                0.0,
                0.0
            ],
            [
                0.0,
                0.0042643923240938165,
                0.0,
                0.006396588486140725,
                0.0,
                0.9808102345415778,
                0.0,
                0.0021321961620469083,
                0.0,
                0.006396588486140725
            ],
            [
                0.0,
                0.0019710906701708277,
                0.0,
                0.0,
                0.006570302233902759,
                0.000657030223390276,
                0.9822601839684626,
                0.0032851511169513796,
                0.0,
                0.005256241787122208
            ],
            [
                0.0,
                0.0,
                0.0,
                0.0,
                0.0,
                0.0,
                0.0,
                0.9826086956521739,
                0.0,
                0.017391304347826087
            ],
            [
                0.0,
                0.0,
                0.002551020408163265,
                0.0,
                0.004373177842565598,
                0.0,
                0.0014577259475218659,
                0.0,
                0.9916180758017493,
                0.0
            ],
            [
                0.0,
                0.0,
                0.0,
                0.012376237623762377,
                0.0,
                0.0024752475247524753,
                0.0,
                0.06435643564356436,
                0.0,
                0.9207920792079208
            ]
        ],
        "confusion_matrix_labels": [
            "backdoor",
            "ddos",
            "dos",
            "injection",
            "mitm",
            "normal",
            "password",
            "ransomware",
            "scanning",
            "xss"
        ],
        "round_time": 12.787246465682983,
        "round_start_time": 1771804037.1777685,
        "round_end_time": 1771804049.965015,
        "evaluate_time": 1.5714149475097656,
        "inference_time": 0.05420851707458496
    },
    "9": {
        "trees_by_client": 100,
        "first_server_serialise_trees_size": 97220,
        "fit_time": 0.8189682960510254,
        "client_serialise_trees_size": 1222394,
        "final_server_serialise_trees_size": 11300362,
        "f1_score": 0.8632131126222269,
        "mcc": 0.9669278191397033,
        "accuracy": 0.9732639729010404,
        "precision": 0.8304655893246228,
        "recall": 0.9682537219621883,
        "confusion_matrix": [
            [
                1.0,
                0.0,
                0.0,
                0.0,
                0.0,
                0.0,
                0.0,
                0.0,
                0.0,
                0.0
            ],
            [
                0.0,
                0.9601990049751243,
                0.0024875621890547263,
                0.009950248756218905,
                0.0,
                0.0024875621890547263,
                0.0024875621890547263,
                0.0024875621890547263,
                0.0,
                0.01990049751243781
            ],
            [
                0.0,
                0.0,
                0.9660743134087237,
                0.0008077544426494346,
                0.014539579967689823,
                0.0024232633279483036,
                0.0016155088852988692,
                0.0,
                0.014539579967689823,
                0.0
            ],
            [
                0.0,
                0.0,
                0.0,
                0.9024390243902439,
                0.024390243902439025,
                0.0,
                0.0,
                0.0,
                0.0,
                0.07317073170731707
            ],
            [
                0.0,
                0.0,
                0.0,
                0.0,
                1.0,
                0.0,
                0.0,
                0.0,
                0.0,
                0.0
            ],
            [
                0.0,
                0.0042643923240938165,
                0.0,
                0.006396588486140725,
                0.0,
                0.976545842217484,
                0.0021321961620469083,
                0.006396588486140725,
                0.0,
                0.0042643923240938165
            ],
            [
                0.0,
                0.001314060446780552,
                0.0,
                0.0,
                0.006570302233902759,
                0.000657030223390276,
                0.9822601839684626,
                0.0032851511169513796,
                0.0,
                0.005913272010512484
            ],
            [
                0.0,
                0.0,
