{
    "0": {
        "trees_by_client": 10,
        "first_server_serialise_trees_size": 10420,
        "fit_time": 0.06827163696289062,
        "client_serialise_trees_size": 329141,
        "final_server_serialise_trees_size": 1676451,
        "f1_score": 0.9484095781158828,
        "mcc": 0.9709376246437051,
        "accuracy": 0.9745339984247834,
        "precision": 0.9480812166978403,
        "recall": 0.9489474762108296,
        "confusion_matrix": [
            [
                1.0,
                0.0,
                0.0,
                0.0,
                0.0,
                0.0,
                0.0,
                0.0,
                0.0,
                0.0
            ],
            [
                0.0,
                0.9593908629441624,
                0.0,
                0.007614213197969543,
                0.0025380710659898475,
                0.0025380710659898475,
                0.0,
                0.01015228426395939,
                0.0,
                0.017766497461928935
            ],
            [
                0.0,
                0.0,
                0.9784366576819407,
                0.0,
                0.01078167115902965,
                0.0026954177897574125,
                0.0,
                0.0,
                0.008086253369272238,
                0.0
            ],
            [
                0.0,
                0.004889975550122249,
                0.0024449877750611247,
                0.9633251833740831,
                0.0024449877750611247,
                0.0,
                0.0,
                0.0024449877750611247,
                0.004889975550122249,
                0.019559902200488997
            ],
            [
                0.0,
                0.0,
                0.03333333333333333,
                0.06666666666666667,
                0.7333333333333333,
                0.06666666666666667,
                0.0,
                0.0,
                0.06666666666666667,
                0.03333333333333333
            ],
            [
                0.0,
                0.001184834123222749,
                0.001184834123222749,
                0.0,
                0.0,
                0.995260663507109,
                0.0,
                0.001184834123222749,
                0.0,
                0.001184834123222749
            ],
            [
                0.0,
                0.0,
                0.0,
                0.0,
                0.002512562814070352,
                0.0,
                0.9874371859296482,
                0.002512562814070352,
                0.002512562814070352,
                0.005025125628140704
            ],
            [
                0.0,
                0.0,
                0.0,
                0.0,
                0.0,
                0.0,
                0.0,
                0.9726962457337884,
                0.0,
                0.027303754266211604
            ],
            [
                0.0,
                0.0,
                0.00966183574879227,
                0.0,
                0.0024154589371980675,
                0.0,
                0.0,
                0.0,
                0.9879227053140096,
                0.0
            ],
            [
                0.0,
                0.0031545741324921135,
                0.0,
                0.025236593059936908,
                0.0,
                0.0031545741324921135,
                0.0,
                0.056782334384858045,
                0.0,
                0.9116719242902208
            ]
        ],
        "confusion_matrix_labels": [
            "backdoor",
            "ddos",
            "dos",
            "injection",
            "mitm",
            "normal",
            "password",
            "ransomware",
            "scanning",
            "xss"
        ],
        "round_time": 4.227668523788452,
        "round_start_time": 1771800839.72286,
        "round_end_time": 1771800843.9505286,
        "evaluate_time": 0.10743546485900879,
        "inference_time": 0.0035593509674072266
    },
    "1": {
        "trees_by_client": 20,
        "first_server_serialise_trees_size": 10972,
        "fit_time": 0.1367359161376953,
        "client_serialise_trees_size": 657842,
        "final_server_serialise_trees_size": 3394828,
        "f1_score": 0.9534847067211958,
        "mcc": 0.971839632145028,
        "accuracy": 0.9753216067209242,
        "precision": 0.954183025855331,
        "recall": 0.9530475686406493,
        "confusion_matrix": [
            [
                1.0,
                0.0,
                0.0,
                0.0,
                0.0,
                0.0,
                0.0,
                0.0,
                0.0,
                0.0
            ],
            [
                0.0,
                0.9568527918781726,
                0.0,
                0.01015228426395939,
                0.0025380710659898475,
                0.0025380710659898475,
                0.0,
                0.01015228426395939,
                0.0,
                0.017766497461928935
            ],
            [
                0.0,
                0.0,
                0.9811320754716981,
                0.0,
                0.008086253369272238,
                0.0026954177897574125,
                0.0,
                0.0,
                0.008086253369272238,
                0.0
            ],
            [
                0.0,
                0.004889975550122249,
                0.0024449877750611247,
                0.960880195599022,
                0.0024449877750611247,
                0.0,
                0.0,
                0.0024449877750611247,
                0.004889975550122249,
                0.022004889975550123
            ],
            [
                0.0,
                0.0,
                0.0,
                0.06666666666666667,
                0.7666666666666667,
                0.06666666666666667,
                0.0,
                0.0,
                0.06666666666666667,
                0.03333333333333333
            ],
            [
                0.0,
                0.002369668246445498,
                0.0,
                0.0,
                0.0,
                0.9940758293838863,
                0.0,
                0.001184834123222749,
                0.0,
                0.002369668246445498
            ],
            [
                0.0,
                0.0,
                0.0,
                0.0,
                0.002512562814070352,
                0.0,
                0.9874371859296482,
                0.002512562814070352,
                0.002512562814070352,
                0.005025125628140704
            ],
            [
                0.0,
                0.0,
                0.0,
                0.0,
                0.0,
                0.0,
                0.0,
                0.9726962457337884,
                0.0,
                0.027303754266211604
            ],
            [
                0.0,
                0.0,
                0.007246376811594203,
                0.0,
                0.0,
                0.0,
                0.0,
                0.0,
                0.9927536231884058,
                0.0
            ],
            [
                0.0,
                0.006309148264984227,
                0.0,
                0.01892744479495268,
                0.0,
                0.0,
                0.0,
                0.056782334384858045,
                0.0,
                0.917981072555205
            ]
        ],
        "confusion_matrix_labels": [
            "backdoor",
            "ddos",
            "dos",
            "injection",
            "mitm",
            "normal",
            "password",
            "ransomware",
            "scanning",
            "xss"
        ],
        "round_time": 3.496023178100586,
        "round_start_time": 1771800859.3833258,
        "round_end_time": 1771800862.879349,
        "evaluate_time": 0.33708858489990234,
        "inference_time": 0.014889717102050781
    },
    "2": {
        "trees_by_client": 30,
        "first_server_serialise_trees_size": 21600,
        "fit_time": 0.627976655960083,
        "client_serialise_trees_size": 979890,
        "final_server_serialise_trees_size": 5059531,
        "f1_score": 0.9489199712022733,
        "mcc": 0.9700407964445166,
        "accuracy": 0.9737463901286427,
        "precision": 0.949632147898115,
        "recall": 0.9484815813543642,
        "confusion_matrix": [
            [
                1.0,
                0.0,
                0.0,
                0.0,
                0.0,
                0.0,
                0.0,
                0.0,
                0.0,
                0.0
            ],
            [
                0.0,
                0.9543147208121827,
                0.0,
                0.012690355329949238,
                0.0025380710659898475,
                0.0025380710659898475,
                0.0,
                0.01015228426395939,
                0.0,
                0.017766497461928935
            ],
            [
                0.0,
                0.0,
                0.9811320754716981,
                0.0,
                0.008086253369272238,
                0.0026954177897574125,
                0.0,
                0.0,
                0.005390835579514825,
                0.0026954177897574125
            ],
            [
                0.0,
                0.004889975550122249,
                0.0024449877750611247,
                0.9584352078239609,
                0.0024449877750611247,
                0.0,
                0.0,
                0.0024449877750611247,
                0.004889975550122249,
                0.02444987775061125
            ],
            [
                0.0,
                0.0,
                0.03333333333333333,
                0.06666666666666667,
                0.7333333333333333,
                0.1,
                0.0,
                0.0,
                0.03333333333333333,
                0.03333333333333333
            ],
            [
                0.0,
                0.002369668246445498,
                0.0,
                0.0,
                0.0,
                0.9940758293838863,
                0.0,
                0.001184834123222749,
                0.0,
                0.002369668246445498
            ],
            [
                0.0,
                0.0,
                0.0,
                0.002512562814070352,
                0.002512562814070352,
                0.0,
                0.9849246231155779,
                0.002512562814070352,
                0.002512562814070352,
                0.005025125628140704
            ],
            [
                0.0,
                0.0,
                0.0,
                0.0,
                0.0,
                0.0,
                0.0,
                0.9726962457337884,
                0.0,
                0.027303754266211604
            ],
            [
                0.0,
                0.0,
                0.00966183574879227,
                0.0,
                0.0024154589371980675,
                0.0,
                0.0,
                0.0,
                0.9879227053140096,
                0.0
            ],
            [
                0.0,
                0.0031545741324921135,
                0.0,
                0.01892744479495268,
                0.0,
                0.0031545741324921135,
                0.0,
                0.056782334384858045,
                0.0,
                0.917981072555205
            ]
        ],
        "confusion_matrix_labels": [
            "backdoor",
            "ddos",
            "dos",
            "injection",
            "mitm",
            "normal",
            "password",
            "ransomware",
            "scanning",
            "xss"
        ],
        "round_time": 5.802190065383911,
        "round_start_time": 1771800878.0259638,
        "round_end_time": 1771800883.8281538,
        "evaluate_time": 0.47455596923828125,
        "inference_time": 0.04012346267700195
    },
    "3": {
        "trees_by_client": 40,
        "first_server_serialise_trees_size": 31873,
        "fit_time": 0.8642518520355225,
        "client_serialise_trees_size": 1333068,
        "final_server_serialise_trees_size": 6794536,
        "f1_score": 0.956299431930131,
        "mcc": 0.9721431876167055,
        "accuracy": 0.9755841428196377,
        "precision": 0.9534990457203889,
        "recall": 0.9595005213721608,
        "confusion_matrix": [
            [
                1.0,
                0.0,
                0.0,
                0.0,
                0.0,
                0.0,
                0.0,
                0.0,
                0.0,
                0.0
            ],
            [
                0.0,
                0.9543147208121827,
                0.0,
                0.012690355329949238,
                0.0025380710659898475,
                0.0025380710659898475,
                0.0,
                0.01015228426395939,
                0.0,
                0.017766497461928935
            ],
            [
                0.0,
                0.0,
                0.9838274932614556,
                0.0,
                0.008086253369272238,
                0.0026954177897574125,
                0.0,
                0.0,
                0.005390835579514825,
                0.0
            ],
            [
                0.0,
                0.004889975550122249,
                0.0024449877750611247,
                0.9584352078239609,
                0.0024449877750611247,
                0.0,
                0.0,
                0.0024449877750611247,
                0.004889975550122249,
                0.02444987775061125
            ],
            [
                0.0,
                0.0,
                0.0,
                0.06666666666666667,
                0.8333333333333334,
                0.06666666666666667,
                0.0,
                0.0,
                0.0,
                0.03333333333333333
            ],
            [
                0.0,
                0.002369668246445498,
                0.0,
                0.0,
                0.0,
                0.995260663507109,
                0.0,
                0.001184834123222749,
                0.0,
                0.001184834123222749
            ],
            [
                0.0,
                0.0,
                0.0,
                0.002512562814070352,
                0.002512562814070352,
                0.0,
                0.9849246231155779,
                0.002512562814070352,
                0.002512562814070352,
                0.005025125628140704
            ],
            [
                0.0,
                0.0,
                0.0,
                0.0,
                0.0,
                0.0,
                0.0,
                0.9726962457337884,
                0.0,
                0.027303754266211604
            ],
            [
                0.0,
                0.0,
                0.00966183574879227,
                0.0,
                0.0024154589371980675,
                0.0,
                0.0,
                0.0,
                0.9879227053140096,
                0.0
            ],
            [
                0.0,
                0.0031545741324921135,
                0.0,
                0.015772870662460567,
                0.0,
                0.0,
                0.0,
                0.056782334384858045,
                0.0,
                0.9242902208201893
            ]
        ],
        "confusion_matrix_labels": [
            "backdoor",
            "ddos",
            "dos",
            "injection",
            "mitm",
            "normal",
            "password",
            "ransomware",
            "scanning",
            "xss"
        ],
        "round_time": 6.9965736865997314,
        "round_start_time": 1771800899.02696,
        "round_end_time": 1771800906.0235336,
        "evaluate_time": 0.6078479290008545,
        "inference_time": 0.028211116790771484
    },
    "4": {
        "trees_by_client": 50,
        "first_server_serialise_trees_size": 42990,
        "fit_time": 1.099057912826538,
        "client_serialise_trees_size": 1684789,
        "final_server_serialise_trees_size": 8463970,
        "f1_score": 0.9498506534065168,
        "mcc": 0.9712415570261472,
        "accuracy": 0.974796534523497,
        "precision": 0.9504268105527629,
        "recall": 0.9495436480493392,
        "confusion_matrix": [
            [
                1.0,
                0.0,
                0.0,
                0.0,
                0.0,
                0.0,
                0.0,
                0.0,
                0.0,
                0.0
            ],
            [
                0.0,
                0.9568527918781726,
                0.0,
                0.01015228426395939,
                0.0025380710659898475,
                0.0025380710659898475,
                0.0,
                0.01015228426395939,
                0.0,
                0.017766497461928935
            ],
            [
                0.0,
                0.0,
                0.9811320754716981,
                0.0,
                0.008086253369272238,
                0.0026954177897574125,
                0.0,
                0.0,
                0.005390835579514825,
                0.0026954177897574125
            ],
            [
                0.0,
                0.004889975550122249,
                0.0024449877750611247,
                0.9584352078239609,
                0.0024449877750611247,
                0.0,
                0.0,
                0.0024449877750611247,
                0.004889975550122249,
                0.02444987775061125
            ],
            [
                0.0,
                0.0,
                0.03333333333333333,
                0.06666666666666667,
                0.7333333333333333,
                0.06666666666666667,
                0.0,
                0.0,
                0.06666666666666667,
                0.03333333333333333
            ],
            [
                0.0,
                0.002369668246445498,
                0.001184834123222749,
                0.0,
                0.0,
                0.9940758293838863,
                0.0,
                0.001184834123222749,
                0.0,
                0.001184834123222749
            ],
            [
                0.0,
                0.0,
                0.0,
                0.0,
                0.002512562814070352,
                0.0,
                0.9874371859296482,
                0.002512562814070352,
                0.002512562814070352,
                0.005025125628140704
            ],
            [
                0.0,
                0.0,
                0.0,
                0.0,
                0.0,
                0.0,
                0.0,
                0.9726962457337884,
                0.0,
                0.027303754266211604
            ],
            [
                0.0,
                0.0,
                0.007246376811594203,
                0.0,
                0.0024154589371980675,
                0.0,
                0.0,
                0.0,
                0.9903381642512077,
                0.0
            ],
            [
                0.0,
                0.0031545741324921135,
                0.0,
                0.01892744479495268,
                0.0,
                0.0,
                0.0,
                0.056782334384858045,
                0.0,
                0.9211356466876972
            ]
        ],
        "confusion_matrix_labels": [
            "backdoor",
            "ddos",
            "dos",
            "injection",
            "mitm",
            "normal",
            "password",
            "ransomware",
            "scanning",
            "xss"
        ],
        "round_time": 8.315038681030273,
        "round_start_time": 1771800921.1920297,
        "round_end_time": 1771800929.5070684,
        "evaluate_time": 0.6860346794128418,
        "inference_time": 0.04773092269897461
    },
    "5": {
        "trees_by_client": 60,
        "first_server_serialise_trees_size": 53993,
        "fit_time": 1.3192286491394043,
        "client_serialise_trees_size": 2019217,
        "final_server_serialise_trees_size": 10203952,
        "f1_score": 0.9510158545178884,
        "mcc": 0.9712408579947999,
        "accuracy": 0.974796534523497,
        "precision": 0.9528787610017293,
        "recall": 0.949559382721716,
        "confusion_matrix": [
            [
                1.0,
                0.0,
                0.0,
                0.0,
                0.0,
                0.0,
                0.0,
                0.0,
                0.0,
                0.0
            ],
            [
                0.0,
                0.9543147208121827,
                0.0,
                0.012690355329949238,
                0.0025380710659898475,
                0.0025380710659898475,
                0.0,
                0.01015228426395939,
                0.0,
                0.017766497461928935
            ],
            [
                0.0,
                0.0,
                0.9838274932614556,
                0.0,
                0.008086253369272238,
                0.0026954177897574125,
                0.0,
                0.0,
                0.005390835579514825,
                0.0
            ],
            [
                0.0,
                0.004889975550122249,
                0.0024449877750611247,
                0.9584352078239609,
                0.0024449877750611247,
                0.0,
                0.0,
                0.0024449877750611247,
                0.004889975550122249,
                0.02444987775061125
            ],
            [
                0.0,
                0.0,
                0.03333333333333333,
                0.06666666666666667,
                0.7333333333333333,
                0.06666666666666667,
                0.0,
                0.0,
                0.06666666666666667,
                0.03333333333333333
            ],
            [
                0.0,
                0.002369668246445498,
                0.0,
                0.0,
                0.0,
                0.9940758293838863,
                0.0,
                0.001184834123222749,
                0.0,
                0.002369668246445498
            ],
            [
                0.0,
                0.0,
                0.0,
                0.0,
                0.002512562814070352,
                0.0,
                0.9874371859296482,
                0.002512562814070352,
                0.002512562814070352,
                0.005025125628140704
            ],
            [
                0.0,
                0.0,
                0.0,
                0.0,
                0.0,
                0.0,
                0.0,
                0.9726962457337884,
                0.0,
                0.027303754266211604
            ],
            [
                0.0,
                0.0,
                0.00966183574879227,
                0.0,
                0.0,
                0.0,
                0.0,
                0.0,
                0.9903381642512077,
                0.0
            ],
            [
                0.0,
                0.006309148264984227,
                0.0,
                0.015772870662460567,
                0.0,
                0.0,
                0.0,
                0.056782334384858045,
                0.0,
                0.9211356466876972
            ]
        ],
        "confusion_matrix_labels": [
            "backdoor",
            "ddos",
            "dos",
            "injection",
            "mitm",
            "normal",
            "password",
            "ransomware",
            "scanning",
            "xss"
        ],
        "round_time": 10.822233438491821,
        "round_start_time": 1771800944.6983094,
        "round_end_time": 1771800955.5205429,
        "evaluate_time": 0.23986554145812988,
        "inference_time": 0.01737070083618164
    },
    "6": {
        "trees_by_client": 70,
        "first_server_serialise_trees_size": 64330,
        "fit_time": 1.2777972221374512,
        "client_serialise_trees_size": 2320440,
        "final_server_serialise_trees_size": 11934799,
        "f1_score": 0.9544657797260797,
        "mcc": 0.9721417274071876,
        "accuracy": 0.9755841428196377,
        "precision": 0.9527697387845506,
        "recall": 0.9564307055331136,
        "confusion_matrix": [
            [
                1.0,
                0.0,
                0.0,
                0.0,
                0.0,
                0.0,
                0.0,
                0.0,
                0.0,
                0.0
            ],
            [
                0.0,
                0.9568527918781726,
                0.0,
                0.01015228426395939,
                0.0025380710659898475,
                0.0025380710659898475,
                0.0,
                0.01015228426395939,
                0.0,
                0.017766497461928935
            ],
            [
                0.0,
                0.0,
                0.9838274932614556,
                0.0,
                0.008086253369272238,
                0.0026954177897574125,
                0.0,
                0.0,
                0.005390835579514825,
                0.0
            ],
            [
                0.0,
                0.004889975550122249,
                0.0024449877750611247,
                0.9584352078239609,
                0.0024449877750611247,
                0.0,
                0.0,
                0.0024449877750611247,
                0.004889975550122249,
                0.02444987775061125
            ],
            [
                0.0,
                0.0,
                0.0,
                0.06666666666666667,
                0.8,
                0.06666666666666667,
                0.0,
                0.0,
                0.03333333333333333,
                0.03333333333333333
            ],
            [
                0.0,
                0.002369668246445498,
                0.0,
                0.0,
                0.0,
                0.995260663507109,
                0.0,
                0.001184834123222749,
                0.0,
                0.001184834123222749
            ],
            [
                0.0,
                0.0,
                0.0,
                0.0,
                0.002512562814070352,
                0.0,
                0.9874371859296482,
                0.002512562814070352,
                0.002512562814070352,
                0.005025125628140704
            ],
            [
                0.0,
                0.0,
                0.0,
                0.0,
                0.0,
                0.0,
                0.0,
                0.9726962457337884,
                0.0,
                0.027303754266211604
            ],
            [
                0.0,
                0.0,
                0.012077294685990338,
                0.0,
                0.0024154589371980675,
                0.0,
                0.0,
                0.0,
                0.9855072463768116,
                0.0
            ],
            [
                0.0,
                0.0031545741324921135,
                0.0,
                0.015772870662460567,
                0.0,
                0.0,
                0.0,
                0.056782334384858045,
                0.0,
                0.9242902208201893
            ]
        ],
        "confusion_matrix_labels": [
            "backdoor",
            "ddos",
            "dos",
            "injection",
            "mitm",
            "normal",
            "password",
            "ransomware",
            "scanning",
            "xss"
        ],
        "round_time": 10.09604287147522,
        "round_start_time": 1771800970.6072176,
        "round_end_time": 1771800980.7032604,
        "evaluate_time": 0.9946050643920898,
        "inference_time": 0.06564736366271973
    },
    "7": {
        "trees_by_client": 80,
        "first_server_serialise_trees_size": 74961,
        "fit_time": 1.6971232891082764,
        "client_serialise_trees_size": 2668228,
        "final_server_serialise_trees_size": 13569522,
        "f1_score": 0.9528603162595134,
        "mcc": 0.9715453110728652,
        "accuracy": 0.9750590706222105,
        "precision": 0.9500896326558383,
        "recall": 0.9560304191289364,
        "confusion_matrix": [
            [
                1.0,
                0.0,
                0.0,
                0.0,
                0.0,
                0.0,
                0.0,
                0.0,
                0.0,
                0.0
            ],
            [
                0.0,
                0.9543147208121827,
                0.0,
                0.012690355329949238,
                0.0025380710659898475,
                0.0025380710659898475,
                0.0,
                0.01015228426395939,
                0.0,
                0.017766497461928935
            ],
            [
                0.0,
                0.0,
                0.9811320754716981,
                0.0,
                0.01078167115902965,
                0.0026954177897574125,
                0.0,
                0.0,
                0.005390835579514825,
                0.0
            ],
            [
                0.0,
                0.004889975550122249,
                0.0024449877750611247,
                0.9584352078239609,
                0.0024449877750611247,
                0.0,
                0.0,
                0.0024449877750611247,
                0.004889975550122249,
                0.02444987775061125
            ],
            [
                0.0,
                0.0,
                0.0,
                0.06666666666666667,
                0.8,
                0.06666666666666667,
                0.0,
                0.0,
                0.03333333333333333,
                0.03333333333333333
            ],
            [
                0.0,
                0.002369668246445498,
                0.0,
                0.0,
                0.0,
                0.9940758293838863,
                0.0,
                0.001184834123222749,
                0.0,
                0.002369668246445498
            ],
            [
                0.0,
                0.0,
                0.0,
                0.0,
                0.002512562814070352,
                0.0,
                0.9874371859296482,
                0.002512562814070352,
                0.002512562814070352,
                0.005025125628140704
            ],
            [
                0.0,
                0.0,
                0.0,
                0.0,
                0.0,
                0.0,
                0.0,
                0.9726962457337884,
                0.0,
                0.027303754266211604
            ],
            [
                0.0,
                0.0,
                0.00966183574879227,
                0.0,
                0.0024154589371980675,
                0.0,
                0.0,
                0.0,
                0.9879227053140096,
                0.0
            ],
            [
                0.0,
                0.0031545741324921135,
                0.0,
                0.015772870662460567,
                0.0,
                0.0,
                0.0,
                0.056782334384858045,
                0.0,
                0.9242902208201893
            ]
        ],
        "confusion_matrix_labels": [
            "backdoor",
            "ddos",
            "dos",
            "injection",
            "mitm",
            "normal",
            "password",
            "ransomware",
            "scanning",
            "xss"
        ],
        "round_time": 13.437521934509277,
        "round_start_time": 1771800995.8705797,
        "round_end_time": 1771801009.3081017,
        "evaluate_time": 1.112560749053955,
        "inference_time": 0.07743692398071289
    },
    "8": {
        "trees_by_client": 90,
        "first_server_serialise_trees_size": 86122,
        "fit_time": 2.0420775413513184,
        "client_serialise_trees_size": 3007435,
        "final_server_serialise_trees_size": 15299490,
        "f1_score": 0.9525801842743766,
        "mcc": 0.9721409387847167,
        "accuracy": 0.9755841428196377,
        "precision": 0.9520495329896372,
        "recall": 0.9533389180935,
        "confusion_matrix": [
            [
                1.0,
                0.0,
                0.0,
                0.0,
                0.0,
                0.0,
                0.0,
                0.0,
                0.0,
                0.0
            ],
            [
                0.0,
                0.9568527918781726,
                0.0,
                0.01015228426395939,
                0.0025380710659898475,
                0.0025380710659898475,
                0.0,
                0.01015228426395939,
                0.0,
                0.017766497461928935
            ],
            [
                0.0,
                0.0,
                0.9838274932614556,
                0.0,
                0.008086253369272238,
                0.0026954177897574125,
                0.0,
                0.0,
                0.005390835579514825,
                0.0
            ],
            [
                0.0,
                0.004889975550122249,
                0.0024449877750611247,
                0.9584352078239609,
                0.0024449877750611247,
                0.0,
                0.0,
                0.0024449877750611247,
                0.004889975550122249,
                0.02444987775061125
            ],
            [
                0.0,
                0.0,
                0.0,
                0.06666666666666667,
                0.7666666666666667,
                0.06666666666666667,
                0.0,
                0.0,
                0.06666666666666667,
                0.03333333333333333
            ],
            [
                0.0,
                0.002369668246445498,
                0.0,
                0.0,
                0.0,
                0.995260663507109,
                0.0,
                0.001184834123222749,
                0.0,
                0.001184834123222749
            ],
            [
                0.0,
                0.0,
                0.0,
                0.0,
                0.002512562814070352,
                0.0,
                0.9874371859296482,
                0.002512562814070352,
                0.002512562814070352,
                0.005025125628140704
            ],
            [
                0.0,
                0.0,
                0.0,
                0.0,
                0.0,
                0.0,
                0.0,
                0.9726962457337884,
                0.0,
                0.027303754266211604
            ],
            [
                0.0,
                0.0,
                0.00966183574879227,
                0.0,
                0.0024154589371980675,
                0.0,
                0.0,
                0.0,
                0.9879227053140096,
                0.0
            ],
            [
                0.0,
                0.0031545741324921135,
                0.0,
                0.015772870662460567,
                0.0,
                0.0,
                0.0,
                0.056782334384858045,
                0.0,
                0.9242902208201893
            ]
        ],
        "confusion_matrix_labels": [
            "backdoor",
            "ddos",
            "dos",
            "injection",
            "mitm",
            "normal",
            "password",
            "ransomware",
            "scanning",
            "xss"
        ],
        "round_time": 14.118658781051636,
        "round_start_time": 1771801024.5472753,
        "round_end_time": 1771801038.665934,
        "evaluate_time": 1.127312421798706,
        "inference_time": 0.07496476173400879
    },
    "9": {
        "trees_by_client": 100,
        "first_server_serialise_trees_size": 96092,
        "fit_time": 2.2695510387420654,
        "client_serialise_trees_size": 3357438,
        "final_server_serialise_trees_size": 17038467,
        "f1_score": 0.9528361019742377,
        "mcc": 0.972439966977917,
        "accuracy": 0.9758466789183513,
        "precision": 0.9523401320300595,
        "recall": 0.9535554209857503,
        "confusion_matrix": [
            [
                1.0,
                0.0,
                0.0,
                0.0,
                0.0,
                0.0,
                0.0,
                0.0,
                0.0,
                0.0
            ],
            [
                0.0,
                0.9568527918781726,
                0.0,
                0.01015228426395939,
                0.0025380710659898475,
                0.0025380710659898475,
                0.0,
                0.01015228426395939,
                0.0,
                0.017766497461928935
            ],
            [
                0.0,
                0.0,
                0.9811320754716981,
                0.0,
                0.01078167115902965,
                0.0026954177897574125,
                0.0,
                0.0,
                0.005390835579514825,
                0.0
            ],
            [
                0.0,
                0.004889975550122249,
                0.0024449877750611247,
                0.960880195599022,
                0.0024449877750611247,
                0.0,
                0.0,
                0.0024449877750611247,
                0.004889975550122249,
                0.022004889975550123
            ],
            [
                0.0,
                0.0,
                0.0,
                0.06666666666666667,
                0.7666666666666667,
                0.06666666666666667,
                0.0,
                0.0,
                0.06666666666666667,
                0.03333333333333333
            ],
            [
                0.0,
                0.002369668246445498,
                0.0,
                0.0,
                0.0,
                0.995260663507109,
                0.0,
                0.001184834123222749,
                0.0,
                0.001184834123222749
            ],
