{
    "0": {
        "trees_by_client": 10,
        "first_server_serialise_trees_size": 9461,
        "fit_time": 0.13405656814575195,
        "client_serialise_trees_size": 269554,
        "final_server_serialise_trees_size": 701260,
        "f1_score": 0.9685428355431718,
        "mcc": 0.9559169170150406,
        "accuracy": 0.9657454262358894,
        "precision": 0.9732062973708536,
        "recall": 0.9650905684771874,
        "confusion_matrix": [
            [
                0.981243830207305,
                0.0009871668311944718,
                0.017769002961500493,
                0.0,
                0.0,
                0.0
            ],
            [
                0.01854714064914992,
                0.9613601236476044,
                0.010819165378670788,
                0.0,
                0.00927357032457496,
                0.0
            ],
            [
                0.022705314009661835,
                0.001932367149758454,
                0.9705314009661836,
                0.0,
                0.004830917874396135,
                0.0
            ],
            [
                0.0,
                0.0,
                0.0,
                1.0,
                0.0,
                0.0
            ],
            [
                0.0,
                0.01838879159369527,
                0.1042031523642732,
                0.0,
                0.8774080560420315,
                0.0
            ],
            [
                0.0,
                0.0,
                0.0,
                0.0,
                0.0,
                1.0
            ]
        ],
        "confusion_matrix_labels": [
            "DoS/DDoS",
            "Info_Gathering",
            "Injection",
            "MITM",
            "Malware",
            "Normal"
        ],
        "round_time": 36.690353870391846,
        "round_start_time": 1769896910.0460439,
        "round_end_time": 1769896946.7363977,
        "evaluate_time": 0.5953423976898193,
        "inference_time": 0.007642984390258789
    },
    "1": {
        "trees_by_client": 20,
        "first_server_serialise_trees_size": 9600,
        "fit_time": 0.285907506942749,
        "client_serialise_trees_size": 573777,
        "final_server_serialise_trees_size": 1446961,
        "f1_score": 0.9688378543853099,
        "mcc": 0.9556322527341348,
        "accuracy": 0.9654859218891917,
        "precision": 0.9742526305043459,
        "recall": 0.9648483729466183,
        "confusion_matrix": [
            [
                0.9768015794669299,
                0.0014807502467917078,
                0.02171767028627838,
                0.0,
                0.0,
                0.0
            ],
            [
                0.02009273570324575,
                0.9613601236476044,
                0.00927357032457496,
                0.0,
                0.00927357032457496,
                0.0
            ],
            [
                0.022705314009661835,
                0.0014492753623188406,
                0.9743961352657005,
                0.0,
                0.0014492753623188406,
                0.0
            ],
            [
                0.0,
                0.0,
                0.0,
                1.0,
                0.0,
                0.0
            ],
            [
                0.0,
                0.01576182136602452,
                0.10770577933450087,
                0.0,
                0.8765323992994746,
                0.0
            ],
            [
                0.0,
                0.0,
                0.0,
                0.0,
                0.0,
                1.0
            ]
        ],
        "confusion_matrix_labels": [
            "DoS/DDoS",
            "Info_Gathering",
            "Injection",
            "MITM",
            "Malware",
            "Normal"
        ],
        "round_time": 3.8306782245635986,
        "round_start_time": 1769896962.1607327,
        "round_end_time": 1769896965.991411,
        "evaluate_time": 0.4329380989074707,
        "inference_time": 0.003000020980834961
    },
    "2": {
        "trees_by_client": 30,
        "first_server_serialise_trees_size": 18832,
        "fit_time": 0.4353656768798828,
        "client_serialise_trees_size": 806203,
        "final_server_serialise_trees_size": 2180946,
        "f1_score": 0.9699357657661473,
        "mcc": 0.9574589120702994,
        "accuracy": 0.9669131957960296,
        "precision": 0.975072210348597,
        "recall": 0.9661693739138989,
        "confusion_matrix": [
            [
                0.981243830207305,
                0.0004935834155972359,
                0.01826258637709773,
                0.0,
                0.0,
                0.0
            ],
            [
                0.017001545595054096,
                0.964451313755796,
                0.00927357032457496,
                0.0,
                0.00927357032457496,
                0.0
            ],
            [
                0.02318840579710145,
                0.0014492753623188406,
                0.9739130434782609,
                0.0,
                0.0014492753623188406,
                0.0
            ],
            [
                0.0,
                0.0,
                0.0,
                1.0,
                0.0,
                0.0
            ],
            [
                0.0,
                0.017513134851138354,
                0.10507880910683012,
                0.0,
                0.8774080560420315,
                0.0
            ],
            [
                0.0,
                0.0,
                0.0,
                0.0,
                0.0,
                1.0
            ]
        ],
        "confusion_matrix_labels": [
            "DoS/DDoS",
            "Info_Gathering",
            "Injection",
            "MITM",
            "Malware",
            "Normal"
        ],
        "round_time": 5.037339448928833,
        "round_start_time": 1769896981.0545526,
        "round_end_time": 1769896986.091892,
        "evaluate_time": 0.4470376968383789,
        "inference_time": 0.003060579299926758
    },
    "3": {
        "trees_by_client": 40,
        "first_server_serialise_trees_size": 28696,
        "fit_time": 0.5787568092346191,
        "client_serialise_trees_size": 1127680,
        "final_server_serialise_trees_size": 2899977,
        "f1_score": 0.9702451674852992,
        "mcc": 0.9579259589496063,
        "accuracy": 0.9673024523160763,
        "precision": 0.9750167698670028,
        "recall": 0.9666246522802671,
        "confusion_matrix": [
            [
                0.9807502467917077,
                0.0004935834155972359,
                0.018756169792694965,
                0.0,
                0.0,
                0.0
            ],
            [
                0.01854714064914992,
                0.9629057187017002,
                0.00927357032457496,
                0.0,
                0.00927357032457496,
                0.0
            ],
            [
                0.021739130434782608,
                0.000966183574879227,
                0.9734299516908212,
                0.0,
                0.003864734299516908,
                0.0
            ],
            [
                0.0,
                0.0,
                0.0,
                1.0,
                0.0,
                0.0
            ],
            [
                0.0,
                0.017513134851138354,
                0.09982486865148861,
                0.0,
                0.882661996497373,
                0.0
            ],
            [
                0.0,
                0.0,
                0.0,
                0.0,
                0.0,
                1.0
            ]
        ],
        "confusion_matrix_labels": [
            "DoS/DDoS",
            "Info_Gathering",
            "Injection",
            "MITM",
            "Malware",
            "Normal"
        ],
        "round_time": 6.171908855438232,
        "round_start_time": 1769897001.1526253,
        "round_end_time": 1769897007.3245342,
        "evaluate_time": 0.49825024604797363,
        "inference_time": 0.0035157203674316406
    },
    "4": {
        "trees_by_client": 50,
        "first_server_serialise_trees_size": 37967,
        "fit_time": 0.7057616710662842,
        "client_serialise_trees_size": 1412911,
        "final_server_serialise_trees_size": 3644780,
        "f1_score": 0.970627735155523,
        "mcc": 0.958063276425076,
        "accuracy": 0.9674322044894252,
        "precision": 0.9748995390669905,
        "recall": 0.9673349980895077,
        "confusion_matrix": [
            [
                0.9792694965449161,
                0.0004935834155972359,
                0.020236920039486673,
                0.0,
                0.0,
                0.0
            ],
            [
                0.017001545595054096,
                0.964451313755796,
                0.00927357032457496,
                0.0,
                0.00927357032457496,
                0.0
            ],
            [
                0.022705314009661835,
                0.000966183574879227,
                0.9714975845410628,
                0.0,
                0.004830917874396135,
                0.0
            ],
            [
                0.0,
                0.0,
                0.0,
                1.0,
                0.0,
                0.0
            ],
            [
                0.0,
                0.017513134851138354,
                0.09369527145359019,
                0.0,
                0.8887915936952715,
                0.0
            ],
            [
                0.0,
                0.0,
                0.0,
                0.0,
                0.0,
                1.0
            ]
        ],
        "confusion_matrix_labels": [
            "DoS/DDoS",
            "Info_Gathering",
            "Injection",
            "MITM",
            "Malware",
            "Normal"
        ],
        "round_time": 7.846240758895874,
        "round_start_time": 1769897022.3836467,
        "round_end_time": 1769897030.2298875,
        "evaluate_time": 0.34773945808410645,
        "inference_time": 0.004090547561645508
    },
    "5": {
        "trees_by_client": 60,
        "first_server_serialise_trees_size": 47225,
        "fit_time": 0.7587213516235352,
        "client_serialise_trees_size": 1694017,
        "final_server_serialise_trees_size": 4333664,
        "f1_score": 0.9698147517673403,
        "mcc": 0.9572969586818904,
        "accuracy": 0.9667834436226806,
        "precision": 0.9748457288289675,
        "recall": 0.9661472916897401,
        "confusion_matrix": [
            [
                0.9792694965449161,
                0.0009871668311944718,
                0.019743336623889437,
                0.0,
                0.0,
                0.0
            ],
            [
                0.017001545595054096,
                0.964451313755796,
                0.00927357032457496,
                0.0,
                0.00927357032457496,
                0.0
            ],
            [
                0.022222222222222223,
                0.0014492753623188406,
                0.9748792270531401,
                0.0,
                0.0014492753623188406,
                0.0
            ],
            [
                0.0,
                0.0,
                0.0,
                1.0,
                0.0,
                0.0
            ],
            [
                0.0,
                0.017513134851138354,
                0.1042031523642732,
                0.0,
                0.8782837127845884,
                0.0
            ],
            [
                0.0,
                0.0,
                0.0,
                0.0,
                0.0,
                1.0
            ]
        ],
        "confusion_matrix_labels": [
            "DoS/DDoS",
            "Info_Gathering",
            "Injection",
            "MITM",
            "Malware",
            "Normal"
        ],
        "round_time": 7.927000284194946,
        "round_start_time": 1769897045.2887163,
        "round_end_time": 1769897053.2157166,
        "evaluate_time": 0.6378967761993408,
        "inference_time": 0.0046961307525634766
    },
    "6": {
        "trees_by_client": 70,
        "first_server_serialise_trees_size": 56783,
        "fit_time": 0.9635500907897949,
        "client_serialise_trees_size": 1928813,
        "final_server_serialise_trees_size": 4916945,
        "f1_score": 0.970040253455115,
        "mcc": 0.9572629436374982,
        "accuracy": 0.9667834436226806,
        "precision": 0.974721646308068,
        "recall": 0.9665363594354716,
        "confusion_matrix": [
            [
                0.9782823297137216,
                0.0004935834155972359,
                0.021224086870681145,
                0.0,
                0.0,
                0.0
            ],
            [
                0.017001545595054096,
                0.964451313755796,
                0.00927357032457496,
                0.0,
                0.00927357032457496,
                0.0
            ],
            [
                0.022705314009661835,
                0.0014492753623188406,
                0.9729468599033816,
                0.0,
                0.002898550724637681,
                0.0
            ],
            [
                0.0,
                0.0,
                0.0,
                1.0,
                0.0,
                0.0
            ],
            [
                0.0,
                0.017513134851138354,
                0.0989492119089317,
                0.0,
                0.8835376532399299,
                0.0
            ],
            [
                0.0,
                0.0,
                0.0,
                0.0,
                0.0,
                1.0
            ]
        ],
        "confusion_matrix_labels": [
            "DoS/DDoS",
            "Info_Gathering",
            "Injection",
            "MITM",
            "Malware",
            "Normal"
        ],
        "round_time": 9.857665538787842,
        "round_start_time": 1769897068.2746336,
        "round_end_time": 1769897078.1322992,
        "evaluate_time": 0.7110135555267334,
        "inference_time": 0.0054323673248291016
    },
    "7": {
        "trees_by_client": 80,
        "first_server_serialise_trees_size": 66227,
        "fit_time": 1.060004711151123,
        "client_serialise_trees_size": 2236354,
        "final_server_serialise_trees_size": 5819316,
        "f1_score": 0.9712707191503833,
        "mcc": 0.9594339582184733,
        "accuracy": 0.9684702218762165,
        "precision": 0.9758682780402959,
        "recall": 0.9678430557254823,
        "confusion_matrix": [
            [
                0.983218163869694,
                0.0004935834155972359,
                0.016288252714708785,
                0.0,
                0.0,
                0.0
            ],
            [
                0.015455950540958269,
                0.9659969088098919,
                0.00927357032457496,
                0.0,
                0.00927357032457496,
                0.0
            ],
            [
                0.02318840579710145,
                0.0014492753623188406,
                0.9734299516908212,
                0.0,
                0.001932367149758454,
                0.0
            ],
            [
                0.0,
                0.0,
                0.0,
                1.0,
                0.0,
                0.0
            ],
            [
                0.0,
                0.017513134851138354,
                0.09807355516637478,
                0.0,
                0.8844133099824869,
                0.0
            ],
            [
                0.0,
                0.0,
                0.0,
                0.0,
                0.0,
                1.0
            ]
        ],
        "confusion_matrix_labels": [
            "DoS/DDoS",
            "Info_Gathering",
            "Injection",
            "MITM",
            "Malware",
            "Normal"
        ],
        "round_time": 11.904769659042358,
        "round_start_time": 1769897093.2035575,
        "round_end_time": 1769897105.1083272,
        "evaluate_time": 0.4637167453765869,
        "inference_time": 0.005849599838256836
    },
    "8": {
        "trees_by_client": 90,
        "first_server_serialise_trees_size": 75626,
        "fit_time": 1.1576759815216064,
        "client_serialise_trees_size": 2512331,
        "final_server_serialise_trees_size": 6536080,
        "f1_score": 0.9709640069447815,
        "mcc": 0.9587487488270813,
        "accuracy": 0.9679512131828208,
        "precision": 0.975310934521994,
        "recall": 0.9676570592811341,
        "confusion_matrix": [
            [
                0.9792694965449161,
                0.0004935834155972359,
                0.020236920039486673,
                0.0,
                0.0,
                0.0
            ],
            [
                0.017001545595054096,
                0.964451313755796,
                0.00927357032457496,
                0.0,
                0.00927357032457496,
                0.0
            ],
            [
                0.021739130434782608,
                0.0014492753623188406,
                0.9734299516908212,
                0.0,
                0.003381642512077295,
                0.0
            ],
            [
                0.0,
                0.0,
                0.0,
                1.0,
                0.0,
                0.0
            ],
            [
                0.0,
                0.017513134851138354,
                0.09369527145359019,
                0.0,
                0.8887915936952715,
                0.0
            ],
            [
                0.0,
                0.0,
                0.0,
                0.0,
                0.0,
                1.0
            ]
        ],
        "confusion_matrix_labels": [
            "DoS/DDoS",
            "Info_Gathering",
            "Injection",
            "MITM",
            "Malware",
            "Normal"
        ],
        "round_time": 12.435588121414185,
        "round_start_time": 1769897120.1666749,
        "round_end_time": 1769897132.602263,
        "evaluate_time": 0.5011856555938721,
        "inference_time": 0.006422758102416992
    },
    "9": {
        "trees_by_client": 100,
        "first_server_serialise_trees_size": 84860,
        "fit_time": 1.2638347148895264,
        "client_serialise_trees_size": 2809826,
        "final_server_serialise_trees_size": 7204769,
        "f1_score": 0.9713810462316014,
        "mcc": 0.959426933202415,
        "accuracy": 0.9684702218762165,
        "precision": 0.9758713902377983,
        "recall": 0.9679826176821464,
        "confusion_matrix": [
            [
                0.9802566633761106,
                0.0004935834155972359,
                0.0192497532082922,
                0.0,
                0.0,
                0.0
            ],
            [
                0.017001545595054096,
                0.964451313755796,
                0.00927357032457496,
                0.0,
                0.00927357032457496,
                0.0
            ],
            [
                0.022222222222222223,
                0.0014492753623188406,
                0.9743961352657005,
                0.0,
                0.001932367149758454,
                0.0
            ],
            [
                0.0,
                0.0,
                0.0,
                1.0,
                0.0,
                0.0
            ],
            [
                0.0,
                0.017513134851138354,
                0.09369527145359019,
                0.0,
                0.8887915936952715,
                0.0
            ],
            [
                0.0,
                0.0,
                0.0,
                0.0,
                0.0,
                1.0
            ]
        ],
        "confusion_matrix_labels": [
            "DoS/DDoS",
            "Info_Gathering",
            "Injection",
            "MITM",
            "Malware",
            "Normal"
        ],
        "round_time": 12.5127272605896,
        "round_start_time": 1769897147.6616905,
        "round_end_time": 1769897160.1744177,
        "evaluate_time": 0.8566231727600098,
        "inference_time": 0.00766301155090332
    },
    "10": {
        "trees_by_client": 110,
        "first_server_serialise_trees_size": 94948,
        "fit_time": 1.468292236328125,
        "client_serialise_trees_size": 3099554,
        "final_server_serialise_trees_size": 7891306,
        "f1_score": 0.9693647210106024,
        "mcc": 0.9564550253980293,
        "accuracy": 0.9661346827559362,
        "precision": 0.9746065836614467,
        "recall": 0.9655022038299115,
        "confusion_matrix": [
            [
                0.9792694965449161,
                0.0004935834155972359,
                0.020236920039486673,
                0.0,
                0.0,
                0.0
            ],
            [
                0.01854714064914992,
                0.9629057187017002,
                0.00927357032457496,
                0.0,
                0.00927357032457496,
                0.0
            ],
            [
                0.023671497584541065,
                0.0014492753623188406,
                0.9734299516908212,
                0.0,
                0.0014492753623188406,
                0.0
            ],
            [
                0.0,
                0.0,
                0.0,
                1.0,
                0.0,
                0.0
            ],
            [
                0.0,
                0.017513134851138354,
                0.10507880910683012,
                0.0,
                0.8774080560420315,
                0.0
            ],
            [
                0.0,
                0.0,
                0.0,
                0.0,
                0.0,
                1.0
            ]
        ],
        "confusion_matrix_labels": [
            "DoS/DDoS",
            "Info_Gathering",
            "Injection",
            "MITM",
            "Malware",
            "Normal"
        ],
        "round_time": 14.939810752868652,
        "round_start_time": 1769897175.2365632,
        "round_end_time": 1769897190.176374,
        "evaluate_time": 0.9475264549255371,
        "inference_time": 0.0075075626373291016
    },
    "11": {
        "trees_by_client": 120,
        "first_server_serialise_trees_size": 104125,
        "fit_time": 1.5698466300964355,
        "client_serialise_trees_size": 3292208,
        "final_server_serialise_trees_size": 8666893,
        "f1_score": 0.9708444176299907,
        "mcc": 0.9586028427731192,
        "accuracy": 0.9678214610094719,
        "precision": 0.9754286400703208,
        "recall": 0.9674299876077918,
        "confusion_matrix": [
            [
                0.9802566633761106,
                0.0004935834155972359,
                0.0192497532082922,
                0.0,
                0.0,
                0.0
            ],
            [
                0.015455950540958269,
                0.9659969088098919,
                0.00927357032457496,
                0.0,
                0.00927357032457496,
                0.0
            ],
            [
                0.022222222222222223,
                0.0014492753623188406,
                0.9739130434782609,
                0.0,
                0.0024154589371980675,
                0.0
            ],
            [
                0.0,
                0.0,
                0.0,
                1.0,
                0.0,
                0.0
            ],
            [
                0.0,
                0.017513134851138354,
                0.09807355516637478,
                0.0,
                0.8844133099824869,
                0.0
            ],
            [
                0.0,
                0.0,
                0.0,
                0.0,
                0.0,
                1.0
            ]
        ],
        "confusion_matrix_labels": [
            "DoS/DDoS",
            "Info_Gathering",
            "Injection",
            "MITM",
            "Malware",
            "Normal"
        ],
        "round_time": 16.266552925109863,
        "round_start_time": 1769897205.2385483,
        "round_end_time": 1769897221.5051012,
        "evaluate_time": 0.6223421096801758,
        "inference_time": 0.008165836334228516
    },
    "12": {
        "trees_by_client": 130,
        "first_server_serialise_trees_size": 113388,
        "fit_time": 1.7005465030670166,
        "client_serialise_trees_size": 3610222,
        "final_server_serialise_trees_size": 9337949,
        "f1_score": 0.969760822996283,
        "mcc": 0.9569368652274708,
        "accuracy": 0.9665239392759829,
        "precision": 0.9745765437240901,
        "recall": 0.9661807949667925,
        "confusion_matrix": [
            [
                0.9787759131293189,
                0.0004935834155972359,
                0.02073050345508391,
                0.0,
                0.0,
                0.0
            ],
            [
                0.017001545595054096,
                0.964451313755796,
                0.00927357032457496,
                0.0,
                0.00927357032457496,
                0.0
            ],
            [
                0.022705314009661835,
                0.0014492753623188406,
                0.9729468599033816,
                0.0,
                0.002898550724637681,
                0.0
            ],
            [
                0.0,
                0.0,
                0.0,
                1.0,
                0.0,
                0.0
            ],
            [
                0.0,
                0.017513134851138354,
                0.10157618213660245,
                0.0,
                0.8809106830122592,
                0.0
            ],
            [
                0.0,
                0.0,
                0.0,
                0.0,
                0.0,
                1.0
            ]
        ],
        "confusion_matrix_labels": [
            "DoS/DDoS",
            "Info_Gathering",
            "Injection",
            "MITM",
            "Malware",
            "Normal"
        ],
        "round_time": 16.2627911567688,
        "round_start_time": 1769897236.5655584,
        "round_end_time": 1769897252.8283496,
        "evaluate_time": 0.9341001510620117,
        "inference_time": 0.015332460403442383
    },
    "13": {
        "trees_by_client": 140,
        "first_server_serialise_trees_size": 123042,
        "fit_time": 1.8907456398010254,
        "client_serialise_trees_size": 3886184,
        "final_server_serialise_trees_size": 9890937,
        "f1_score": 0.9706953533088963,
        "mcc": 0.95842158277734,
        "accuracy": 0.967691708836123,
        "precision": 0.975311664854556,
        "recall": 0.9671898384271987,
        "confusion_matrix": [
            [
                0.9797630799605134,
                0.0004935834155972359,
                0.019743336623889437,
                0.0,
                0.0,
                0.0
            ],
            [
                0.01854714064914992,
                0.9629057187017002,
                0.00927357032457496,
                0.0,
                0.00927357032457496,
                0.0
            ],
            [
                0.022705314009661835,
                0.0014492753623188406,
                0.9734299516908212,
                0.0,
                0.0024154589371980675,
                0.0
            ],
            [
                0.0,
                0.0,
                0.0,
                1.0,
                0.0,
                0.0
            ],
            [
                0.0,
                0.017513134851138354,
                0.09544658493870403,
                0.0,
                0.8870402802101576,
                0.0
            ],
            [
                0.0,
                0.0,
                0.0,
                0.0,
                0.0,
                1.0
            ]
        ],
        "confusion_matrix_labels": [
            "DoS/DDoS",
            "Info_Gathering",
            "Injection",
            "MITM",
            "Malware",
            "Normal"
        ],
        "round_time": 17.10914397239685,
        "round_start_time": 1769897267.899551,
        "round_end_time": 1769897285.008695,
        "evaluate_time": 1.0550901889801025,
        "inference_time": 0.009896516799926758
    },
    "14": {
        "trees_by_client": 150,
        "first_server_serialise_trees_size": 132559,
        "fit_time": 1.9683079719543457,
        "client_serialise_trees_size": 4148523,
        "final_server_serialise_trees_size": 10548348,
        "f1_score": 0.9699980066930124,
        "mcc": 0.9572613675201896,
        "accuracy": 0.9667834436226806,
        "precision": 0.974710353333073,
        "recall": 0.9664744291523379,
        "confusion_matrix": [
            [
                0.9792694965449161,
                0.0004935834155972359,
                0.020236920039486673,
                0.0,
                0.0,
                0.0
            ],
            [
                0.017001545595054096,
                0.964451313755796,
                0.00927357032457496,
                0.0,
                0.00927357032457496,
                0.0
            ],
            [
                0.02318840579710145,
                0.0014492753623188406,
                0.972463768115942,
                0.0,
                0.002898550724637681,
                0.0
            ],
            [
                0.0,
                0.0,
                0.0,
                1.0,
                0.0,
                0.0
            ],
            [
                0.0,
                0.017513134851138354,
                0.09982486865148861,
                0.0,
                0.882661996497373,
                0.0
            ],
            [
                0.0,
                0.0,
                0.0,
                0.0,
                0.0,
                1.0
            ]
        ],
        "confusion_matrix_labels": [
            "DoS/DDoS",
            "Info_Gathering",
            "Injection",
            "MITM",
            "Malware",
            "Normal"
        ],
        "round_time": 16.10995101928711,
        "round_start_time": 1769897300.0766559,
        "round_end_time": 1769897316.186607,
        "evaluate_time": 1.0884878635406494,
        "inference_time": 0.010394096374511719
    },
    "15": {
        "trees_by_client": 160,
        "first_server_serialise_trees_size": 142022,
        "fit_time": 2.2049989700317383,
        "client_serialise_trees_size": 4449930,
        "final_server_serialise_trees_size": 11423989,
        "f1_score": 0.9709820330286187,
        "mcc": 0.9587623122888268,
        "accuracy": 0.9679512131828208,
        "precision": 0.975567083099354,
        "recall": 0.9675279529007881,
        "confusion_matrix": [
            [
                0.9797630799605134,
                0.0004935834155972359,
                0.019743336623889437,
                0.0,
                0.0,
                0.0
            ],
            [
                0.017001545595054096,
                0.964451313755796,
                0.00927357032457496,
                0.0,
                0.00927357032457496,
                0.0
            ],
            [
                0.022705314009661835,
                0.0014492753623188406,
                0.9739130434782609,
                0.0,
                0.001932367149758454,
                0.0
            ],
            [
                0.0,
                0.0,
                0.0,
                1.0,
                0.0,
                0.0
            ],
            [
                0.0,
                0.017513134851138354,
                0.09544658493870403,
                0.0,
                0.8870402802101576,
                0.0
            ],
            [
                0.0,
                0.0,
                0.0,
                0.0,
                0.0,
                1.0
            ]
        ],
        "confusion_matrix_labels": [
            "DoS/DDoS",
            "Info_Gathering",
            "Injection",
            "MITM",
            "Malware",
            "Normal"
        ],
        "round_time": 20.891786098480225,
        "round_start_time": 1769897331.2513204,
        "round_end_time": 1769897352.1431065,
        "evaluate_time": 1.0641400814056396,
        "inference_time": 0.01136326789855957
    },
    "16": {
        "trees_by_client": 170,
        "first_server_serialise_trees_size": 151290,
        "fit_time": 2.260849714279175,
        "client_serialise_trees_size": 4744185,
        "final_server_serialise_trees_size": 12147388,
        "f1_score": 0.9703602809940248,
        "mcc": 0.9577611924967538,
        "accuracy": 0.9671727001427274,
        "precision": 0.9749524432417509,
        "recall": 0.9669087603142305,
        "confusion_matrix": [
            [
                0.9782823297137216,
                0.0004935834155972359,
                0.021224086870681145,
                0.0,
                0.0,
                0.0
            ],
            [
                0.017001545595054096,
                0.964451313755796,
                0.00927357032457496,
                0.0,
                0.00927357032457496,
                0.0
            ],
            [
                0.022222222222222223,
                0.0014492753623188406,
                0.9734299516908212,
                0.0,
                0.002898550724637681,
                0.0
            ],
            [
                0.0,
                0.0,
                0.0,
                1.0,
                0.0,
                0.0
            ],
            [
                0.0,
                0.017513134851138354,
                0.09719789842381786,
                0.0,
                0.8852889667250438,
                0.0
            ],
            [
                0.0,
                0.0,
                0.0,
                0.0,
                0.0,
                1.0
            ]
        ],
        "confusion_matrix_labels": [
            "DoS/DDoS",
            "Info_Gathering",
            "Injection",
            "MITM",
            "Malware",
            "Normal"
        ],
        "round_time": 17.51276969909668,
        "round_start_time": 1769897367.2135634,
        "round_end_time": 1769897384.7263331,
        "evaluate_time": 1.3190619945526123,
        "inference_time": 0.011435270309448242
    },
    "17": {
        "trees_by_client": 180,
        "first_server_serialise_trees_size": 160992,
        "fit_time": 2.421144723892212,
        "client_serialise_trees_size": 4981976,
        "final_server_serialise_trees_size": 12926238,
        "f1_score": 0.9711885478887846,
        "mcc": 0.9591032325067832,
        "accuracy": 0.9682107175295186,
        "precision": 0.97590607875303,
        "recall": 0.9676253046087746,
        "confusion_matrix": [
            [
                0.9802566633761106,
                0.0004935834155972359,
                0.0192497532082922,
                0.0,
                0.0,
                0.0
            ],
            [
                0.017001545595054096,
                0.964451313755796,
                0.00927357032457496,
                0.0,
                0.00927357032457496,
                0.0
            ],
            [
                0.022222222222222223,
                0.000966183574879227,
                0.9748792270531401,
                0.0,
                0.001932367149758454,
                0.0
            ],
            [
                0.0,
                0.0,
                0.0,
                1.0,
                0.0,
                0.0
            ],
            [
                0.0,
                0.017513134851138354,
                0.09632224168126094,
                0.0,
                0.8861646234676007,
                0.0
            ],
            [
                0.0,
                0.0,
                0.0,
                0.0,
                0.0,
                1.0
            ]
        ],
        "confusion_matrix_labels": [
            "DoS/DDoS",
            "Info_Gathering",
            "Injection",
            "MITM",
            "Malware",
            "Normal"
        ],
        "round_time": 23.354641675949097,
        "round_start_time": 1769897399.792557,
        "round_end_time": 1769897423.1471987,
        "evaluate_time": 1.2331647872924805,
        "inference_time": 0.012792348861694336
    },
    "18": {
        "trees_by_client": 190,
        "first_server_serialise_trees_size": 170322,
        "fit_time": 2.565422296524048,
        "client_serialise_trees_size": 5329695,
        "final_server_serialise_trees_size": 13397810,
        "f1_score": 0.9709142045246226,
        "mcc": 0.9587514623779326,
        "accuracy": 0.9679512131828208,
        "precision": 0.9753815442196517,
        "recall": 0.9675314501101738,
        "confusion_matrix": [
            [
                0.9807502467917077,
                0.0004935834155972359,
                0.018756169792694965,
                0.0,
                0.0,
                0.0
            ],
            [
                0.017001545595054096,
                0.964451313755796,
                0.00927357032457496,
                0.0,
                0.00927357032457496,
                0.0
            ],
            [
                0.022705314009661835,
                0.0014492753623188406,
                0.9729468599033816,
                0.0,
                0.002898550724637681,
                0.0
            ],
            [
                0.0,
                0.0,
                0.0,
                1.0,
                0.0,
                0.0
            ],
            [
                0.0,
                0.017513134851138354,
                0.09544658493870403,
                0.0,
                0.8870402802101576,
                0.0
            ],
            [
                0.0,
                0.0,
                0.0,
                0.0,
                0.0,
                1.0
            ]
        ],
        "confusion_matrix_labels": [
            "DoS/DDoS",
            "Info_Gathering",
            "Injection",
            "MITM",
            "Malware",
            "Normal"
        ],
        "round_time": 21.090592861175537,
        "round_start_time": 1769897438.2155442,
        "round_end_time": 1769897459.306137,
        "evaluate_time": 1.2080318927764893,
        "inference_time": 0.014531850814819336
    },
    "19": {
        "trees_by_client": 200,
        "first_server_serialise_trees_size": 179658,
        "fit_time": 2.6829280853271484,
        "client_serialise_trees_size": 5517092,
        "final_server_serialise_trees_size": 14267063,
        "f1_score": 0.9714432204132027,
        "mcc": 0.9594063409691714,
        "accuracy": 0.9684702218762165,
        "precision": 0.9757637149319836,
        "recall": 0.9681152212718783,
        "confusion_matrix": [
            [
                0.9807502467917077,
                0.0004935834155972359,
                0.018756169792694965,
                0.0,
                0.0,
                0.0
            ],
            [
                0.017001545595054096,
                0.964451313755796,
                0.00927357032457496,
                0.0,
                0.00927357032457496,
                0.0
            ],
            [
                0.022705314009661835,
                0.000966183574879227,
                0.9729468599033816,
                0.0,
                0.003381642512077295,
                0.0
            ],
