{
    "0": {
        "trees_by_client": 10,
        "first_server_serialise_trees_size": 9282,
        "fit_time": 0.07009100914001465,
        "client_serialise_trees_size": 260785,
        "final_server_serialise_trees_size": 1331549,
        "f1_score": 0.9595209245129981,
        "mcc": 0.938935722536571,
        "accuracy": 0.9517082785808147,
        "precision": 0.9638896749965719,
        "recall": 0.9584231261444848,
        "confusion_matrix": [
            [
                0.9796954314720813,
                0.0020304568527918783,
                0.018274111675126905,
                0.0,
                0.0,
                0.0
            ],
            [
                0.028503562945368172,
                0.9548693586698337,
                0.011876484560570071,
                0.0,
                0.004750593824228029,
                0.0
            ],
            [
                0.02707275803722504,
                0.001692047377326565,
                0.9678510998307953,
                0.0,
                0.00338409475465313,
                0.0
            ],
            [
                0.0,
                0.0,
                0.0,
                1.0,
                0.0,
                0.0
            ],
            [
                0.0,
                0.013651877133105802,
                0.13822525597269625,
                0.0,
                0.8481228668941979,
                0.0
            ],
            [
                0.0,
                0.0,
                0.0,
                0.0,
                0.0,
                1.0
            ]
        ],
        "confusion_matrix_labels": [
            "DoS/DDoS",
            "Info_Gathering",
            "Injection",
            "MITM",
            "Malware",
            "Normal"
        ],
        "round_time": 16.82802176475525,
        "round_start_time": 1771783485.2304509,
        "round_end_time": 1771783502.0584726,
        "evaluate_time": 0.1502523422241211,
        "inference_time": 0.008858442306518555
    },
    "1": {
        "trees_by_client": 20,
        "first_server_serialise_trees_size": 9435,
        "fit_time": 0.2717444896697998,
        "client_serialise_trees_size": 527807,
        "final_server_serialise_trees_size": 2612964,
        "f1_score": 0.9607423593428344,
        "mcc": 0.9406409400927345,
        "accuracy": 0.9530223390275953,
        "precision": 0.9650003924345659,
        "recall": 0.9597813137850167,
        "confusion_matrix": [
            [
                0.9796954314720813,
                0.0010152284263959391,
                0.019289340101522844,
                0.0,
                0.0,
                0.0
            ],
            [
                0.023752969121140142,
                0.9596199524940617,
                0.011876484560570071,
                0.0,
                0.004750593824228029,
                0.0
            ],
            [
                0.02707275803722504,
                0.001692047377326565,
                0.9695431472081218,
                0.0,
                0.001692047377326565,
                0.0
            ],
            [
                0.0,
                0.0,
                0.0,
                1.0,
                0.0,
                0.0
            ],
            [
                0.0,
                0.013651877133105802,
                0.13651877133105803,
                0.0,
                0.8498293515358362,
                0.0
            ],
            [
                0.0,
                0.0,
                0.0,
                0.0,
                0.0,
                1.0
            ]
        ],
        "confusion_matrix_labels": [
            "DoS/DDoS",
            "Info_Gathering",
            "Injection",
            "MITM",
            "Malware",
            "Normal"
        ],
        "round_time": 3.206923484802246,
        "round_start_time": 1771783517.8951323,
        "round_end_time": 1771783521.1020558,
        "evaluate_time": 0.13022899627685547,
        "inference_time": 0.01345682144165039
    },
    "2": {
        "trees_by_client": 30,
        "first_server_serialise_trees_size": 18931,
        "fit_time": 0.2655518054962158,
        "client_serialise_trees_size": 773274,
        "final_server_serialise_trees_size": 4037998,
        "f1_score": 0.9635862287442878,
        "mcc": 0.9446524358262507,
        "accuracy": 0.9563074901445466,
        "precision": 0.9671348181303702,
        "recall": 0.9626254548544139,
        "confusion_matrix": [
            [
                0.9796954314720813,
                0.0010152284263959391,
                0.019289340101522844,
                0.0,
                0.0,
                0.0
            ],
            [
                0.023752969121140142,
                0.9596199524940617,
                0.011876484560570071,
                0.0,
                0.004750593824228029,
                0.0
            ],
            [
                0.02707275803722504,
                0.001692047377326565,
                0.9695431472081218,
                0.0,
                0.001692047377326565,
                0.0
            ],
            [
                0.0,
                0.0,
                0.0,
                1.0,
                0.0,
                0.0
            ],
            [
                0.0,
                0.013651877133105802,
                0.11945392491467577,
                0.0,
                0.8668941979522184,
                0.0
            ],
            [
                0.0,
                0.0,
                0.0,
                0.0,
                0.0,
                1.0
            ]
        ],
        "confusion_matrix_labels": [
            "DoS/DDoS",
            "Info_Gathering",
            "Injection",
            "MITM",
            "Malware",
            "Normal"
        ],
        "round_time": 3.9253756999969482,
        "round_start_time": 1771783536.2506273,
        "round_end_time": 1771783540.176003,
        "evaluate_time": 0.22809481620788574,
        "inference_time": 0.019780635833740234
    },
    "3": {
        "trees_by_client": 40,
        "first_server_serialise_trees_size": 28391,
        "fit_time": 0.5499832630157471,
        "client_serialise_trees_size": 1077553,
        "final_server_serialise_trees_size": 5518043,
        "f1_score": 0.9607423593428344,
        "mcc": 0.9406409400927345,
        "accuracy": 0.9530223390275953,
        "precision": 0.9650003924345659,
        "recall": 0.9597813137850167,
        "confusion_matrix": [
            [
                0.9796954314720813,
                0.0010152284263959391,
                0.019289340101522844,
                0.0,
                0.0,
                0.0
            ],
            [
                0.023752969121140142,
                0.9596199524940617,
                0.011876484560570071,
                0.0,
                0.004750593824228029,
                0.0
            ],
            [
                0.02707275803722504,
                0.001692047377326565,
                0.9695431472081218,
                0.0,
                0.001692047377326565,
                0.0
            ],
            [
                0.0,
                0.0,
                0.0,
                1.0,
                0.0,
                0.0
            ],
            [
                0.0,
                0.013651877133105802,
                0.13651877133105803,
                0.0,
                0.8498293515358362,
                0.0
            ],
            [
                0.0,
                0.0,
                0.0,
                0.0,
                0.0,
                1.0
            ]
        ],
        "confusion_matrix_labels": [
            "DoS/DDoS",
            "Info_Gathering",
            "Injection",
            "MITM",
            "Malware",
            "Normal"
        ],
        "round_time": 4.965472221374512,
        "round_start_time": 1771783555.336276,
        "round_end_time": 1771783560.3017483,
        "evaluate_time": 0.3322153091430664,
        "inference_time": 0.024211406707763672
    },
    "4": {
        "trees_by_client": 50,
        "first_server_serialise_trees_size": 37641,
        "fit_time": 0.5160109996795654,
        "client_serialise_trees_size": 1313242,
        "final_server_serialise_trees_size": 6582358,
        "f1_score": 0.9610233966950635,
        "mcc": 0.9410164027740376,
        "accuracy": 0.9533508541392904,
        "precision": 0.9652489761968571,
        "recall": 0.9599542591802105,
        "confusion_matrix": [
            [
                0.9796954314720813,
                0.0010152284263959391,
                0.019289340101522844,
                0.0,
                0.0,
                0.0
            ],
            [
                0.026128266033254157,
                0.9572446555819477,
                0.011876484560570071,
                0.0,
                0.004750593824228029,
                0.0
            ],
            [
                0.02707275803722504,
                0.001692047377326565,
                0.9695431472081218,
                0.0,
                0.001692047377326565,
                0.0
            ],
            [
                0.0,
                0.0,
                0.0,
                1.0,
                0.0,
                0.0
            ],
            [
                0.0,
                0.013651877133105802,
                0.13310580204778158,
                0.0,
                0.8532423208191127,
                0.0
            ],
            [
                0.0,
                0.0,
                0.0,
                0.0,
                0.0,
                1.0
            ]
        ],
        "confusion_matrix_labels": [
            "DoS/DDoS",
            "Info_Gathering",
            "Injection",
            "MITM",
            "Malware",
            "Normal"
        ],
        "round_time": 5.492266654968262,
        "round_start_time": 1771783575.4499795,
        "round_end_time": 1771783580.9422462,
        "evaluate_time": 0.34092116355895996,
        "inference_time": 0.03710794448852539
    },
    "5": {
        "trees_by_client": 60,
        "first_server_serialise_trees_size": 47518,
        "fit_time": 0.7543520927429199,
        "client_serialise_trees_size": 1580596,
        "final_server_serialise_trees_size": 8031329,
        "f1_score": 0.9621608991174971,
        "mcc": 0.94266227215189,
        "accuracy": 0.954664914586071,
        "precision": 0.9662449251437913,
        "recall": 0.9610881749505084,
        "confusion_matrix": [
            [
                0.9807106598984772,
                0.0,
                0.019289340101522844,
                0.0,
                0.0,
                0.0
            ],
            [
                0.023752969121140142,
                0.9596199524940617,
                0.011876484560570071,
                0.0,
                0.004750593824228029,
                0.0
            ],
            [
                0.02707275803722504,
                0.001692047377326565,
                0.9695431472081218,
                0.0,
                0.001692047377326565,
                0.0
            ],
            [
                0.0,
                0.0,
                0.0,
                1.0,
                0.0,
                0.0
            ],
            [
                0.0,
                0.013651877133105802,
                0.1296928327645051,
                0.0,
                0.856655290102389,
                0.0
            ],
            [
                0.0,
                0.0,
                0.0,
                0.0,
                0.0,
                1.0
            ]
        ],
        "confusion_matrix_labels": [
            "DoS/DDoS",
            "Info_Gathering",
            "Injection",
            "MITM",
            "Malware",
            "Normal"
        ],
        "round_time": 6.198013782501221,
        "round_start_time": 1771783596.1140954,
        "round_end_time": 1771783602.3121092,
        "evaluate_time": 0.3628859519958496,
        "inference_time": 0.0410161018371582
    },
    "6": {
        "trees_by_client": 70,
        "first_server_serialise_trees_size": 56943,
        "fit_time": 1.0367681980133057,
        "client_serialise_trees_size": 1842411,
        "final_server_serialise_trees_size": 9304384,
        "f1_score": 0.9635819814535683,
        "mcc": 0.9446699510970029,
        "accuracy": 0.9563074901445466,
        "precision": 0.9673167722037856,
        "recall": 0.9625102454852068,
        "confusion_matrix": [
            [
                0.9807106598984772,
                0.0,
                0.019289340101522844,
                0.0,
                0.0,
                0.0
            ],
            [
                0.023752969121140142,
                0.9596199524940617,
                0.011876484560570071,
                0.0,
                0.004750593824228029,
                0.0
            ],
            [
                0.02707275803722504,
                0.001692047377326565,
                0.9695431472081218,
                0.0,
                0.001692047377326565,
                0.0
            ],
            [
                0.0,
                0.0,
                0.0,
                1.0,
                0.0,
                0.0
            ],
            [
                0.0,
                0.013651877133105802,
                0.12116040955631399,
                0.0,
                0.8651877133105802,
                0.0
            ],
            [
                0.0,
                0.0,
                0.0,
                0.0,
                0.0,
                1.0
            ]
        ],
        "confusion_matrix_labels": [
            "DoS/DDoS",
            "Info_Gathering",
            "Injection",
            "MITM",
            "Malware",
            "Normal"
        ],
        "round_time": 7.146809339523315,
        "round_start_time": 1771783617.476957,
        "round_end_time": 1771783624.6237664,
        "evaluate_time": 0.43466782569885254,
        "inference_time": 0.05007123947143555
    },
    "7": {
        "trees_by_client": 80,
        "first_server_serialise_trees_size": 66083,
        "fit_time": 1.0555367469787598,
        "client_serialise_trees_size": 2156933,
        "final_server_serialise_trees_size": 10469393,
        "f1_score": 0.9610220029050356,
        "mcc": 0.9410605177571902,
        "accuracy": 0.9533508541392904,
        "precision": 0.9653986040219461,
        "recall": 0.9599505185227496,
        "confusion_matrix": [
            [
                0.9807106598984772,
                0.0,
                0.019289340101522844,
                0.0,
                0.0,
                0.0
            ],
            [
                0.023752969121140142,
                0.9596199524940617,
                0.011876484560570071,
                0.0,
                0.004750593824228029,
                0.0
            ],
            [
                0.02707275803722504,
                0.001692047377326565,
                0.9695431472081218,
                0.0,
                0.001692047377326565,
                0.0
            ],
            [
                0.0,
                0.0,
                0.0,
                1.0,
                0.0,
                0.0
            ],
            [
                0.0,
                0.013651877133105802,
                0.13651877133105803,
                0.0,
                0.8498293515358362,
                0.0
            ],
            [
                0.0,
                0.0,
                0.0,
                0.0,
                0.0,
                1.0
            ]
        ],
        "confusion_matrix_labels": [
            "DoS/DDoS",
            "Info_Gathering",
            "Injection",
            "MITM",
            "Malware",
            "Normal"
        ],
        "round_time": 7.8075644969940186,
        "round_start_time": 1771783639.8169622,
        "round_end_time": 1771783647.6245267,
        "evaluate_time": 0.28708529472351074,
        "inference_time": 0.0504298210144043
    },
    "8": {
        "trees_by_client": 90,
        "first_server_serialise_trees_size": 75506,
        "fit_time": 1.2800567150115967,
        "client_serialise_trees_size": 2416588,
        "final_server_serialise_trees_size": 11948646,
        "f1_score": 0.961591682582287,
        "mcc": 0.9418609087109684,
        "accuracy": 0.9540078843626807,
        "precision": 0.9658205382005541,
        "recall": 0.9605193467366289,
        "confusion_matrix": [
            [
                0.9807106598984772,
                0.0,
                0.019289340101522844,
                0.0,
                0.0,
                0.0
            ],
            [
                0.023752969121140142,
                0.9596199524940617,
                0.011876484560570071,
                0.0,
                0.004750593824228029,
                0.0
            ],
            [
                0.02707275803722504,
                0.001692047377326565,
                0.9695431472081218,
                0.0,
                0.001692047377326565,
                0.0
            ],
            [
                0.0,
                0.0,
                0.0,
                1.0,
                0.0,
                0.0
            ],
            [
                0.0,
                0.013651877133105802,
                0.13310580204778158,
                0.0,
                0.8532423208191127,
                0.0
            ],
            [
                0.0,
                0.0,
                0.0,
                0.0,
                0.0,
                1.0
            ]
        ],
        "confusion_matrix_labels": [
            "DoS/DDoS",
            "Info_Gathering",
            "Injection",
            "MITM",
            "Malware",
            "Normal"
        ],
        "round_time": 8.619059085845947,
        "round_start_time": 1771783662.7757924,
        "round_end_time": 1771783671.3948514,
        "evaluate_time": 0.4455564022064209,
        "inference_time": 0.05831313133239746
    },
    "9": {
        "trees_by_client": 100,
        "first_server_serialise_trees_size": 85017,
        "fit_time": 1.3724451065063477,
        "client_serialise_trees_size": 2645042,
        "final_server_serialise_trees_size": 13185110,
        "f1_score": 0.9613120390200858,
        "mcc": 0.9414412907151333,
        "accuracy": 0.9536793692509855,
        "precision": 0.965422326613174,
        "recall": 0.9603501419988962,
        "confusion_matrix": [
            [
                0.9796954314720813,
                0.0010152284263959391,
                0.019289340101522844,
                0.0,
                0.0,
                0.0
            ],
            [
                0.023752969121140142,
                0.9596199524940617,
                0.011876484560570071,
                0.0,
                0.004750593824228029,
                0.0
            ],
            [
                0.02707275803722504,
                0.001692047377326565,
                0.9695431472081218,
                0.0,
                0.001692047377326565,
                0.0
            ],
            [
                0.0,
                0.0,
                0.0,
                1.0,
                0.0,
                0.0
            ],
            [
                0.0,
                0.013651877133105802,
                0.13310580204778158,
                0.0,
                0.8532423208191127,
                0.0
            ],
            [
                0.0,
                0.0,
                0.0,
                0.0,
                0.0,
                1.0
            ]
        ],
        "confusion_matrix_labels": [
            "DoS/DDoS",
            "Info_Gathering",
            "Injection",
            "MITM",
            "Malware",
            "Normal"
        ],
        "round_time": 9.369140625,
        "round_start_time": 1771783686.575042,
        "round_end_time": 1771783695.9441826,
        "evaluate_time": 0.38363194465637207,
        "inference_time": 0.04197239875793457
    },
    "10": {
        "trees_by_client": 110,
        "first_server_serialise_trees_size": 94613,
        "fit_time": 1.6240763664245605,
        "client_serialise_trees_size": 2906882,
        "final_server_serialise_trees_size": 14462897,
        "f1_score": 0.9638700140301544,
        "mcc": 0.9450549299660692,
        "accuracy": 0.9566360052562418,
        "precision": 0.967351711810374,
        "recall": 0.9629098689613537,
        "confusion_matrix": [
            [
                0.9796954314720813,
                0.0010152284263959391,
                0.019289340101522844,
                0.0,
                0.0,
                0.0
            ],
            [
                0.023752969121140142,
                0.9596199524940617,
                0.011876484560570071,
                0.0,
                0.004750593824228029,
                0.0
            ],
            [
                0.02707275803722504,
                0.001692047377326565,
                0.9695431472081218,
                0.0,
                0.001692047377326565,
                0.0
            ],
            [
                0.0,
                0.0,
                0.0,
                1.0,
                0.0,
                0.0
            ],
            [
                0.0,
                0.013651877133105802,
                0.11774744027303755,
                0.0,
                0.8686006825938567,
                0.0
            ],
            [
                0.0,
                0.0,
                0.0,
                0.0,
                0.0,
                1.0
            ]
        ],
        "confusion_matrix_labels": [
            "DoS/DDoS",
            "Info_Gathering",
            "Injection",
            "MITM",
            "Malware",
            "Normal"
        ],
        "round_time": 10.61128306388855,
        "round_start_time": 1771783711.0999746,
        "round_end_time": 1771783721.7112577,
        "evaluate_time": 0.4934408664703369,
        "inference_time": 0.050534963607788086
    },
    "11": {
        "trees_by_client": 120,
        "first_server_serialise_trees_size": 104004,
        "fit_time": 1.5431573390960693,
        "client_serialise_trees_size": 3226623,
        "final_server_serialise_trees_size": 15867846,
        "f1_score": 0.9613120390200858,
        "mcc": 0.9414412907151333,
        "accuracy": 0.9536793692509855,
        "precision": 0.965422326613174,
        "recall": 0.9603501419988962,
        "confusion_matrix": [
            [
                0.9796954314720813,
                0.0010152284263959391,
                0.019289340101522844,
                0.0,
                0.0,
                0.0
            ],
            [
                0.023752969121140142,
                0.9596199524940617,
                0.011876484560570071,
                0.0,
                0.004750593824228029,
                0.0
            ],
            [
                0.02707275803722504,
                0.001692047377326565,
                0.9695431472081218,
                0.0,
                0.001692047377326565,
                0.0
            ],
            [
                0.0,
                0.0,
                0.0,
                1.0,
                0.0,
                0.0
            ],
            [
                0.0,
                0.013651877133105802,
                0.13310580204778158,
                0.0,
                0.8532423208191127,
                0.0
            ],
            [
                0.0,
                0.0,
                0.0,
                0.0,
                0.0,
                1.0
            ]
        ],
        "confusion_matrix_labels": [
            "DoS/DDoS",
            "Info_Gathering",
            "Injection",
            "MITM",
            "Malware",
            "Normal"
        ],
        "round_time": 10.966683149337769,
        "round_start_time": 1771783736.890937,
        "round_end_time": 1771783747.8576202,
        "evaluate_time": 0.5295796394348145,
        "inference_time": 0.053453683853149414
    },
    "12": {
        "trees_by_client": 130,
        "first_server_serialise_trees_size": 113416,
        "fit_time": 1.8670988082885742,
        "client_serialise_trees_size": 3440097,
        "final_server_serialise_trees_size": 17425310,
        "f1_score": 0.9610272577162823,
        "mcc": 0.9410409940695764,
        "accuracy": 0.9533508541392904,
        "precision": 0.9652110543298381,
        "recall": 0.9600657278919565,
        "confusion_matrix": [
            [
                0.9796954314720813,
                0.0010152284263959391,
                0.019289340101522844,
                0.0,
                0.0,
                0.0
            ],
            [
                0.023752969121140142,
                0.9596199524940617,
                0.011876484560570071,
                0.0,
                0.004750593824228029,
                0.0
            ],
            [
                0.02707275803722504,
                0.001692047377326565,
                0.9695431472081218,
                0.0,
                0.001692047377326565,
                0.0
            ],
            [
                0.0,
                0.0,
                0.0,
                1.0,
                0.0,
                0.0
            ],
            [
                0.0,
                0.013651877133105802,
                0.1348122866894198,
                0.0,
                0.8515358361774744,
                0.0
            ],
            [
                0.0,
                0.0,
                0.0,
                0.0,
                0.0,
                1.0
            ]
        ],
        "confusion_matrix_labels": [
            "DoS/DDoS",
            "Info_Gathering",
            "Injection",
            "MITM",
            "Malware",
            "Normal"
        ],
        "round_time": 11.378921508789062,
        "round_start_time": 1771783763.0110347,
        "round_end_time": 1771783774.3899562,
        "evaluate_time": 0.5349857807159424,
        "inference_time": 0.08921694755554199
    },
    "13": {
        "trees_by_client": 140,
        "first_server_serialise_trees_size": 123628,
        "fit_time": 2.0355870723724365,
        "client_serialise_trees_size": 3613585,
        "final_server_serialise_trees_size": 18590080,
        "f1_score": 0.9610220029050356,
        "mcc": 0.9410605177571902,
        "accuracy": 0.9533508541392904,
        "precision": 0.9653986040219461,
        "recall": 0.9599505185227496,
        "confusion_matrix": [
            [
                0.9807106598984772,
                0.0,
                0.019289340101522844,
                0.0,
                0.0,
                0.0
            ],
            [
                0.023752969121140142,
                0.9596199524940617,
                0.011876484560570071,
                0.0,
                0.004750593824228029,
                0.0
            ],
            [
                0.02707275803722504,
                0.001692047377326565,
                0.9695431472081218,
                0.0,
                0.001692047377326565,
                0.0
            ],
            [
                0.0,
                0.0,
                0.0,
                1.0,
                0.0,
                0.0
            ],
            [
                0.0,
                0.013651877133105802,
                0.13651877133105803,
                0.0,
                0.8498293515358362,
                0.0
            ],
            [
                0.0,
                0.0,
                0.0,
                0.0,
                0.0,
                1.0
            ]
        ],
        "confusion_matrix_labels": [
            "DoS/DDoS",
            "Info_Gathering",
            "Injection",
            "MITM",
            "Malware",
            "Normal"
        ],
        "round_time": 12.884644985198975,
        "round_start_time": 1771783789.5682626,
        "round_end_time": 1771783802.4529076,
        "evaluate_time": 0.6270544528961182,
        "inference_time": 0.09333229064941406
    },
    "14": {
        "trees_by_client": 150,
        "first_server_serialise_trees_size": 131453,
        "fit_time": 1.781646728515625,
        "client_serialise_trees_size": 3992144,
        "final_server_serialise_trees_size": 19675828,
        "f1_score": 0.9635862287442878,
        "mcc": 0.9446524358262507,
        "accuracy": 0.9563074901445466,
        "precision": 0.9671348181303702,
        "recall": 0.9626254548544139,
        "confusion_matrix": [
            [
                0.9796954314720813,
                0.0010152284263959391,
                0.019289340101522844,
                0.0,
                0.0,
                0.0
            ],
            [
                0.023752969121140142,
                0.9596199524940617,
                0.011876484560570071,
                0.0,
                0.004750593824228029,
                0.0
            ],
            [
                0.02707275803722504,
                0.001692047377326565,
                0.9695431472081218,
                0.0,
                0.001692047377326565,
                0.0
            ],
            [
                0.0,
                0.0,
                0.0,
                1.0,
                0.0,
                0.0
            ],
            [
                0.0,
                0.013651877133105802,
                0.11945392491467577,
                0.0,
                0.8668941979522184,
                0.0
            ],
            [
                0.0,
                0.0,
                0.0,
                0.0,
                0.0,
                1.0
            ]
        ],
        "confusion_matrix_labels": [
            "DoS/DDoS",
            "Info_Gathering",
            "Injection",
            "MITM",
            "Malware",
            "Normal"
        ],
        "round_time": 12.915050029754639,
        "round_start_time": 1771783817.685996,
        "round_end_time": 1771783830.601046,
        "evaluate_time": 0.710334062576294,
        "inference_time": 0.09015464782714844
    },
    "15": {
        "trees_by_client": 160,
        "first_server_serialise_trees_size": 141657,
        "fit_time": 1.536510705947876,
        "client_serialise_trees_size": 4224927,
        "final_server_serialise_trees_size": 21160140,
        "f1_score": 0.9624500192049852,
        "mcc": 0.9430449099519685,
        "accuracy": 0.9549934296977661,
        "precision": 0.9662735758496227,
        "recall": 0.9614877984266551,
        "confusion_matrix": [
            [
                0.9796954314720813,
                0.0010152284263959391,
                0.019289340101522844,
                0.0,
                0.0,
                0.0
            ],
            [
                0.023752969121140142,
                0.9596199524940617,
                0.011876484560570071,
                0.0,
                0.004750593824228029,
                0.0
            ],
            [
                0.02707275803722504,
                0.001692047377326565,
                0.9695431472081218,
                0.0,
                0.001692047377326565,
                0.0
            ],
            [
                0.0,
                0.0,
                0.0,
                1.0,
                0.0,
                0.0
            ],
            [
                0.0,
                0.013651877133105802,
                0.12627986348122866,
                0.0,
                0.8600682593856656,
                0.0
            ],
            [
                0.0,
                0.0,
                0.0,
                0.0,
                0.0,
                1.0
            ]
        ],
        "confusion_matrix_labels": [
            "DoS/DDoS",
            "Info_Gathering",
            "Injection",
            "MITM",
            "Malware",
            "Normal"
        ],
        "round_time": 14.5528883934021,
        "round_start_time": 1771783845.8150382,
        "round_end_time": 1771783860.3679266,
        "evaluate_time": 0.7542781829833984,
        "inference_time": 0.1007390022277832
    },
    "16": {
        "trees_by_client": 170,
        "first_server_serialise_trees_size": 150750,
        "fit_time": 1.878695011138916,
        "client_serialise_trees_size": 4500173,
        "final_server_serialise_trees_size": 22569413,
        "f1_score": 0.961591682582287,
        "mcc": 0.9418609087109684,
        "accuracy": 0.9540078843626807,
        "precision": 0.9658205382005541,
        "recall": 0.9605193467366289,
        "confusion_matrix": [
            [
                0.9807106598984772,
                0.0,
                0.019289340101522844,
                0.0,
                0.0,
                0.0
            ],
            [
                0.023752969121140142,
                0.9596199524940617,
                0.011876484560570071,
                0.0,
                0.004750593824228029,
                0.0
            ],
            [
                0.02707275803722504,
                0.001692047377326565,
                0.9695431472081218,
                0.0,
                0.001692047377326565,
                0.0
            ],
            [
                0.0,
                0.0,
                0.0,
                1.0,
                0.0,
                0.0
            ],
            [
                0.0,
                0.013651877133105802,
                0.13310580204778158,
                0.0,
                0.8532423208191127,
                0.0
            ],
            [
                0.0,
                0.0,
                0.0,
                0.0,
                0.0,
                1.0
            ]
        ],
        "confusion_matrix_labels": [
            "DoS/DDoS",
            "Info_Gathering",
            "Injection",
            "MITM",
            "Malware",
            "Normal"
        ],
        "round_time": 14.275473356246948,
        "round_start_time": 1771783875.5729375,
        "round_end_time": 1771783889.8484108,
        "evaluate_time": 0.583167552947998,
        "inference_time": 0.08052563667297363
    },
    "17": {
        "trees_by_client": 180,
        "first_server_serialise_trees_size": 160974,
        "fit_time": 2.62493634223938,
        "client_serialise_trees_size": 4766092,
        "final_server_serialise_trees_size": 23784881,
        "f1_score": 0.9607423593428344,
        "mcc": 0.9406409400927345,
        "accuracy": 0.9530223390275953,
        "precision": 0.9650003924345659,
        "recall": 0.9597813137850167,
        "confusion_matrix": [
            [
                0.9796954314720813,
                0.0010152284263959391,
                0.019289340101522844,
                0.0,
                0.0,
                0.0
            ],
            [
                0.023752969121140142,
                0.9596199524940617,
                0.011876484560570071,
                0.0,
                0.004750593824228029,
                0.0
            ],
            [
                0.02707275803722504,
                0.001692047377326565,
                0.9695431472081218,
                0.0,
                0.001692047377326565,
                0.0
            ],
            [
                0.0,
                0.0,
                0.0,
                1.0,
                0.0,
                0.0
            ],
            [
                0.0,
                0.013651877133105802,
                0.13651877133105803,
                0.0,
                0.8498293515358362,
                0.0
            ],
            [
                0.0,
                0.0,
                0.0,
                0.0,
                0.0,
                1.0
            ]
        ],
        "confusion_matrix_labels": [
            "DoS/DDoS",
            "Info_Gathering",
            "Injection",
            "MITM",
            "Malware",
            "Normal"
        ],
        "round_time": 15.911305904388428,
        "round_start_time": 1771783905.037343,
        "round_end_time": 1771783920.948649,
        "evaluate_time": 0.8045623302459717,
        "inference_time": 0.07020688056945801
    },
    "18": {
        "trees_by_client": 190,
        "first_server_serialise_trees_size": 171095,
        "fit_time": 1.9531946182250977,
        "client_serialise_trees_size": 5039208,
        "final_server_serialise_trees_size": 24941632,
        "f1_score": 0.961876348100997,
        "mcc": 0.9422614687213287,
        "accuracy": 0.9543363994743759,
        "precision": 0.966032423671051,
        "recall": 0.9608037608435686,
        "confusion_matrix": [
            [
                0.9807106598984772,
                0.0,
                0.019289340101522844,
                0.0,
                0.0,
                0.0
            ],
            [
                0.023752969121140142,
                0.9596199524940617,
                0.011876484560570071,
                0.0,
                0.004750593824228029,
                0.0
            ],
            [
                0.02707275803722504,
                0.001692047377326565,
                0.9695431472081218,
                0.0,
                0.001692047377326565,
                0.0
            ],
            [
                0.0,
                0.0,
                0.0,
                1.0,
                0.0,
                0.0
            ],
            [
                0.0,
                0.013651877133105802,
                0.13139931740614336,
                0.0,
                0.8549488054607508,
                0.0
            ],
            [
                0.0,
                0.0,
                0.0,
                0.0,
                0.0,
                1.0
            ]
        ],
        "confusion_matrix_labels": [
            "DoS/DDoS",
            "Info_Gathering",
            "Injection",
            "MITM",
            "Malware",
            "Normal"
        ],
        "round_time": 16.264692544937134,
        "round_start_time": 1771783936.0873556,
        "round_end_time": 1771783952.3520482,
        "evaluate_time": 0.8292653560638428,
        "inference_time": 0.10670328140258789
    },
    "19": {
        "trees_by_client": 200,
        "first_server_serialise_trees_size": 179098,
        "fit_time": 2.4969966411590576,
        "client_serialise_trees_size": 5232706,
        "final_server_serialise_trees_size": 26095457,
        "f1_score": 0.9638700140301544,
        "mcc": 0.9450549299660692,
        "accuracy": 0.9566360052562418,
        "precision": 0.967351711810374,
        "recall": 0.9629098689613537,
        "confusion_matrix": [
            [
                0.9796954314720813,
                0.0010152284263959391,
                0.019289340101522844,
                0.0,
                0.0,
                0.0
            ],
            [
                0.023752969121140142,
                0.9596199524940617,
                0.011876484560570071,
                0.0,
                0.004750593824228029,
                0.0
            ],
            [
                0.02707275803722504,
                0.001692047377326565,
                0.9695431472081218,
                0.0,
                0.001692047377326565,
                0.0
            ],
            [
                0.0,
                0.0,
                0.0,
                1.0,
