{
    "0": {
        "trees_by_client": 10,
        "first_server_serialise_trees_size": 11029,
        "fit_time": 0.0519256591796875,
        "client_serialise_trees_size": 210303,
        "final_server_serialise_trees_size": 1144433,
        "f1_score": 0.9306784739506346,
        "mcc": 0.96828550733212,
        "accuracy": 0.9721784776902888,
        "precision": 0.9187502118959889,
        "recall": 0.9546282387787853,
        "confusion_matrix": [
            [
                1.0,
                0.0,
                0.0,
                0.0,
                0.0,
                0.0,
                0.0,
                0.0,
                0.0,
                0.0
            ],
            [
                0.0,
                0.9569620253164557,
                0.0,
                0.015189873417721518,
                0.002531645569620253,
                0.007594936708860759,
                0.0,
                0.005063291139240506,
                0.0,
                0.012658227848101266
            ],
            [
                0.0,
                0.0,
                0.9669211195928753,
                0.002544529262086514,
                0.020356234096692113,
                0.002544529262086514,
                0.0,
                0.0,
                0.007633587786259542,
                0.0
            ],
            [
                0.0,
                0.005115089514066497,
                0.0,
                0.9539641943734015,
                0.0,
                0.0,
                0.0,
                0.0,
                0.0025575447570332483,
                0.03836317135549872
            ],
            [
                0.0,
                0.0,
                0.0,
                0.058823529411764705,
                0.8235294117647058,
                0.058823529411764705,
                0.058823529411764705,
                0.0,
                0.0,
                0.0
            ],
            [
                0.0,
                0.0024067388688327317,
                0.0,
                0.0036101083032490976,
                0.0012033694344163659,
                0.9915764139590855,
                0.0,
                0.0,
                0.0,
                0.0012033694344163659
            ],
            [
                0.0,
                0.0,
                0.004975124378109453,
                0.0,
                0.009950248756218905,
                0.0,
                0.9825870646766169,
                0.0,
                0.0,
                0.0024875621890547263
            ],
            [
                0.0,
                0.0,
                0.0,
                0.0,
                0.0,
                0.0,
                0.0,
                0.9725085910652921,
                0.0,
                0.027491408934707903
            ],
            [
                0.0,
                0.0,
                0.0,
                0.0,
                0.010075566750629723,
                0.0025188916876574307,
                0.0,
                0.0,
                0.9874055415617129,
                0.0
            ],
            [
                0.0,
                0.0031847133757961785,
                0.0,
                0.01910828025477707,
                0.0,
                0.0031847133757961785,
                0.0,
                0.06369426751592357,
                0.0,
                0.910828025477707
            ]
        ],
        "confusion_matrix_labels": [
            "backdoor",
            "ddos",
            "dos",
            "injection",
            "mitm",
            "normal",
            "password",
            "ransomware",
            "scanning",
            "xss"
        ],
        "round_time": 37.068573236465454,
        "round_start_time": 1765829036.5842226,
        "round_end_time": 1765829073.6527958,
        "evaluate_time": 0.17668485641479492,
        "inference_time": 0.00443577766418457
    },
    "1": {
        "trees_by_client": 20,
        "first_server_serialise_trees_size": 10921,
        "fit_time": 0.26346635818481445,
        "client_serialise_trees_size": 434280,
        "final_server_serialise_trees_size": 2416072,
        "f1_score": 0.933828450672501,
        "mcc": 0.9685925766499539,
        "accuracy": 0.9724409448818898,
        "precision": 0.9206703018242841,
        "recall": 0.9609081358964339,
        "confusion_matrix": [
            [
                1.0,
                0.0,
                0.0,
                0.0,
                0.0,
                0.0,
                0.0,
                0.0,
                0.0,
                0.0
            ],
            [
                0.0,
                0.959493670886076,
                0.0,
                0.012658227848101266,
                0.002531645569620253,
                0.007594936708860759,
                0.0,
                0.005063291139240506,
                0.0,
                0.012658227848101266
            ],
            [
                0.0,
                0.0,
                0.9669211195928753,
                0.002544529262086514,
                0.020356234096692113,
                0.002544529262086514,
                0.0,
                0.0,
                0.007633587786259542,
                0.0
            ],
            [
                0.0,
                0.0025575447570332483,
                0.0,
                0.9539641943734015,
                0.0,
                0.0,
                0.0,
                0.0,
                0.0025575447570332483,
                0.04092071611253197
            ],
            [
                0.0,
                0.0,
                0.0,
                0.058823529411764705,
                0.8823529411764706,
                0.058823529411764705,
                0.0,
                0.0,
                0.0,
                0.0
            ],
            [
                0.0,
                0.0012033694344163659,
                0.0024067388688327317,
                0.0036101083032490976,
                0.0012033694344163659,
                0.9891696750902527,
                0.0,
                0.0012033694344163659,
                0.0,
                0.0012033694344163659
            ],
            [
                0.0,
                0.0,
                0.0024875621890547263,
                0.0024875621890547263,
                0.009950248756218905,
                0.0,
                0.9825870646766169,
                0.0,
                0.0,
                0.0024875621890547263
            ],
            [
                0.0,
                0.0,
                0.0,
                0.0,
                0.0,
                0.0,
                0.0,
                0.9725085910652921,
                0.0,
                0.027491408934707903
            ],
            [
                0.0,
                0.0,
                0.0025188916876574307,
                0.0,
                0.010075566750629723,
                0.0025188916876574307,
                0.0,
                0.0,
                0.9848866498740554,
                0.0
            ],
            [
                0.0,
                0.0031847133757961785,
                0.0,
                0.012738853503184714,
                0.0,
                0.0031847133757961785,
                0.0,
                0.06369426751592357,
                0.0,
                0.9171974522292994
            ]
        ],
        "confusion_matrix_labels": [
            "backdoor",
            "ddos",
            "dos",
            "injection",
            "mitm",
            "normal",
            "password",
            "ransomware",
            "scanning",
            "xss"
        ],
        "round_time": 4.109855890274048,
        "round_start_time": 1765829089.6182692,
        "round_end_time": 1765829093.728125,
        "evaluate_time": 0.34038686752319336,
        "inference_time": 0.014198064804077148
    },
    "2": {
        "trees_by_client": 30,
        "first_server_serialise_trees_size": 21784,
        "fit_time": 0.25806260108947754,
        "client_serialise_trees_size": 648856,
        "final_server_serialise_trees_size": 3593288,
        "f1_score": 0.9350259566051076,
        "mcc": 0.968588288324696,
        "accuracy": 0.9724409448818898,
        "precision": 0.9220265396996294,
        "recall": 0.9609068605082378,
        "confusion_matrix": [
            [
                1.0,
                0.0,
                0.0,
                0.0,
                0.0,
                0.0,
                0.0,
                0.0,
                0.0,
                0.0
            ],
            [
                0.0,
                0.9569620253164557,
                0.0,
                0.015189873417721518,
                0.002531645569620253,
                0.007594936708860759,
                0.0,
                0.005063291139240506,
                0.0,
                0.012658227848101266
            ],
            [
                0.0,
                0.0,
                0.9669211195928753,
                0.002544529262086514,
                0.017811704834605598,
                0.005089058524173028,
                0.0,
                0.0,
                0.007633587786259542,
                0.0
            ],
            [
                0.0,
                0.0025575447570332483,
                0.0,
                0.9539641943734015,
                0.0,
                0.0,
                0.0,
                0.0,
                0.0025575447570332483,
                0.04092071611253197
            ],
            [
                0.0,
                0.0,
                0.0,
                0.058823529411764705,
                0.8823529411764706,
                0.058823529411764705,
                0.0,
                0.0,
                0.0,
                0.0
            ],
            [
                0.0,
                0.0024067388688327317,
                0.0012033694344163659,
                0.0048134777376654635,
                0.0012033694344163659,
                0.9891696750902527,
                0.0,
                0.0,
                0.0,
                0.0012033694344163659
            ],
            [
                0.0,
                0.0,
                0.004975124378109453,
                0.0,
                0.009950248756218905,
                0.0,
                0.9825870646766169,
                0.0,
                0.0,
                0.0024875621890547263
            ],
            [
                0.0,
                0.0,
                0.0,
                0.0,
                0.0,
                0.0,
                0.0,
                0.9725085910652921,
                0.0,
                0.027491408934707903
            ],
            [
                0.0,
                0.0,
                0.0,
                0.0,
                0.010075566750629723,
                0.0025188916876574307,
                0.0,
                0.0,
                0.9874055415617129,
                0.0
            ],
            [
                0.0,
                0.0031847133757961785,
                0.0,
                0.012738853503184714,
                0.0,
                0.0031847133757961785,
                0.0,
                0.06369426751592357,
                0.0,
                0.9171974522292994
            ]
        ],
        "confusion_matrix_labels": [
            "backdoor",
            "ddos",
            "dos",
            "injection",
            "mitm",
            "normal",
            "password",
            "ransomware",
            "scanning",
            "xss"
        ],
        "round_time": 4.374241352081299,
        "round_start_time": 1765829108.8579004,
        "round_end_time": 1765829113.2321417,
        "evaluate_time": 0.23639178276062012,
        "inference_time": 0.024207115173339844
    },
    "3": {
        "trees_by_client": 40,
        "first_server_serialise_trees_size": 32361,
        "fit_time": 0.6804676055908203,
        "client_serialise_trees_size": 861404,
        "final_server_serialise_trees_size": 4737722,
        "f1_score": 0.9322335993663391,
        "mcc": 0.9685823676950809,
        "accuracy": 0.9724409448818898,
        "precision": 0.9203685834616933,
        "recall": 0.9551448445105029,
        "confusion_matrix": [
            [
                1.0,
                0.0,
                0.0,
                0.0,
                0.0,
                0.0,
                0.0,
                0.0,
                0.0,
                0.0
            ],
            [
                0.0,
                0.9569620253164557,
                0.0,
                0.015189873417721518,
                0.002531645569620253,
                0.010126582278481013,
                0.0,
                0.005063291139240506,
                0.0,
                0.010126582278481013
            ],
            [
                0.0,
                0.0,
                0.9669211195928753,
                0.002544529262086514,
                0.017811704834605598,
                0.002544529262086514,
                0.002544529262086514,
                0.0,
                0.007633587786259542,
                0.0
            ],
            [
                0.0,
                0.005115089514066497,
                0.0,
                0.9539641943734015,
                0.0,
                0.0,
                0.0,
                0.0,
                0.0025575447570332483,
                0.03836317135549872
            ],
            [
                0.0,
                0.0,
                0.0,
                0.058823529411764705,
                0.8235294117647058,
                0.058823529411764705,
                0.058823529411764705,
                0.0,
                0.0,
                0.0
            ],
            [
                0.0,
                0.0024067388688327317,
                0.0012033694344163659,
                0.0036101083032490976,
                0.0012033694344163659,
                0.9903730445246691,
                0.0,
                0.0,
                0.0,
                0.0012033694344163659
            ],
            [
                0.0,
                0.0,
                0.0024875621890547263,
                0.0,
                0.012437810945273632,
                0.0,
                0.9825870646766169,
                0.0,
                0.0,
                0.0024875621890547263
            ],
            [
                0.0,
                0.0,
                0.0,
                0.0,
                0.0,
                0.0,
                0.0,
                0.9725085910652921,
                0.0,
                0.027491408934707903
            ],
            [
                0.0,
                0.0,
                0.0025188916876574307,
                0.0,
                0.007556675062972292,
                0.0025188916876574307,
                0.0,
                0.0,
                0.9874055415617129,
                0.0
            ],
            [
                0.0,
                0.0031847133757961785,
                0.0,
                0.012738853503184714,
                0.0,
                0.0031847133757961785,
                0.0,
                0.06369426751592357,
                0.0,
                0.9171974522292994
            ]
        ],
        "confusion_matrix_labels": [
            "backdoor",
            "ddos",
            "dos",
            "injection",
            "mitm",
            "normal",
            "password",
            "ransomware",
            "scanning",
            "xss"
        ],
        "round_time": 5.795910835266113,
        "round_start_time": 1765829128.3519244,
        "round_end_time": 1765829134.1478353,
        "evaluate_time": 0.4939744472503662,
        "inference_time": 0.023829221725463867
    },
    "4": {
        "trees_by_client": 50,
        "first_server_serialise_trees_size": 43504,
        "fit_time": 0.6563863754272461,
        "client_serialise_trees_size": 1073876,
        "final_server_serialise_trees_size": 5896416,
        "f1_score": 0.9348294375022,
        "mcc": 0.968585544651308,
        "accuracy": 0.9724409448818898,
        "precision": 0.9218762332634464,
        "recall": 0.9606434193334822,
        "confusion_matrix": [
            [
                1.0,
                0.0,
                0.0,
                0.0,
                0.0,
                0.0,
                0.0,
                0.0,
                0.0,
                0.0
            ],
            [
                0.0,
                0.959493670886076,
                0.0,
                0.015189873417721518,
                0.002531645569620253,
                0.007594936708860759,
                0.0,
                0.005063291139240506,
                0.0,
                0.010126582278481013
            ],
            [
                0.0,
                0.0,
                0.9669211195928753,
                0.002544529262086514,
                0.017811704834605598,
                0.002544529262086514,
                0.002544529262086514,
                0.0,
                0.007633587786259542,
                0.0
            ],
            [
                0.0,
                0.0025575447570332483,
                0.0,
                0.9539641943734015,
                0.0,
                0.0,
                0.0,
                0.0,
                0.0025575447570332483,
                0.04092071611253197
            ],
            [
                0.0,
                0.0,
                0.0,
                0.058823529411764705,
                0.8823529411764706,
                0.058823529411764705,
                0.0,
                0.0,
                0.0,
                0.0
            ],
            [
                0.0,
                0.0012033694344163659,
                0.0024067388688327317,
                0.0036101083032490976,
                0.0012033694344163659,
                0.9903730445246691,
                0.0,
                0.0,
                0.0,
                0.0012033694344163659
            ],
            [
                0.0,
                0.0,
                0.004975124378109453,
                0.0,
                0.009950248756218905,
                0.0,
                0.9825870646766169,
                0.0,
                0.0,
                0.0024875621890547263
            ],
            [
                0.0,
                0.0,
                0.0,
                0.0,
                0.0,
                0.0,
                0.0,
                0.9725085910652921,
                0.0,
                0.027491408934707903
            ],
            [
                0.0,
                0.0,
                0.0,
                0.0,
                0.010075566750629723,
                0.0025188916876574307,
                0.0,
                0.0,
                0.9874055415617129,
                0.0
            ],
            [
                0.0,
                0.0031847133757961785,
                0.0,
                0.01910828025477707,
                0.0,
                0.0031847133757961785,
                0.0,
                0.06369426751592357,
                0.0,
                0.910828025477707
            ]
        ],
        "confusion_matrix_labels": [
            "backdoor",
            "ddos",
            "dos",
            "injection",
            "mitm",
            "normal",
            "password",
            "ransomware",
            "scanning",
            "xss"
        ],
        "round_time": 6.193658828735352,
        "round_start_time": 1765829149.2888517,
        "round_end_time": 1765829155.4825106,
        "evaluate_time": 0.5358047485351562,
        "inference_time": 0.0266110897064209
    },
    "5": {
        "trees_by_client": 60,
        "first_server_serialise_trees_size": 54352,
        "fit_time": 0.7920894622802734,
        "client_serialise_trees_size": 1288179,
        "final_server_serialise_trees_size": 7057088,
        "f1_score": 0.9345067422389816,
        "mcc": 0.9694872760544666,
        "accuracy": 0.9732283464566929,
        "precision": 0.9215203993092919,
        "recall": 0.9614006989520829,
        "confusion_matrix": [
            [
                1.0,
                0.0,
                0.0,
                0.0,
                0.0,
                0.0,
                0.0,
                0.0,
                0.0,
                0.0
            ],
            [
                0.0,
                0.959493670886076,
                0.0,
                0.015189873417721518,
                0.002531645569620253,
                0.007594936708860759,
                0.0,
                0.005063291139240506,
                0.0,
                0.010126582278481013
            ],
            [
                0.0,
                0.0,
                0.9669211195928753,
                0.002544529262086514,
                0.020356234096692113,
                0.002544529262086514,
                0.0,
                0.0,
                0.007633587786259542,
                0.0
            ],
            [
                0.0,
                0.0025575447570332483,
                0.0,
                0.9539641943734015,
                0.0,
                0.0,
                0.0,
                0.0,
                0.0025575447570332483,
                0.04092071611253197
            ],
            [
                0.0,
                0.0,
                0.0,
                0.058823529411764705,
                0.8823529411764706,
                0.058823529411764705,
                0.0,
                0.0,
                0.0,
                0.0
            ],
            [
                0.0,
                0.0012033694344163659,
                0.0012033694344163659,
                0.0036101083032490976,
                0.0012033694344163659,
                0.9915764139590855,
                0.0,
                0.0,
                0.0,
                0.0012033694344163659
            ],
            [
                0.0,
                0.0,
                0.004975124378109453,
                0.0,
                0.009950248756218905,
                0.0,
                0.9825870646766169,
                0.0,
                0.0,
                0.0024875621890547263
            ],
            [
                0.0,
                0.0,
                0.0,
                0.0,
                0.0,
                0.0,
                0.0,
                0.9725085910652921,
                0.0,
                0.027491408934707903
            ],
            [
                0.0,
                0.0,
                0.0,
                0.0,
                0.010075566750629723,
                0.0025188916876574307,
                0.0,
                0.0,
                0.9874055415617129,
                0.0
            ],
            [
                0.0,
                0.0031847133757961785,
                0.0,
                0.012738853503184714,
                0.0,
                0.0031847133757961785,
                0.0,
                0.06369426751592357,
                0.0,
                0.9171974522292994
            ]
        ],
        "confusion_matrix_labels": [
            "backdoor",
            "ddos",
            "dos",
            "injection",
            "mitm",
            "normal",
            "password",
            "ransomware",
            "scanning",
            "xss"
        ],
        "round_time": 8.61496353149414,
        "round_start_time": 1765829170.6280928,
        "round_end_time": 1765829179.2430563,
        "evaluate_time": 0.23302054405212402,
        "inference_time": 0.02100205421447754
    },
    "6": {
        "trees_by_client": 70,
        "first_server_serialise_trees_size": 64943,
        "fit_time": 0.5898518562316895,
        "client_serialise_trees_size": 1520004,
        "final_server_serialise_trees_size": 8263563,
        "f1_score": 0.9325896592380987,
        "mcc": 0.9691820330081492,
        "accuracy": 0.9729658792650918,
        "precision": 0.9207127280529669,
        "recall": 0.9555183460109065,
        "confusion_matrix": [
            [
                1.0,
                0.0,
                0.0,
                0.0,
                0.0,
                0.0,
                0.0,
                0.0,
                0.0,
                0.0
            ],
            [
                0.0,
                0.959493670886076,
                0.0,
                0.012658227848101266,
                0.002531645569620253,
                0.007594936708860759,
                0.0,
                0.005063291139240506,
                0.0,
                0.012658227848101266
            ],
            [
                0.0,
                0.0,
                0.9669211195928753,
                0.002544529262086514,
                0.017811704834605598,
                0.002544529262086514,
                0.002544529262086514,
                0.0,
                0.007633587786259542,
                0.0
            ],
            [
                0.0,
                0.005115089514066497,
                0.0,
                0.9539641943734015,
                0.0,
                0.0,
                0.0,
                0.0,
                0.0025575447570332483,
                0.03836317135549872
            ],
            [
                0.0,
                0.0,
                0.0,
                0.058823529411764705,
                0.8235294117647058,
                0.058823529411764705,
                0.058823529411764705,
                0.0,
                0.0,
                0.0
            ],
            [
                0.0,
                0.0012033694344163659,
                0.0012033694344163659,
                0.0036101083032490976,
                0.0012033694344163659,
                0.9915764139590855,
                0.0,
                0.0,
                0.0,
                0.0012033694344163659
            ],
            [
                0.0,
                0.0,
                0.004975124378109453,
                0.0,
                0.009950248756218905,
                0.0,
                0.9825870646766169,
                0.0,
                0.0,
                0.0024875621890547263
            ],
            [
                0.0,
                0.0,
                0.0,
                0.0,
                0.0,
                0.0,
                0.0,
                0.9725085910652921,
                0.0,
                0.027491408934707903
            ],
            [
                0.0,
                0.0,
                0.0,
                0.0,
                0.010075566750629723,
                0.0025188916876574307,
                0.0,
                0.0,
                0.9874055415617129,
                0.0
            ],
            [
                0.0,
                0.0031847133757961785,
                0.0,
                0.012738853503184714,
                0.0,
                0.0031847133757961785,
                0.0,
                0.06369426751592357,
                0.0,
                0.9171974522292994
            ]
        ],
        "confusion_matrix_labels": [
            "backdoor",
            "ddos",
            "dos",
            "injection",
            "mitm",
            "normal",
            "password",
            "ransomware",
            "scanning",
            "xss"
        ],
        "round_time": 7.0540947914123535,
        "round_start_time": 1765829194.3160057,
        "round_end_time": 1765829201.3701005,
        "evaluate_time": 0.7186758518218994,
        "inference_time": 0.04563641548156738
    },
    "7": {
        "trees_by_client": 80,
        "first_server_serialise_trees_size": 76183,
        "fit_time": 1.0539307594299316,
        "client_serialise_trees_size": 1771540,
        "final_server_serialise_trees_size": 9341954,
        "f1_score": 0.9303255944928562,
        "mcc": 0.9688892596643565,
        "accuracy": 0.9727034120734908,
        "precision": 0.9182470795683638,
        "recall": 0.955398009067465,
        "confusion_matrix": [
            [
                1.0,
                0.0,
                0.0,
                0.0,
                0.0,
                0.0,
                0.0,
                0.0,
                0.0,
                0.0
            ],
            [
                0.0,
                0.959493670886076,
                0.0,
                0.015189873417721518,
                0.002531645569620253,
                0.007594936708860759,
                0.0,
                0.005063291139240506,
                0.0,
                0.010126582278481013
            ],
            [
                0.0,
                0.0,
                0.9669211195928753,
                0.002544529262086514,
                0.017811704834605598,
                0.002544529262086514,
                0.002544529262086514,
                0.0,
                0.007633587786259542,
                0.0
            ],
            [
                0.0,
                0.0025575447570332483,
                0.0,
                0.9539641943734015,
                0.0,
                0.0,
                0.0,
                0.0,
                0.0025575447570332483,
                0.04092071611253197
            ],
            [
                0.0,
                0.0,
                0.0,
                0.058823529411764705,
                0.8235294117647058,
                0.058823529411764705,
                0.058823529411764705,
                0.0,
                0.0,
                0.0
            ],
            [
                0.0,
                0.0024067388688327317,
                0.0012033694344163659,
                0.0036101083032490976,
                0.0012033694344163659,
                0.9903730445246691,
                0.0,
                0.0,
                0.0,
                0.0012033694344163659
            ],
            [
                0.0,
                0.0,
                0.0,
                0.0,
                0.014925373134328358,
                0.0,
                0.9825870646766169,
                0.0,
                0.0,
                0.0024875621890547263
            ],
            [
                0.0,
                0.0,
                0.0,
                0.0,
                0.0,
                0.0,
                0.0,
                0.9725085910652921,
                0.0,
                0.027491408934707903
            ],
            [
                0.0,
                0.0,
                0.0,
                0.0,
                0.010075566750629723,
                0.0025188916876574307,
                0.0,
                0.0,
                0.9874055415617129,
                0.0
            ],
            [
                0.0,
                0.0031847133757961785,
                0.0,
                0.012738853503184714,
                0.0,
                0.0031847133757961785,
                0.0,
                0.06369426751592357,
                0.0,
                0.9171974522292994
            ]
        ],
        "confusion_matrix_labels": [
            "backdoor",
            "ddos",
            "dos",
            "injection",
            "mitm",
            "normal",
            "password",
            "ransomware",
            "scanning",
            "xss"
        ],
        "round_time": 8.98853087425232,
        "round_start_time": 1765829216.5139277,
        "round_end_time": 1765829225.5024586,
        "evaluate_time": 0.7424440383911133,
        "inference_time": 0.04222583770751953
    },
    "8": {
        "trees_by_client": 90,
        "first_server_serialise_trees_size": 86863,
        "fit_time": 1.136214256286621,
        "client_serialise_trees_size": 1934353,
        "final_server_serialise_trees_size": 10562286,
        "f1_score": 0.9355861292443114,
        "mcc": 0.9694854577389477,
        "accuracy": 0.9732283464566929,
        "precision": 0.9226528308498259,
        "recall": 0.9614006989520829,
        "confusion_matrix": [
            [
                1.0,
                0.0,
                0.0,
                0.0,
                0.0,
                0.0,
                0.0,
                0.0,
                0.0,
                0.0
            ],
            [
                0.0,
                0.959493670886076,
                0.0,
                0.012658227848101266,
                0.002531645569620253,
                0.007594936708860759,
                0.0,
                0.005063291139240506,
                0.0,
                0.012658227848101266
            ],
            [
                0.0,
                0.0,
                0.9669211195928753,
                0.002544529262086514,
                0.017811704834605598,
                0.002544529262086514,
                0.002544529262086514,
                0.0,
                0.007633587786259542,
                0.0
            ],
            [
                0.0,
                0.0025575447570332483,
                0.0,
                0.9539641943734015,
                0.0,
                0.0,
                0.0,
                0.0,
                0.0025575447570332483,
                0.04092071611253197
            ],
            [
                0.0,
                0.0,
                0.0,
                0.058823529411764705,
                0.8823529411764706,
                0.058823529411764705,
                0.0,
                0.0,
                0.0,
                0.0
            ],
            [
                0.0,
                0.0012033694344163659,
                0.0012033694344163659,
                0.0036101083032490976,
                0.0012033694344163659,
                0.9915764139590855,
                0.0,
                0.0,
                0.0,
                0.0012033694344163659
            ],
            [
                0.0,
                0.0,
                0.004975124378109453,
                0.0,
                0.009950248756218905,
                0.0,
                0.9825870646766169,
                0.0,
                0.0,
                0.0024875621890547263
            ],
            [
                0.0,
                0.0,
                0.0,
                0.0,
                0.0,
                0.0,
                0.0,
                0.9725085910652921,
                0.0,
                0.027491408934707903
            ],
            [
                0.0,
                0.0,
                0.0,
                0.0,
                0.010075566750629723,
                0.0025188916876574307,
                0.0,
                0.0,
                0.9874055415617129,
                0.0
            ],
            [
                0.0,
                0.0031847133757961785,
                0.0,
                0.012738853503184714,
                0.0,
                0.0031847133757961785,
                0.0,
                0.06369426751592357,
                0.0,
                0.9171974522292994
            ]
        ],
        "confusion_matrix_labels": [
            "backdoor",
            "ddos",
            "dos",
            "injection",
            "mitm",
            "normal",
            "password",
            "ransomware",
            "scanning",
            "xss"
        ],
        "round_time": 10.101341247558594,
        "round_start_time": 1765829240.68686,
        "round_end_time": 1765829250.7882013,
        "evaluate_time": 0.8100152015686035,
        "inference_time": 0.06029391288757324
    },
    "9": {
        "trees_by_client": 100,
        "first_server_serialise_trees_size": 97636,
        "fit_time": 1.0821726322174072,
        "client_serialise_trees_size": 2176873,
        "final_server_serialise_trees_size": 11748521,
        "f1_score": 0.9351210700347663,
        "mcc": 0.9688848380475598,
        "accuracy": 0.9727034120734908,
        "precision": 0.9222902069561426,
        "recall": 0.9608290630575412,
        "confusion_matrix": [
            [
                1.0,
                0.0,
                0.0,
                0.0,
                0.0,
                0.0,
                0.0,
                0.0,
                0.0,
                0.0
            ],
            [
                0.0,
                0.9569620253164557,
                0.0,
                0.012658227848101266,
                0.002531645569620253,
                0.010126582278481013,
                0.0,
                0.005063291139240506,
                0.0,
                0.012658227848101266
            ],
            [
                0.0,
                0.0,
                0.9669211195928753,
                0.002544529262086514,
                0.017811704834605598,
                0.002544529262086514,
                0.002544529262086514,
                0.0,
                0.007633587786259542,
                0.0
            ],
            [
                0.0,
                0.005115089514066497,
                0.0,
                0.9539641943734015,
                0.0,
                0.0,
                0.0,
                0.0,
                0.0025575447570332483,
                0.03836317135549872
            ],
            [
                0.0,
                0.0,
                0.0,
                0.058823529411764705,
                0.8823529411764706,
                0.058823529411764705,
                0.0,
                0.0,
                0.0,
                0.0
            ],
            [
                0.0,
                0.0012033694344163659,
                0.0012033694344163659,
                0.0036101083032490976,
                0.0012033694344163659,
                0.9915764139590855,
                0.0,
                0.0,
                0.0,
                0.0012033694344163659
            ],
            [
                0.0,
                0.0,
                0.0024875621890547263,
                0.0024875621890547263,
                0.009950248756218905,
                0.0,
                0.9825870646766169,
                0.0,
                0.0,
                0.0024875621890547263
            ],
            [
                0.0,
                0.0,
                0.0,
                0.0,
                0.0,
                0.0,
                0.0,
                0.9725085910652921,
                0.0,
                0.027491408934707903
            ],
            [
                0.0,
                0.0,
                0.0,
                0.0,
                0.010075566750629723,
                0.0025188916876574307,
                0.0,
                0.0,
                0.9874055415617129,
                0.0
            ],
            [
                0.0,
                0.0031847133757961785,
                0.0,
                0.01592356687898089,
                0.0,
                0.0031847133757961785,
                0.0,
                0.06369426751592357,
                0.0,
                0.9140127388535032
            ]
        ],
        "confusion_matrix_labels": [
            "backdoor",
            "ddos",
            "dos",
            "injection",
            "mitm",
            "normal",
            "password",
            "ransomware",
            "scanning",
            "xss"
        ],
        "round_time": 10.575728178024292,
        "round_start_time": 1765829265.9318953,
