{
    "0": {
        "trees_by_client": 10,
        "first_server_serialise_trees_size": 9287,
        "fit_time": 0.0673365592956543,
        "client_serialise_trees_size": 282712,
        "final_server_serialise_trees_size": 1295103,
        "f1_score": 0.9689694612172088,
        "mcc": 0.9547119180974013,
        "accuracy": 0.96419185282523,
        "precision": 0.9716911654679357,
        "recall": 0.9679308252350256,
        "confusion_matrix": [
            [
                0.990506329113924,
                0.0,
                0.00949367088607595,
                0.0,
                0.0,
                0.0
            ],
            [
                0.012195121951219513,
                0.9560975609756097,
                0.01707317073170732,
                0.0,
                0.014634146341463415,
                0.0
            ],
            [
                0.020202020202020204,
                0.0,
                0.9764309764309764,
                0.0,
                0.003367003367003367,
                0.0
            ],
            [
                0.0,
                0.0,
                0.0,
                1.0,
                0.0,
                0.0
            ],
            [
                0.0,
                0.015280135823429542,
                0.100169779286927,
                0.0,
                0.8845500848896435,
                0.0
            ],
            [
                0.0,
                0.0,
                0.0,
                0.0,
                0.0,
                1.0
            ]
        ],
        "confusion_matrix_labels": [
            "DoS/DDoS",
            "Info_Gathering",
            "Injection",
            "MITM",
            "Malware",
            "Normal"
        ],
        "round_time": 1.6962568759918213,
        "round_start_time": 1772640378.656381,
        "round_end_time": 1772640380.3526378,
        "evaluate_time": 0.2014758586883545,
        "inference_time": 0.01360630989074707
    },
    "1": {
        "trees_by_client": 20,
        "first_server_serialise_trees_size": 9437,
        "fit_time": 0.25667238235473633,
        "client_serialise_trees_size": 513615,
        "final_server_serialise_trees_size": 2690001,
        "f1_score": 0.9682288074069357,
        "mcc": 0.9534518785921424,
        "accuracy": 0.9632063074901446,
        "precision": 0.9711035223126471,
        "recall": 0.967049165142931,
        "confusion_matrix": [
            [
                0.9883966244725738,
                0.0,
                0.011603375527426161,
                0.0,
                0.0,
                0.0
            ],
            [
                0.01707317073170732,
                0.9512195121951219,
                0.01707317073170732,
                0.0,
                0.014634146341463415,
                0.0
            ],
            [
                0.020202020202020204,
                0.0,
                0.9764309764309764,
                0.0,
                0.003367003367003367,
                0.0
            ],
            [
                0.0,
                0.0,
                0.0,
                1.0,
                0.0,
                0.0
            ],
            [
                0.0,
                0.015280135823429542,
                0.09847198641765705,
                0.0,
                0.8862478777589134,
                0.0
            ],
            [
                0.0,
                0.0,
                0.0,
                0.0,
                0.0,
                1.0
            ]
        ],
        "confusion_matrix_labels": [
            "DoS/DDoS",
            "Info_Gathering",
            "Injection",
            "MITM",
            "Malware",
            "Normal"
        ],
        "round_time": 3.1758530139923096,
        "round_start_time": 1772640395.9975102,
        "round_end_time": 1772640399.1733632,
        "evaluate_time": 0.19885563850402832,
        "inference_time": 0.008590459823608398
    },
    "2": {
        "trees_by_client": 30,
        "first_server_serialise_trees_size": 18926,
        "fit_time": 0.38065171241760254,
        "client_serialise_trees_size": 810879,
        "final_server_serialise_trees_size": 4067955,
        "f1_score": 0.9686144506778005,
        "mcc": 0.9538840453374233,
        "accuracy": 0.9635348226018396,
        "precision": 0.9712373289823873,
        "recall": 0.9676863645528998,
        "confusion_matrix": [
            [
                0.9873417721518988,
                0.0,
                0.012658227848101266,
                0.0,
                0.0,
                0.0
            ],
            [
                0.012195121951219513,
                0.9560975609756097,
                0.01707317073170732,
                0.0,
                0.014634146341463415,
                0.0
            ],
            [
                0.020202020202020204,
                0.0,
                0.9764309764309764,
                0.0,
                0.003367003367003367,
                0.0
            ],
            [
                0.0,
                0.0,
                0.0,
                1.0,
                0.0,
                0.0
            ],
            [
                0.0,
                0.015280135823429542,
                0.09847198641765705,
                0.0,
                0.8862478777589134,
                0.0
            ],
            [
                0.0,
                0.0,
                0.0,
                0.0,
                0.0,
                1.0
            ]
        ],
        "confusion_matrix_labels": [
            "DoS/DDoS",
            "Info_Gathering",
            "Injection",
            "MITM",
            "Malware",
            "Normal"
        ],
        "round_time": 3.9310336112976074,
        "round_start_time": 1772640414.3299541,
        "round_end_time": 1772640418.2609878,
        "evaluate_time": 0.24322843551635742,
        "inference_time": 0.02003622055053711
    },
    "3": {
        "trees_by_client": 40,
        "first_server_serialise_trees_size": 28420,
        "fit_time": 0.5635337829589844,
        "client_serialise_trees_size": 1119838,
        "final_server_serialise_trees_size": 5409355,
        "f1_score": 0.9688100487901243,
        "mcc": 0.9543093618008907,
        "accuracy": 0.9638633377135348,
        "precision": 0.971623666187711,
        "recall": 0.9677362528218886,
        "confusion_matrix": [
            [
                0.9883966244725738,
                0.0,
                0.011603375527426161,
                0.0,
                0.0,
                0.0
            ],
            [
                0.014634146341463415,
                0.9536585365853658,
                0.01707317073170732,
                0.0,
                0.014634146341463415,
                0.0
            ],
            [
                0.020202020202020204,
                0.0,
                0.9781144781144782,
                0.0,
                0.0016835016835016834,
                0.0
            ],
            [
                0.0,
                0.0,
                0.0,
                1.0,
                0.0,
                0.0
            ],
            [
                0.0,
                0.015280135823429542,
                0.09847198641765705,
                0.0,
                0.8862478777589134,
                0.0
            ],
            [
                0.0,
                0.0,
                0.0,
                0.0,
                0.0,
                1.0
            ]
        ],
        "confusion_matrix_labels": [
            "DoS/DDoS",
            "Info_Gathering",
            "Injection",
            "MITM",
            "Malware",
            "Normal"
        ],
        "round_time": 4.550889492034912,
        "round_start_time": 1772640433.4244585,
        "round_end_time": 1772640437.975348,
        "evaluate_time": 0.2542848587036133,
        "inference_time": 0.031178712844848633
    },
    "4": {
        "trees_by_client": 50,
        "first_server_serialise_trees_size": 37857,
        "fit_time": 0.7492010593414307,
        "client_serialise_trees_size": 1310709,
        "final_server_serialise_trees_size": 6677423,
        "f1_score": 0.9688262170219085,
        "mcc": 0.9543268867525233,
        "accuracy": 0.9638633377135348,
        "precision": 0.9715762584789022,
        "recall": 0.9678597914087176,
        "confusion_matrix": [
            [
                0.9883966244725738,
                0.0,
                0.011603375527426161,
                0.0,
                0.0,
                0.0
            ],
            [
                0.012195121951219513,
                0.9560975609756097,
                0.01707317073170732,
                0.0,
                0.014634146341463415,
                0.0
            ],
            [
                0.020202020202020204,
                0.0,
                0.9781144781144782,
                0.0,
                0.0016835016835016834,
                0.0
            ],
            [
                0.0,
                0.0,
                0.0,
                1.0,
                0.0,
                0.0
            ],
            [
                0.0,
                0.015280135823429542,
                0.100169779286927,
                0.0,
                0.8845500848896435,
                0.0
            ],
            [
                0.0,
                0.0,
                0.0,
                0.0,
                0.0,
                1.0
            ]
        ],
        "confusion_matrix_labels": [
            "DoS/DDoS",
            "Info_Gathering",
            "Injection",
            "MITM",
            "Malware",
            "Normal"
        ],
        "round_time": 5.625032186508179,
        "round_start_time": 1772640453.1654692,
        "round_end_time": 1772640458.7905014,
        "evaluate_time": 0.21944189071655273,
        "inference_time": 0.0339665412902832
    },
    "5": {
        "trees_by_client": 60,
        "first_server_serialise_trees_size": 47744,
        "fit_time": 0.6291244029998779,
        "client_serialise_trees_size": 1574420,
        "final_server_serialise_trees_size": 8013364,
        "f1_score": 0.9683311749374965,
        "mcc": 0.9535131966390437,
        "accuracy": 0.9632063074901446,
        "precision": 0.9711230004240287,
        "recall": 0.9674010172103934,
        "confusion_matrix": [
            [
                0.9873417721518988,
                0.0,
                0.012658227848101266,
                0.0,
                0.0,
                0.0
            ],
            [
                0.012195121951219513,
                0.9560975609756097,
                0.01707317073170732,
                0.0,
                0.014634146341463415,
                0.0
            ],
            [
                0.020202020202020204,
                0.0,
                0.9781144781144782,
                0.0,
                0.0016835016835016834,
                0.0
            ],
            [
                0.0,
                0.0,
                0.0,
                1.0,
                0.0,
                0.0
            ],
            [
                0.0,
                0.015280135823429542,
                0.10186757215619695,
                0.0,
                0.8828522920203735,
                0.0
            ],
            [
                0.0,
                0.0,
                0.0,
                0.0,
                0.0,
                1.0
            ]
        ],
        "confusion_matrix_labels": [
            "DoS/DDoS",
            "Info_Gathering",
            "Injection",
            "MITM",
            "Malware",
            "Normal"
        ],
        "round_time": 6.405654430389404,
        "round_start_time": 1772640473.937458,
        "round_end_time": 1772640480.3431125,
        "evaluate_time": 0.3441734313964844,
        "inference_time": 0.031006336212158203
    },
    "6": {
        "trees_by_client": 70,
        "first_server_serialise_trees_size": 57123,
        "fit_time": 0.9723985195159912,
        "client_serialise_trees_size": 1878225,
        "final_server_serialise_trees_size": 9314489,
        "f1_score": 0.9687557169540352,
        "mcc": 0.9543336459798907,
        "accuracy": 0.9638633377135348,
        "precision": 0.9715751755936174,
        "recall": 0.9677526346506183,
        "confusion_matrix": [
            [
                0.989451476793249,
                0.0,
                0.010548523206751054,
                0.0,
                0.0,
                0.0
            ],
            [
                0.012195121951219513,
                0.9560975609756097,
                0.01707317073170732,
                0.0,
                0.014634146341463415,
                0.0
            ],
            [
                0.020202020202020204,
                0.0,
                0.9781144781144782,
                0.0,
                0.0016835016835016834,
                0.0
            ],
            [
                0.0,
                0.0,
                0.0,
                1.0,
                0.0,
                0.0
            ],
            [
                0.0,
                0.015280135823429542,
                0.10186757215619695,
                0.0,
                0.8828522920203735,
                0.0
            ],
            [
                0.0,
                0.0,
                0.0,
                0.0,
                0.0,
                1.0
            ]
        ],
        "confusion_matrix_labels": [
            "DoS/DDoS",
            "Info_Gathering",
            "Injection",
            "MITM",
            "Malware",
            "Normal"
        ],
        "round_time": 6.973971843719482,
        "round_start_time": 1772640495.5314922,
        "round_end_time": 1772640502.505464,
        "evaluate_time": 0.4442601203918457,
        "inference_time": 0.039899349212646484
    },
    "7": {
        "trees_by_client": 80,
        "first_server_serialise_trees_size": 66042,
        "fit_time": 1.1066572666168213,
        "client_serialise_trees_size": 2063533,
        "final_server_serialise_trees_size": 10598409,
        "f1_score": 0.9686138008175135,
        "mcc": 0.9539166713429147,
        "accuracy": 0.9635348226018396,
        "precision": 0.9713498292781441,
        "recall": 0.9676839826886051,
        "confusion_matrix": [
            [
                0.9873417721518988,
                0.0,
                0.012658227848101266,
                0.0,
                0.0,
                0.0
            ],
            [
                0.012195121951219513,
                0.9560975609756097,
                0.01707317073170732,
                0.0,
                0.014634146341463415,
                0.0
            ],
            [
                0.020202020202020204,
                0.0,
                0.9781144781144782,
                0.0,
                0.0016835016835016834,
                0.0
            ],
            [
                0.0,
                0.0,
                0.0,
                1.0,
                0.0,
                0.0
            ],
            [
                0.0,
                0.015280135823429542,
                0.100169779286927,
                0.0,
                0.8845500848896435,
                0.0
            ],
            [
                0.0,
                0.0,
                0.0,
                0.0,
                0.0,
                1.0
            ]
        ],
        "confusion_matrix_labels": [
            "DoS/DDoS",
            "Info_Gathering",
            "Injection",
            "MITM",
            "Malware",
            "Normal"
        ],
        "round_time": 8.084511280059814,
        "round_start_time": 1772640517.6734884,
        "round_end_time": 1772640525.7579997,
        "evaluate_time": 0.4811971187591553,
        "inference_time": 0.05420279502868652
    },
    "8": {
        "trees_by_client": 90,
        "first_server_serialise_trees_size": 74995,
        "fit_time": 1.1586799621582031,
        "client_serialise_trees_size": 2435090,
        "final_server_serialise_trees_size": 11847019,
        "f1_score": 0.9685433942481386,
        "mcc": 0.9539232719615606,
        "accuracy": 0.9635348226018396,
        "precision": 0.9713487529193995,
        "recall": 0.967576825930506,
        "confusion_matrix": [
            [
                0.9883966244725738,
                0.0,
                0.011603375527426161,
                0.0,
                0.0,
                0.0
            ],
            [
                0.012195121951219513,
                0.9560975609756097,
                0.01707317073170732,
                0.0,
                0.014634146341463415,
                0.0
            ],
            [
                0.020202020202020204,
                0.0,
                0.9781144781144782,
                0.0,
                0.0016835016835016834,
                0.0
            ],
            [
                0.0,
                0.0,
                0.0,
                1.0,
                0.0,
                0.0
            ],
            [
                0.0,
                0.015280135823429542,
                0.10186757215619695,
                0.0,
                0.8828522920203735,
                0.0
            ],
            [
                0.0,
                0.0,
                0.0,
                0.0,
                0.0,
                1.0
            ]
        ],
        "confusion_matrix_labels": [
            "DoS/DDoS",
            "Info_Gathering",
            "Injection",
            "MITM",
            "Malware",
            "Normal"
        ],
        "round_time": 8.126753091812134,
        "round_start_time": 1772640540.9204607,
        "round_end_time": 1772640549.0472138,
        "evaluate_time": 0.34082770347595215,
        "inference_time": 0.04107046127319336
    },
    "9": {
        "trees_by_client": 100,
        "first_server_serialise_trees_size": 85096,
        "fit_time": 1.0637774467468262,
        "client_serialise_trees_size": 2670200,
        "final_server_serialise_trees_size": 13062942,
        "f1_score": 0.9685433942481386,
        "mcc": 0.9539232719615606,
        "accuracy": 0.9635348226018396,
        "precision": 0.9713487529193995,
        "recall": 0.967576825930506,
        "confusion_matrix": [
            [
                0.9883966244725738,
                0.0,
                0.011603375527426161,
                0.0,
                0.0,
                0.0
            ],
            [
                0.012195121951219513,
                0.9560975609756097,
                0.01707317073170732,
                0.0,
                0.014634146341463415,
                0.0
            ],
            [
                0.020202020202020204,
                0.0,
                0.9781144781144782,
                0.0,
                0.0016835016835016834,
                0.0
            ],
            [
                0.0,
                0.0,
                0.0,
                1.0,
                0.0,
                0.0
            ],
            [
                0.0,
                0.015280135823429542,
                0.10186757215619695,
                0.0,
                0.8828522920203735,
                0.0
            ],
            [
                0.0,
                0.0,
                0.0,
                0.0,
                0.0,
                1.0
            ]
        ],
        "confusion_matrix_labels": [
            "DoS/DDoS",
            "Info_Gathering",
            "Injection",
            "MITM",
            "Malware",
            "Normal"
        ],
        "round_time": 9.81692385673523,
        "round_start_time": 1772640564.1733139,
        "round_end_time": 1772640573.9902377,
        "evaluate_time": 0.5126261711120605,
        "inference_time": 0.0632474422454834
    },
    "10": {
        "trees_by_client": 110,
        "first_server_serialise_trees_size": 94892,
        "fit_time": 1.5415434837341309,
        "client_serialise_trees_size": 2949894,
        "final_server_serialise_trees_size": 14437789,
        "f1_score": 0.9685433942481386,
        "mcc": 0.9539232719615606,
        "accuracy": 0.9635348226018396,
        "precision": 0.9713487529193995,
        "recall": 0.967576825930506,
        "confusion_matrix": [
            [
                0.9883966244725738,
                0.0,
                0.011603375527426161,
                0.0,
                0.0,
                0.0
            ],
            [
                0.012195121951219513,
                0.9560975609756097,
                0.01707317073170732,
                0.0,
                0.014634146341463415,
                0.0
            ],
            [
                0.020202020202020204,
                0.0,
                0.9781144781144782,
                0.0,
                0.0016835016835016834,
                0.0
            ],
            [
                0.0,
                0.0,
                0.0,
                1.0,
                0.0,
                0.0
            ],
            [
                0.0,
                0.015280135823429542,
                0.10186757215619695,
                0.0,
                0.8828522920203735,
                0.0
            ],
            [
                0.0,
                0.0,
                0.0,
                0.0,
                0.0,
                1.0
            ]
        ],
        "confusion_matrix_labels": [
            "DoS/DDoS",
            "Info_Gathering",
            "Injection",
            "MITM",
            "Malware",
            "Normal"
        ],
        "round_time": 10.799070835113525,
        "round_start_time": 1772640589.1748214,
        "round_end_time": 1772640599.9738922,
        "evaluate_time": 0.5399510860443115,
        "inference_time": 0.06967496871948242
    },
    "11": {
        "trees_by_client": 120,
        "first_server_serialise_trees_size": 103871,
        "fit_time": 1.6041817665100098,
        "client_serialise_trees_size": 3179063,
        "final_server_serialise_trees_size": 15651209,
        "f1_score": 0.9685433942481386,
        "mcc": 0.9539232719615606,
        "accuracy": 0.9635348226018396,
        "precision": 0.9713487529193995,
        "recall": 0.967576825930506,
        "confusion_matrix": [
            [
                0.9883966244725738,
                0.0,
                0.011603375527426161,
                0.0,
                0.0,
                0.0
            ],
            [
                0.012195121951219513,
                0.9560975609756097,
                0.01707317073170732,
                0.0,
                0.014634146341463415,
                0.0
            ],
            [
                0.020202020202020204,
                0.0,
                0.9781144781144782,
                0.0,
                0.0016835016835016834,
                0.0
            ],
            [
                0.0,
                0.0,
                0.0,
                1.0,
                0.0,
                0.0
            ],
            [
                0.0,
                0.015280135823429542,
                0.10186757215619695,
                0.0,
                0.8828522920203735,
                0.0
            ],
            [
                0.0,
                0.0,
                0.0,
                0.0,
                0.0,
                1.0
            ]
        ],
        "confusion_matrix_labels": [
            "DoS/DDoS",
            "Info_Gathering",
            "Injection",
            "MITM",
            "Malware",
            "Normal"
        ],
        "round_time": 11.601787328720093,
        "round_start_time": 1772640615.160459,
        "round_end_time": 1772640626.7622464,
        "evaluate_time": 0.6123461723327637,
        "inference_time": 0.06180977821350098
    },
    "12": {
        "trees_by_client": 130,
        "first_server_serialise_trees_size": 113532,
        "fit_time": 1.7238340377807617,
        "client_serialise_trees_size": 3471258,
        "final_server_serialise_trees_size": 17041705,
        "f1_score": 0.9688262170219085,
        "mcc": 0.9543268867525233,
        "accuracy": 0.9638633377135348,
        "precision": 0.9715762584789022,
        "recall": 0.9678597914087176,
        "confusion_matrix": [
            [
                0.9883966244725738,
                0.0,
                0.011603375527426161,
                0.0,
                0.0,
                0.0
            ],
            [
                0.012195121951219513,
                0.9560975609756097,
                0.01707317073170732,
                0.0,
                0.014634146341463415,
                0.0
            ],
            [
                0.020202020202020204,
                0.0,
                0.9781144781144782,
                0.0,
                0.0016835016835016834,
                0.0
            ],
            [
                0.0,
                0.0,
                0.0,
                1.0,
                0.0,
                0.0
            ],
            [
                0.0,
                0.015280135823429542,
                0.100169779286927,
                0.0,
                0.8845500848896435,
                0.0
            ],
            [
                0.0,
                0.0,
                0.0,
                0.0,
                0.0,
                1.0
            ]
        ],
        "confusion_matrix_labels": [
            "DoS/DDoS",
            "Info_Gathering",
            "Injection",
            "MITM",
            "Malware",
            "Normal"
        ],
        "round_time": 11.744538068771362,
        "round_start_time": 1772640641.9147093,
        "round_end_time": 1772640653.6592474,
        "evaluate_time": 0.6082899570465088,
        "inference_time": 0.06466794013977051
    },
    "13": {
        "trees_by_client": 140,
        "first_server_serialise_trees_size": 123213,
        "fit_time": 1.9386394023895264,
        "client_serialise_trees_size": 3808017,
        "final_server_serialise_trees_size": 18414558,
        "f1_score": 0.9688262170219085,
        "mcc": 0.9543268867525233,
        "accuracy": 0.9638633377135348,
        "precision": 0.9715762584789022,
        "recall": 0.9678597914087176,
        "confusion_matrix": [
            [
                0.9883966244725738,
                0.0,
                0.011603375527426161,
                0.0,
                0.0,
                0.0
            ],
            [
                0.012195121951219513,
                0.9560975609756097,
                0.01707317073170732,
                0.0,
                0.014634146341463415,
                0.0
            ],
            [
                0.020202020202020204,
                0.0,
                0.9781144781144782,
                0.0,
                0.0016835016835016834,
                0.0
            ],
            [
                0.0,
                0.0,
                0.0,
                1.0,
                0.0,
                0.0
            ],
            [
                0.0,
                0.015280135823429542,
                0.100169779286927,
                0.0,
                0.8845500848896435,
                0.0
            ],
            [
                0.0,
                0.0,
                0.0,
                0.0,
                0.0,
                1.0
            ]
        ],
        "confusion_matrix_labels": [
            "DoS/DDoS",
            "Info_Gathering",
            "Injection",
            "MITM",
            "Malware",
            "Normal"
        ],
        "round_time": 12.365036010742188,
        "round_start_time": 1772640668.8198366,
        "round_end_time": 1772640681.1848726,
        "evaluate_time": 0.5836832523345947,
        "inference_time": 0.07996869087219238
    },
    "14": {
        "trees_by_client": 150,
        "first_server_serialise_trees_size": 132461,
        "fit_time": 2.1320598125457764,
        "client_serialise_trees_size": 4112850,
        "final_server_serialise_trees_size": 19644190,
        "f1_score": 0.9683311749374965,
        "mcc": 0.9535131966390437,
        "accuracy": 0.9632063074901446,
        "precision": 0.9711230004240287,
        "recall": 0.9674010172103934,
        "confusion_matrix": [
            [
                0.9873417721518988,
                0.0,
                0.012658227848101266,
                0.0,
                0.0,
                0.0
            ],
            [
                0.012195121951219513,
                0.9560975609756097,
                0.01707317073170732,
                0.0,
                0.014634146341463415,
                0.0
            ],
            [
                0.020202020202020204,
                0.0,
                0.9781144781144782,
                0.0,
                0.0016835016835016834,
                0.0
            ],
            [
                0.0,
                0.0,
                0.0,
                1.0,
                0.0,
                0.0
            ],
            [
                0.0,
                0.015280135823429542,
                0.10186757215619695,
                0.0,
                0.8828522920203735,
                0.0
            ],
            [
                0.0,
                0.0,
                0.0,
                0.0,
                0.0,
                1.0
            ]
        ],
        "confusion_matrix_labels": [
            "DoS/DDoS",
            "Info_Gathering",
            "Injection",
            "MITM",
            "Malware",
            "Normal"
        ],
        "round_time": 14.10464358329773,
        "round_start_time": 1772640696.3553698,
        "round_end_time": 1772640710.4600134,
        "evaluate_time": 0.7184054851531982,
        "inference_time": 0.0648195743560791
    },
    "15": {
        "trees_by_client": 160,
        "first_server_serialise_trees_size": 141717,
        "fit_time": 2.0054168701171875,
        "client_serialise_trees_size": 4283333,
        "final_server_serialise_trees_size": 21374722,
        "f1_score": 0.9685433942481386,
        "mcc": 0.9539232719615606,
        "accuracy": 0.9635348226018396,
        "precision": 0.9713487529193995,
        "recall": 0.967576825930506,
        "confusion_matrix": [
            [
                0.9883966244725738,
                0.0,
                0.011603375527426161,
                0.0,
                0.0,
                0.0
            ],
            [
                0.012195121951219513,
                0.9560975609756097,
                0.01707317073170732,
                0.0,
                0.014634146341463415,
                0.0
            ],
            [
                0.020202020202020204,
                0.0,
                0.9781144781144782,
                0.0,
                0.0016835016835016834,
                0.0
            ],
            [
                0.0,
                0.0,
                0.0,
                1.0,
                0.0,
                0.0
            ],
            [
                0.0,
                0.015280135823429542,
                0.10186757215619695,
                0.0,
                0.8828522920203735,
                0.0
            ],
            [
                0.0,
                0.0,
                0.0,
                0.0,
                0.0,
                1.0
            ]
        ],
        "confusion_matrix_labels": [
            "DoS/DDoS",
            "Info_Gathering",
            "Injection",
            "MITM",
            "Malware",
            "Normal"
        ],
        "round_time": 15.279436826705933,
        "round_start_time": 1772640725.616468,
        "round_end_time": 1772640740.8959048,
        "evaluate_time": 0.3696916103363037,
        "inference_time": 0.049318790435791016
    },
    "16": {
        "trees_by_client": 170,
        "first_server_serialise_trees_size": 151942,
        "fit_time": 1.8827338218688965,
        "client_serialise_trees_size": 4526629,
        "final_server_serialise_trees_size": 22243129,
        "f1_score": 0.9688262170219085,
        "mcc": 0.9543268867525233,
        "accuracy": 0.9638633377135348,
        "precision": 0.9715762584789022,
        "recall": 0.9678597914087176,
        "confusion_matrix": [
            [
                0.9883966244725738,
                0.0,
                0.011603375527426161,
                0.0,
                0.0,
                0.0
            ],
            [
                0.012195121951219513,
                0.9560975609756097,
                0.01707317073170732,
                0.0,
                0.014634146341463415,
                0.0
            ],
            [
                0.020202020202020204,
                0.0,
                0.9781144781144782,
                0.0,
                0.0016835016835016834,
                0.0
            ],
            [
                0.0,
                0.0,
                0.0,
                1.0,
                0.0,
                0.0
            ],
            [
                0.0,
                0.015280135823429542,
                0.100169779286927,
                0.0,
                0.8845500848896435,
                0.0
            ],
            [
                0.0,
                0.0,
                0.0,
                0.0,
                0.0,
                1.0
            ]
        ],
        "confusion_matrix_labels": [
            "DoS/DDoS",
            "Info_Gathering",
            "Injection",
            "MITM",
            "Malware",
            "Normal"
        ],
        "round_time": 14.55977988243103,
        "round_start_time": 1772640755.9945004,
        "round_end_time": 1772640770.5542803,
        "evaluate_time": 0.8729903697967529,
        "inference_time": 0.07354140281677246
    },
    "17": {
        "trees_by_client": 180,
        "first_server_serialise_trees_size": 160704,
        "fit_time": 2.2536675930023193,
        "client_serialise_trees_size": 4708643,
        "final_server_serialise_trees_size": 23501585,
        "f1_score": 0.9686138008175135,
        "mcc": 0.9539166713429147,
        "accuracy": 0.9635348226018396,
        "precision": 0.9713498292781441,
        "recall": 0.9676839826886051,
        "confusion_matrix": [
            [
                0.9873417721518988,
                0.0,
                0.012658227848101266,
                0.0,
                0.0,
                0.0
            ],
            [
                0.012195121951219513,
                0.9560975609756097,
                0.01707317073170732,
                0.0,
                0.014634146341463415,
                0.0
            ],
            [
                0.020202020202020204,
                0.0,
                0.9781144781144782,
                0.0,
                0.0016835016835016834,
                0.0
            ],
            [
                0.0,
                0.0,
                0.0,
                1.0,
                0.0,
                0.0
            ],
            [
                0.0,
                0.015280135823429542,
                0.100169779286927,
                0.0,
                0.8845500848896435,
                0.0
            ],
            [
                0.0,
                0.0,
                0.0,
                0.0,
                0.0,
                1.0
            ]
        ],
        "confusion_matrix_labels": [
            "DoS/DDoS",
            "Info_Gathering",
            "Injection",
            "MITM",
            "Malware",
            "Normal"
        ],
        "round_time": 15.84059739112854,
        "round_start_time": 1772640785.7375312,
        "round_end_time": 1772640801.5781286,
        "evaluate_time": 0.6313347816467285,
        "inference_time": 0.08056640625
    },
    "18": {
        "trees_by_client": 190,
        "first_server_serialise_trees_size": 169684,
        "fit_time": 2.044522762298584,
        "client_serialise_trees_size": 5128103,
        "final_server_serialise_trees_size": 24964228,
        "f1_score": 0.9688262170219085,
        "mcc": 0.9543268867525233,
        "accuracy": 0.9638633377135348,
        "precision": 0.9715762584789022,
        "recall": 0.9678597914087176,
        "confusion_matrix": [
            [
                0.9883966244725738,
                0.0,
                0.011603375527426161,
                0.0,
                0.0,
                0.0
            ],
            [
                0.012195121951219513,
                0.9560975609756097,
                0.01707317073170732,
                0.0,
                0.014634146341463415,
                0.0
            ],
            [
                0.020202020202020204,
                0.0,
                0.9781144781144782,
                0.0,
                0.0016835016835016834,
                0.0
            ],
            [
                0.0,
                0.0,
                0.0,
                1.0,
                0.0,
                0.0
            ],
            [
                0.0,
                0.015280135823429542,
                0.100169779286927,
                0.0,
                0.8845500848896435,
                0.0
            ],
            [
                0.0,
                0.0,
                0.0,
                0.0,
                0.0,
                1.0
            ]
        ],
        "confusion_matrix_labels": [
            "DoS/DDoS",
            "Info_Gathering",
            "Injection",
            "MITM",
            "Malware",
            "Normal"
        ],
        "round_time": 16.79295063018799,
        "round_start_time": 1772640816.7694843,
        "round_end_time": 1772640833.562435,
        "evaluate_time": 0.9170229434967041,
        "inference_time": 0.11659598350524902
    },
    "19": {
        "trees_by_client": 200,
        "first_server_serialise_trees_size": 178908,
        "fit_time": 2.4425604343414307,
        "client_serialise_trees_size": 5270777,
        "final_server_serialise_trees_size": 26496287,
        "f1_score": 0.9686138008175135,
        "mcc": 0.9539166713429147,
        "accuracy": 0.9635348226018396,
        "precision": 0.9713498292781441,
        "recall": 0.9676839826886051,
        "confusion_matrix": [
            [
                0.9873417721518988,
                0.0,
                0.012658227848101266,
                0.0,
                0.0,
                0.0
            ],
            [
                0.012195121951219513,
                0.9560975609756097,
                0.01707317073170732,
                0.0,
                0.014634146341463415,
                0.0
            ],
            [
                0.020202020202020204,
                0.0,
                0.9781144781144782,
                0.0,
                0.0016835016835016834,
                0.0
            ],
            [
                0.0,
                0.0,
                0.0,
                1.0,
                0.0,
                0.0
            ],
            [
                0.0,
                0.015280135823429542,
                0.100169779286927,
                0.0,
                0.8845500848896435,
                0.0
            ],
            [
                0.0,
                0.0,
                0.0,
                0.0,
                0.0,
                1.0
            ]
        ],
        "confusion_matrix_labels": [
            "DoS/DDoS",
            "Info_Gathering",
            "Injection",
            "MITM",
