{
    "0": {
        "trees_by_client": 10,
        "first_server_serialise_trees_size": 9282,
        "fit_time": 0.07193994522094727,
        "client_serialise_trees_size": 273100,
        "final_server_serialise_trees_size": 1331549,
        "f1_score": 0.9690387370937253,
        "mcc": 0.9547374010949199,
        "accuracy": 0.96419185282523,
        "precision": 0.9718033609484863,
        "recall": 0.96803560012883,
        "confusion_matrix": [
            [
                0.989451476793249,
                0.0,
                0.010548523206751054,
                0.0,
                0.0,
                0.0
            ],
            [
                0.012195121951219513,
                0.9560975609756097,
                0.01707317073170732,
                0.0,
                0.014634146341463415,
                0.0
            ],
            [
                0.020202020202020204,
                0.0,
                0.9781144781144782,
                0.0,
                0.0016835016835016834,
                0.0
            ],
            [
                0.0,
                0.0,
                0.0,
                1.0,
                0.0,
                0.0
            ],
            [
                0.0,
                0.015280135823429542,
                0.100169779286927,
                0.0,
                0.8845500848896435,
                0.0
            ],
            [
                0.0,
                0.0,
                0.0,
                0.0,
                0.0,
                1.0
            ]
        ],
        "confusion_matrix_labels": [
            "DoS/DDoS",
            "Info_Gathering",
            "Injection",
            "MITM",
            "Malware",
            "Normal"
        ],
        "round_time": 1.8270363807678223,
        "round_start_time": 1771783500.279523,
        "round_end_time": 1771783502.1065593,
        "evaluate_time": 0.20071840286254883,
        "inference_time": 0.0058345794677734375
    },
    "1": {
        "trees_by_client": 20,
        "first_server_serialise_trees_size": 9435,
        "fit_time": 0.17118334770202637,
        "client_serialise_trees_size": 520971,
        "final_server_serialise_trees_size": 2612964,
        "f1_score": 0.9677329362754755,
        "mcc": 0.9526701758931394,
        "accuracy": 0.9625492772667543,
        "precision": 0.970761436486609,
        "recall": 0.9665880090803122,
        "confusion_matrix": [
            [
                0.9873417721518988,
                0.0,
                0.012658227848101266,
                0.0,
                0.0,
                0.0
            ],
            [
                0.01707317073170732,
                0.9512195121951219,
                0.01707317073170732,
                0.0,
                0.014634146341463415,
                0.0
            ],
            [
                0.020202020202020204,
                0.0,
                0.9781144781144782,
                0.0,
                0.0016835016835016834,
                0.0
            ],
            [
                0.0,
                0.0,
                0.0,
                1.0,
                0.0,
                0.0
            ],
            [
                0.0,
                0.015280135823429542,
                0.10186757215619695,
                0.0,
                0.8828522920203735,
                0.0
            ],
            [
                0.0,
                0.0,
                0.0,
                0.0,
                0.0,
                1.0
            ]
        ],
        "confusion_matrix_labels": [
            "DoS/DDoS",
            "Info_Gathering",
            "Injection",
            "MITM",
            "Malware",
            "Normal"
        ],
        "round_time": 3.20019793510437,
        "round_start_time": 1771783517.9162233,
        "round_end_time": 1771783521.1164212,
        "evaluate_time": 0.2055034637451172,
        "inference_time": 0.015742063522338867
    },
    "2": {
        "trees_by_client": 30,
        "first_server_serialise_trees_size": 18931,
        "fit_time": 0.3930838108062744,
        "client_serialise_trees_size": 799921,
        "final_server_serialise_trees_size": 4037998,
        "f1_score": 0.9688100487901243,
        "mcc": 0.9543093618008907,
        "accuracy": 0.9638633377135348,
        "precision": 0.971623666187711,
        "recall": 0.9677362528218886,
        "confusion_matrix": [
            [
                0.9883966244725738,
                0.0,
                0.011603375527426161,
                0.0,
                0.0,
                0.0
            ],
            [
                0.014634146341463415,
                0.9536585365853658,
                0.01707317073170732,
                0.0,
                0.014634146341463415,
                0.0
            ],
            [
                0.020202020202020204,
                0.0,
                0.9781144781144782,
                0.0,
                0.0016835016835016834,
                0.0
            ],
            [
                0.0,
                0.0,
                0.0,
                1.0,
                0.0,
                0.0
            ],
            [
                0.0,
                0.015280135823429542,
                0.09847198641765705,
                0.0,
                0.8862478777589134,
                0.0
            ],
            [
                0.0,
                0.0,
                0.0,
                0.0,
                0.0,
                1.0
            ]
        ],
        "confusion_matrix_labels": [
            "DoS/DDoS",
            "Info_Gathering",
            "Injection",
            "MITM",
            "Malware",
            "Normal"
        ],
        "round_time": 3.8503429889678955,
        "round_start_time": 1771783536.2900822,
        "round_end_time": 1771783540.1404252,
        "evaluate_time": 0.16380667686462402,
        "inference_time": 0.013112068176269531
    },
    "3": {
        "trees_by_client": 40,
        "first_server_serialise_trees_size": 28391,
        "fit_time": 0.35062432289123535,
        "client_serialise_trees_size": 1051447,
        "final_server_serialise_trees_size": 5518043,
        "f1_score": 0.9687557169540352,
        "mcc": 0.9543336459798907,
        "accuracy": 0.9638633377135348,
        "precision": 0.9715751755936174,
        "recall": 0.9677526346506183,
        "confusion_matrix": [
            [
                0.989451476793249,
                0.0,
                0.010548523206751054,
                0.0,
                0.0,
                0.0
            ],
            [
                0.012195121951219513,
                0.9560975609756097,
                0.01707317073170732,
                0.0,
                0.014634146341463415,
                0.0
            ],
            [
                0.020202020202020204,
                0.0,
                0.9781144781144782,
                0.0,
                0.0016835016835016834,
                0.0
            ],
            [
                0.0,
                0.0,
                0.0,
                1.0,
                0.0,
                0.0
            ],
            [
                0.0,
                0.015280135823429542,
                0.10186757215619695,
                0.0,
                0.8828522920203735,
                0.0
            ],
            [
                0.0,
                0.0,
                0.0,
                0.0,
                0.0,
                1.0
            ]
        ],
        "confusion_matrix_labels": [
            "DoS/DDoS",
            "Info_Gathering",
            "Injection",
            "MITM",
            "Malware",
            "Normal"
        ],
        "round_time": 4.923397541046143,
        "round_start_time": 1771783555.274993,
        "round_end_time": 1771783560.1983905,
        "evaluate_time": 0.191756010055542,
        "inference_time": 0.01818990707397461
    },
    "4": {
        "trees_by_client": 50,
        "first_server_serialise_trees_size": 37641,
        "fit_time": 0.4902968406677246,
        "client_serialise_trees_size": 1336337,
        "final_server_serialise_trees_size": 6582358,
        "f1_score": 0.9686138008175135,
        "mcc": 0.9539166713429147,
        "accuracy": 0.9635348226018396,
        "precision": 0.9713498292781441,
        "recall": 0.9676839826886051,
        "confusion_matrix": [
            [
                0.9873417721518988,
                0.0,
                0.012658227848101266,
                0.0,
                0.0,
                0.0
            ],
            [
                0.012195121951219513,
                0.9560975609756097,
                0.01707317073170732,
                0.0,
                0.014634146341463415,
                0.0
            ],
            [
                0.020202020202020204,
                0.0,
                0.9781144781144782,
                0.0,
                0.0016835016835016834,
                0.0
            ],
            [
                0.0,
                0.0,
                0.0,
                1.0,
                0.0,
                0.0
            ],
            [
                0.0,
                0.015280135823429542,
                0.100169779286927,
                0.0,
                0.8845500848896435,
                0.0
            ],
            [
                0.0,
                0.0,
                0.0,
                0.0,
                0.0,
                1.0
            ]
        ],
        "confusion_matrix_labels": [
            "DoS/DDoS",
            "Info_Gathering",
            "Injection",
            "MITM",
            "Malware",
            "Normal"
        ],
        "round_time": 5.551105260848999,
        "round_start_time": 1771783575.3189297,
        "round_end_time": 1771783580.870035,
        "evaluate_time": 0.25570034980773926,
        "inference_time": 0.03267097473144531
    },
    "5": {
        "trees_by_client": 60,
        "first_server_serialise_trees_size": 47518,
        "fit_time": 0.6123716831207275,
        "client_serialise_trees_size": 1592296,
        "final_server_serialise_trees_size": 8031329,
        "f1_score": 0.9686138008175135,
        "mcc": 0.9539166713429147,
        "accuracy": 0.9635348226018396,
        "precision": 0.9713498292781441,
        "recall": 0.9676839826886051,
        "confusion_matrix": [
            [
                0.9873417721518988,
                0.0,
                0.012658227848101266,
                0.0,
                0.0,
                0.0
            ],
            [
                0.012195121951219513,
                0.9560975609756097,
                0.01707317073170732,
                0.0,
                0.014634146341463415,
                0.0
            ],
            [
                0.020202020202020204,
                0.0,
                0.9781144781144782,
                0.0,
                0.0016835016835016834,
                0.0
            ],
            [
                0.0,
                0.0,
                0.0,
                1.0,
                0.0,
                0.0
            ],
            [
                0.0,
                0.015280135823429542,
                0.100169779286927,
                0.0,
                0.8845500848896435,
                0.0
            ],
            [
                0.0,
                0.0,
                0.0,
                0.0,
                0.0,
                1.0
            ]
        ],
        "confusion_matrix_labels": [
            "DoS/DDoS",
            "Info_Gathering",
            "Injection",
            "MITM",
            "Malware",
            "Normal"
        ],
        "round_time": 6.318869113922119,
        "round_start_time": 1771783596.0519865,
        "round_end_time": 1771783602.3708556,
        "evaluate_time": 0.37924742698669434,
        "inference_time": 0.03884005546569824
    },
    "6": {
        "trees_by_client": 70,
        "first_server_serialise_trees_size": 56943,
        "fit_time": 0.6735351085662842,
        "client_serialise_trees_size": 1897392,
        "final_server_serialise_trees_size": 9304384,
        "f1_score": 0.9691089520625099,
        "mcc": 0.9547307511087506,
        "accuracy": 0.96419185282523,
        "precision": 0.9718044279820445,
        "recall": 0.9681427568869293,
        "confusion_matrix": [
            [
                0.9883966244725738,
                0.0,
                0.011603375527426161,
                0.0,
                0.0,
                0.0
            ],
            [
                0.012195121951219513,
                0.9560975609756097,
                0.01707317073170732,
                0.0,
                0.014634146341463415,
                0.0
            ],
            [
                0.020202020202020204,
                0.0,
                0.9781144781144782,
                0.0,
                0.0016835016835016834,
                0.0
            ],
            [
                0.0,
                0.0,
                0.0,
                1.0,
                0.0,
                0.0
            ],
            [
                0.0,
                0.015280135823429542,
                0.09847198641765705,
                0.0,
                0.8862478777589134,
                0.0
            ],
            [
                0.0,
                0.0,
                0.0,
                0.0,
                0.0,
                1.0
            ]
        ],
        "confusion_matrix_labels": [
            "DoS/DDoS",
            "Info_Gathering",
            "Injection",
            "MITM",
            "Malware",
            "Normal"
        ],
        "round_time": 7.110331296920776,
        "round_start_time": 1771783617.5360277,
        "round_end_time": 1771783624.646359,
        "evaluate_time": 0.4388701915740967,
        "inference_time": 0.044046878814697266
    },
    "7": {
        "trees_by_client": 80,
        "first_server_serialise_trees_size": 66083,
        "fit_time": 1.0429768562316895,
        "client_serialise_trees_size": 2135198,
        "final_server_serialise_trees_size": 10469393,
        "f1_score": 0.9685433942481386,
        "mcc": 0.9539232719615606,
        "accuracy": 0.9635348226018396,
        "precision": 0.9713487529193995,
        "recall": 0.967576825930506,
        "confusion_matrix": [
            [
                0.9883966244725738,
                0.0,
                0.011603375527426161,
                0.0,
                0.0,
                0.0
            ],
            [
                0.012195121951219513,
                0.9560975609756097,
                0.01707317073170732,
                0.0,
                0.014634146341463415,
                0.0
            ],
            [
                0.020202020202020204,
                0.0,
                0.9781144781144782,
                0.0,
                0.0016835016835016834,
                0.0
            ],
            [
                0.0,
                0.0,
                0.0,
                1.0,
                0.0,
                0.0
            ],
            [
                0.0,
                0.015280135823429542,
                0.10186757215619695,
                0.0,
                0.8828522920203735,
                0.0
            ],
            [
                0.0,
                0.0,
                0.0,
                0.0,
                0.0,
                1.0
            ]
        ],
        "confusion_matrix_labels": [
            "DoS/DDoS",
            "Info_Gathering",
            "Injection",
            "MITM",
            "Malware",
            "Normal"
        ],
        "round_time": 7.879499435424805,
        "round_start_time": 1771783639.81797,
        "round_end_time": 1771783647.6974695,
        "evaluate_time": 0.4117405414581299,
        "inference_time": 0.057010650634765625
    },
    "8": {
        "trees_by_client": 90,
        "first_server_serialise_trees_size": 75506,
        "fit_time": 1.2739918231964111,
        "client_serialise_trees_size": 2417096,
        "final_server_serialise_trees_size": 11948646,
        "f1_score": 0.9688262170219085,
        "mcc": 0.9543268867525233,
        "accuracy": 0.9638633377135348,
        "precision": 0.9715762584789022,
        "recall": 0.9678597914087176,
        "confusion_matrix": [
            [
                0.9883966244725738,
                0.0,
                0.011603375527426161,
                0.0,
                0.0,
                0.0
            ],
            [
                0.012195121951219513,
                0.9560975609756097,
                0.01707317073170732,
                0.0,
                0.014634146341463415,
                0.0
            ],
            [
                0.020202020202020204,
                0.0,
                0.9781144781144782,
                0.0,
                0.0016835016835016834,
                0.0
            ],
            [
                0.0,
                0.0,
                0.0,
                1.0,
                0.0,
                0.0
            ],
            [
                0.0,
                0.015280135823429542,
                0.100169779286927,
                0.0,
                0.8845500848896435,
                0.0
            ],
            [
                0.0,
                0.0,
                0.0,
                0.0,
                0.0,
                1.0
            ]
        ],
        "confusion_matrix_labels": [
            "DoS/DDoS",
            "Info_Gathering",
            "Injection",
            "MITM",
            "Malware",
            "Normal"
        ],
        "round_time": 8.628930807113647,
        "round_start_time": 1771783662.855055,
        "round_end_time": 1771783671.483986,
        "evaluate_time": 0.47946834564208984,
        "inference_time": 0.10223960876464844
    },
    "9": {
        "trees_by_client": 100,
        "first_server_serialise_trees_size": 85017,
        "fit_time": 1.3861732482910156,
        "client_serialise_trees_size": 2684877,
        "final_server_serialise_trees_size": 13185110,
        "f1_score": 0.9688262170219085,
        "mcc": 0.9543268867525233,
        "accuracy": 0.9638633377135348,
        "precision": 0.9715762584789022,
        "recall": 0.9678597914087176,
        "confusion_matrix": [
            [
                0.9883966244725738,
                0.0,
                0.011603375527426161,
                0.0,
                0.0,
                0.0
            ],
            [
                0.012195121951219513,
                0.9560975609756097,
                0.01707317073170732,
                0.0,
                0.014634146341463415,
                0.0
            ],
            [
                0.020202020202020204,
                0.0,
                0.9781144781144782,
                0.0,
                0.0016835016835016834,
                0.0
            ],
            [
                0.0,
                0.0,
                0.0,
                1.0,
                0.0,
                0.0
            ],
            [
                0.0,
                0.015280135823429542,
                0.100169779286927,
                0.0,
                0.8845500848896435,
                0.0
            ],
            [
                0.0,
                0.0,
                0.0,
                0.0,
                0.0,
                1.0
            ]
        ],
        "confusion_matrix_labels": [
            "DoS/DDoS",
            "Info_Gathering",
            "Injection",
            "MITM",
            "Malware",
            "Normal"
        ],
        "round_time": 10.470609664916992,
        "round_start_time": 1771783686.694963,
        "round_end_time": 1771783697.1655726,
        "evaluate_time": 0.26160717010498047,
        "inference_time": 0.032491445541381836
    },
    "10": {
        "trees_by_client": 110,
        "first_server_serialise_trees_size": 94613,
        "fit_time": 1.1980857849121094,
        "client_serialise_trees_size": 2912505,
        "final_server_serialise_trees_size": 14462897,
        "f1_score": 0.9688963384921946,
        "mcc": 0.9543203953764277,
        "accuracy": 0.9638633377135348,
        "precision": 0.9715773189859201,
        "recall": 0.9679669481668167,
        "confusion_matrix": [
            [
                0.9873417721518988,
                0.0,
                0.012658227848101266,
                0.0,
                0.0,
                0.0
            ],
            [
                0.012195121951219513,
                0.9560975609756097,
                0.01707317073170732,
                0.0,
                0.014634146341463415,
                0.0
            ],
            [
                0.020202020202020204,
                0.0,
                0.9781144781144782,
                0.0,
                0.0016835016835016834,
                0.0
            ],
            [
                0.0,
                0.0,
                0.0,
                1.0,
                0.0,
                0.0
            ],
            [
                0.0,
                0.015280135823429542,
                0.09847198641765705,
                0.0,
                0.8862478777589134,
                0.0
            ],
            [
                0.0,
                0.0,
                0.0,
                0.0,
                0.0,
                1.0
            ]
        ],
        "confusion_matrix_labels": [
            "DoS/DDoS",
            "Info_Gathering",
            "Injection",
            "MITM",
            "Malware",
            "Normal"
        ],
        "round_time": 9.586225986480713,
        "round_start_time": 1771783712.2519722,
        "round_end_time": 1771783721.8381982,
        "evaluate_time": 0.6106274127960205,
        "inference_time": 0.08231186866760254
    },
    "11": {
        "trees_by_client": 120,
        "first_server_serialise_trees_size": 104004,
        "fit_time": 1.4303858280181885,
        "client_serialise_trees_size": 3271562,
        "final_server_serialise_trees_size": 15867846,
        "f1_score": 0.9685273137495232,
        "mcc": 0.9539054603116329,
        "accuracy": 0.9635348226018396,
        "precision": 0.9713954966845687,
        "recall": 0.9674532873436769,
        "confusion_matrix": [
            [
                0.9883966244725738,
                0.0,
                0.011603375527426161,
                0.0,
                0.0,
                0.0
            ],
            [
                0.014634146341463415,
                0.9536585365853658,
                0.01707317073170732,
                0.0,
                0.014634146341463415,
                0.0
            ],
            [
                0.020202020202020204,
                0.0,
                0.9781144781144782,
                0.0,
                0.0016835016835016834,
                0.0
            ],
            [
                0.0,
                0.0,
                0.0,
                1.0,
                0.0,
                0.0
            ],
            [
                0.0,
                0.015280135823429542,
                0.100169779286927,
                0.0,
                0.8845500848896435,
                0.0
            ],
            [
                0.0,
                0.0,
                0.0,
                0.0,
                0.0,
                1.0
            ]
        ],
        "confusion_matrix_labels": [
            "DoS/DDoS",
            "Info_Gathering",
            "Injection",
            "MITM",
            "Malware",
            "Normal"
        ],
        "round_time": 10.954107999801636,
        "round_start_time": 1771783737.0189567,
        "round_end_time": 1771783747.9730647,
        "evaluate_time": 0.5790526866912842,
        "inference_time": 0.07142519950866699
    },
    "12": {
        "trees_by_client": 130,
        "first_server_serialise_trees_size": 113416,
        "fit_time": 1.2346739768981934,
        "client_serialise_trees_size": 3465119,
        "final_server_serialise_trees_size": 17425310,
        "f1_score": 0.9680322730700107,
        "mcc": 0.9530915840209376,
        "accuracy": 0.9628777923784494,
        "precision": 0.9709420622211518,
        "recall": 0.9669945131453527,
        "confusion_matrix": [
            [
                0.9873417721518988,
                0.0,
                0.012658227848101266,
                0.0,
                0.0,
                0.0
            ],
            [
                0.014634146341463415,
                0.9536585365853658,
                0.01707317073170732,
                0.0,
                0.014634146341463415,
                0.0
            ],
            [
                0.020202020202020204,
                0.0,
                0.9781144781144782,
                0.0,
                0.0016835016835016834,
                0.0
            ],
            [
                0.0,
                0.0,
                0.0,
                1.0,
                0.0,
                0.0
            ],
            [
                0.0,
                0.015280135823429542,
                0.10186757215619695,
                0.0,
                0.8828522920203735,
                0.0
            ],
            [
                0.0,
                0.0,
                0.0,
                0.0,
                0.0,
                1.0
            ]
        ],
        "confusion_matrix_labels": [
            "DoS/DDoS",
            "Info_Gathering",
            "Injection",
            "MITM",
            "Malware",
            "Normal"
        ],
        "round_time": 11.544498443603516,
        "round_start_time": 1771783763.1650686,
        "round_end_time": 1771783774.709567,
        "evaluate_time": 0.4726841449737549,
        "inference_time": 0.07209539413452148
    },
    "13": {
        "trees_by_client": 140,
        "first_server_serialise_trees_size": 123628,
        "fit_time": 1.70849609375,
        "client_serialise_trees_size": 3745136,
        "final_server_serialise_trees_size": 18590080,
        "f1_score": 0.9685433942481386,
        "mcc": 0.9539232719615606,
        "accuracy": 0.9635348226018396,
        "precision": 0.9713487529193995,
        "recall": 0.967576825930506,
        "confusion_matrix": [
            [
                0.9883966244725738,
                0.0,
                0.011603375527426161,
                0.0,
                0.0,
                0.0
            ],
            [
                0.012195121951219513,
                0.9560975609756097,
                0.01707317073170732,
                0.0,
                0.014634146341463415,
                0.0
            ],
            [
                0.020202020202020204,
                0.0,
                0.9781144781144782,
                0.0,
                0.0016835016835016834,
                0.0
            ],
            [
                0.0,
                0.0,
                0.0,
                1.0,
                0.0,
                0.0
            ],
            [
                0.0,
                0.015280135823429542,
                0.10186757215619695,
                0.0,
                0.8828522920203735,
                0.0
            ],
            [
                0.0,
                0.0,
                0.0,
                0.0,
                0.0,
                1.0
            ]
        ],
        "confusion_matrix_labels": [
            "DoS/DDoS",
            "Info_Gathering",
            "Injection",
            "MITM",
            "Malware",
            "Normal"
        ],
        "round_time": 13.657155990600586,
        "round_start_time": 1771783789.9059737,
        "round_end_time": 1771783803.5631297,
        "evaluate_time": 0.34349822998046875,
        "inference_time": 0.04372549057006836
    },
    "14": {
        "trees_by_client": 150,
        "first_server_serialise_trees_size": 131453,
        "fit_time": 1.4686861038208008,
        "client_serialise_trees_size": 4031151,
        "final_server_serialise_trees_size": 19675828,
        "f1_score": 0.9688262170219085,
        "mcc": 0.9543268867525233,
        "accuracy": 0.9638633377135348,
        "precision": 0.9715762584789022,
        "recall": 0.9678597914087176,
        "confusion_matrix": [
            [
                0.9883966244725738,
                0.0,
                0.011603375527426161,
                0.0,
                0.0,
                0.0
            ],
            [
                0.012195121951219513,
                0.9560975609756097,
                0.01707317073170732,
                0.0,
                0.014634146341463415,
                0.0
            ],
            [
                0.020202020202020204,
                0.0,
                0.9781144781144782,
                0.0,
                0.0016835016835016834,
                0.0
            ],
            [
                0.0,
                0.0,
                0.0,
                1.0,
                0.0,
                0.0
            ],
            [
                0.0,
                0.015280135823429542,
                0.100169779286927,
                0.0,
                0.8845500848896435,
                0.0
            ],
            [
                0.0,
                0.0,
                0.0,
                0.0,
                0.0,
                1.0
            ]
        ],
        "confusion_matrix_labels": [
            "DoS/DDoS",
            "Info_Gathering",
            "Injection",
            "MITM",
            "Malware",
            "Normal"
        ],
        "round_time": 11.96368408203125,
        "round_start_time": 1771783818.6540086,
        "round_end_time": 1771783830.6176927,
        "evaluate_time": 0.7555704116821289,
        "inference_time": 0.0766444206237793
    },
    "15": {
        "trees_by_client": 160,
        "first_server_serialise_trees_size": 141657,
        "fit_time": 2.1786625385284424,
        "client_serialise_trees_size": 4188772,
        "final_server_serialise_trees_size": 21160140,
        "f1_score": 0.9688262170219085,
        "mcc": 0.9543268867525233,
        "accuracy": 0.9638633377135348,
        "precision": 0.9715762584789022,
        "recall": 0.9678597914087176,
        "confusion_matrix": [
            [
                0.9883966244725738,
                0.0,
                0.011603375527426161,
                0.0,
                0.0,
                0.0
            ],
            [
                0.012195121951219513,
                0.9560975609756097,
                0.01707317073170732,
                0.0,
                0.014634146341463415,
                0.0
            ],
            [
                0.020202020202020204,
                0.0,
                0.9781144781144782,
                0.0,
                0.0016835016835016834,
                0.0
            ],
            [
                0.0,
                0.0,
                0.0,
                1.0,
                0.0,
                0.0
            ],
            [
                0.0,
                0.015280135823429542,
                0.100169779286927,
                0.0,
                0.8845500848896435,
                0.0
            ],
            [
                0.0,
                0.0,
                0.0,
                0.0,
                0.0,
                1.0
            ]
        ],
        "confusion_matrix_labels": [
            "DoS/DDoS",
            "Info_Gathering",
            "Injection",
            "MITM",
            "Malware",
            "Normal"
        ],
        "round_time": 13.948237895965576,
        "round_start_time": 1771783845.8150382,
        "round_end_time": 1771783859.763276,
        "evaluate_time": 0.5113012790679932,
        "inference_time": 0.06353926658630371
    },
    "16": {
        "trees_by_client": 170,
        "first_server_serialise_trees_size": 150750,
        "fit_time": 1.6304032802581787,
        "client_serialise_trees_size": 4509933,
        "final_server_serialise_trees_size": 22569413,
        "f1_score": 0.9688262170219085,
        "mcc": 0.9543268867525233,
        "accuracy": 0.9638633377135348,
        "precision": 0.9715762584789022,
        "recall": 0.9678597914087176,
        "confusion_matrix": [
            [
                0.9883966244725738,
                0.0,
                0.011603375527426161,
                0.0,
                0.0,
                0.0
            ],
            [
                0.012195121951219513,
                0.9560975609756097,
                0.01707317073170732,
                0.0,
                0.014634146341463415,
                0.0
            ],
            [
                0.020202020202020204,
                0.0,
                0.9781144781144782,
                0.0,
                0.0016835016835016834,
                0.0
            ],
            [
                0.0,
                0.0,
                0.0,
                1.0,
                0.0,
                0.0
            ],
            [
                0.0,
                0.015280135823429542,
                0.100169779286927,
                0.0,
                0.8845500848896435,
                0.0
            ],
            [
                0.0,
                0.0,
                0.0,
                0.0,
                0.0,
                1.0
            ]
        ],
        "confusion_matrix_labels": [
            "DoS/DDoS",
            "Info_Gathering",
            "Injection",
            "MITM",
            "Malware",
            "Normal"
        ],
        "round_time": 15.17445969581604,
        "round_start_time": 1771783874.9058833,
        "round_end_time": 1771783890.080343,
        "evaluate_time": 0.6212642192840576,
        "inference_time": 0.060997724533081055
    },
    "17": {
        "trees_by_client": 180,
        "first_server_serialise_trees_size": 160974,
        "fit_time": 2.505157947540283,
        "client_serialise_trees_size": 4834317,
        "final_server_serialise_trees_size": 23784881,
        "f1_score": 0.9685433942481386,
        "mcc": 0.9539232719615606,
        "accuracy": 0.9635348226018396,
        "precision": 0.9713487529193995,
        "recall": 0.967576825930506,
        "confusion_matrix": [
            [
                0.9883966244725738,
                0.0,
                0.011603375527426161,
                0.0,
                0.0,
                0.0
            ],
            [
                0.012195121951219513,
                0.9560975609756097,
                0.01707317073170732,
                0.0,
                0.014634146341463415,
                0.0
            ],
            [
                0.020202020202020204,
                0.0,
                0.9781144781144782,
                0.0,
                0.0016835016835016834,
                0.0
            ],
            [
                0.0,
                0.0,
                0.0,
                1.0,
                0.0,
                0.0
            ],
            [
                0.0,
                0.015280135823429542,
                0.10186757215619695,
                0.0,
                0.8828522920203735,
                0.0
            ],
            [
                0.0,
                0.0,
                0.0,
                0.0,
                0.0,
                1.0
            ]
        ],
        "confusion_matrix_labels": [
            "DoS/DDoS",
            "Info_Gathering",
            "Injection",
            "MITM",
            "Malware",
            "Normal"
        ],
        "round_time": 15.673379898071289,
        "round_start_time": 1771783905.2179585,
        "round_end_time": 1771783920.8913383,
        "evaluate_time": 0.7848575115203857,
        "inference_time": 0.11847543716430664
    },
    "18": {
        "trees_by_client": 190,
        "first_server_serialise_trees_size": 171095,
        "fit_time": 2.3130342960357666,
        "client_serialise_trees_size": 5042270,
        "final_server_serialise_trees_size": 24941632,
        "f1_score": 0.9688262170219085,
        "mcc": 0.9543268867525233,
        "accuracy": 0.9638633377135348,
        "precision": 0.9715762584789022,
        "recall": 0.9678597914087176,
        "confusion_matrix": [
            [
                0.9883966244725738,
                0.0,
                0.011603375527426161,
                0.0,
                0.0,
                0.0
            ],
            [
                0.012195121951219513,
                0.9560975609756097,
                0.01707317073170732,
                0.0,
                0.014634146341463415,
                0.0
            ],
            [
                0.020202020202020204,
                0.0,
                0.9781144781144782,
                0.0,
                0.0016835016835016834,
                0.0
            ],
            [
                0.0,
                0.0,
                0.0,
                1.0,
                0.0,
                0.0
            ],
            [
                0.0,
                0.015280135823429542,
                0.100169779286927,
                0.0,
                0.8845500848896435,
                0.0
            ],
            [
                0.0,
                0.0,
                0.0,
                0.0,
                0.0,
                1.0
            ]
        ],
        "confusion_matrix_labels": [
            "DoS/DDoS",
            "Info_Gathering",
            "Injection",
            "MITM",
            "Malware",
            "Normal"
        ],
        "round_time": 16.18589186668396,
        "round_start_time": 1771783936.0779474,
        "round_end_time": 1771783952.2638392,
        "evaluate_time": 0.823845624923706,
        "inference_time": 0.11420965194702148
    },
    "19": {
        "trees_by_client": 200,
        "first_server_serialise_trees_size": 179098,
        "fit_time": 2.5664126873016357,
        "client_serialise_trees_size": 5297910,
        "final_server_serialise_trees_size": 26095457,
        "f1_score": 0.9688262170219085,
        "mcc": 0.9543268867525233,
        "accuracy": 0.9638633377135348,
        "precision": 0.9715762584789022,
        "recall": 0.9678597914087176,
        "confusion_matrix": [
            [
                0.9883966244725738,
                0.0,
                0.011603375527426161,
                0.0,
                0.0,
                0.0
            ],
            [
                0.012195121951219513,
                0.9560975609756097,
                0.01707317073170732,
                0.0,
                0.014634146341463415,
                0.0
            ],
            [
                0.020202020202020204,
                0.0,
                0.9781144781144782,
                0.0,
                0.0016835016835016834,
                0.0
            ],
            [
                0.0,
                0.0,
                0.0,
                1.0,
                0.0,
                0.0
            ],
            [
                0.0,
                0.015280135823429542,
                0.100169779286927,
                0.0,
                0.8845500848896435,
                0.0
            ],
            [
                0.0,
                0.0,
                0.0,
                0.0,
                0.0,
                1.0
            ]
        ],
        "confusion_matrix_labels": [
            "DoS/DDoS",
            "Info_Gathering",
            "Injection",
            "MITM",
