{
    "1": {
        "fit_time": 1.238316535949707,
        "train_loss": 2.249788756250601,
        "num_train_samples": 12175,
        "model_param_count": 7078,
        "model_size_bytes": 28312,
        "epochs": 5,
        "batch_size": 64,
        "learning_rate": 0.001,
        "round_start_time": 1772052409.6731343,
        "target_labels": [
            "0",
            "1",
            "2",
            "3",
            "4",
            "5"
        ],
        "input_features": 74,
        "output_classes": 6,
        "evaluate_time": 0.021918535232543945,
        "inference_time": 0.021917343139648438,
        "test_loss": 0.3621129347366353,
        "accuracy": 0.8183311432325887,
        "precision": 0.8403409375050662,
        "recall": 0.8183311432325887,
        "f1_score": 0.820357812567708,
        "mcc": 0.7722750123644115,
        "confusion_matrix": [
            [
                0.8231578947368421,
                0.0968421052631579,
                0.07473684210526316,
                0.0,
                0.005263157894736842,
                0.0
            ],
            [
                0.23425692695214106,
                0.6851385390428212,
                0.07052896725440806,
                0.0,
                0.010075566750629723,
                0.0
            ],
            [
                0.0642504118616145,
                0.039538714991762765,
                0.8962108731466227,
                0.0,
                0.0,
                0.0
            ],
            [
                0.0,
                0.0,
                0.0,
                1.0,
                0.0,
                0.0
            ],
            [
                0.0,
                0.025396825396825397,
                0.2873015873015873,
                0.0,
                0.6873015873015873,
                0.0
            ],
            [
                0.0,
                0.0,
                0.0,
                0.0,
                0.0,
                1.0
            ]
        ],
        "confusion_matrix_labels": [
            "0",
            "1",
            "2",
            "3",
            "4",
            "5"
        ],
        "num_test_samples": 3044,
        "round_end_time": 1772052411.4446774,
        "round_time": 0.021918535232543945
    },
    "2": {
        "fit_time": 1.2353787422180176,
        "train_loss": 1.7094967215188475,
        "num_train_samples": 12175,
        "model_param_count": 7078,
        "model_size_bytes": 28312,
        "epochs": 5,
        "batch_size": 64,
        "learning_rate": 0.001,
        "round_start_time": 1772052411.8860407,
        "target_labels": [
            "0",
            "1",
            "2",
            "3",
            "4",
            "5"
        ],
        "input_features": 74,
        "output_classes": 6,
        "evaluate_time": 0.024591445922851562,
        "inference_time": 0.024590492248535156,
        "test_loss": 0.33722419447403856,
        "accuracy": 0.8432982917214192,
        "precision": 0.8696843033927969,
        "recall": 0.8432982917214192,
        "f1_score": 0.846465406604025,
        "mcc": 0.8058889602838268,
        "confusion_matrix": [
            [
                0.8273684210526315,
                0.09473684210526316,
                0.07789473684210527,
                0.0,
                0.0,
                0.0
            ],
            [
                0.11083123425692695,
                0.8035264483627204,
                0.07808564231738035,
                0.0,
                0.007556675062972292,
                0.0
            ],
            [
                0.03789126853377265,
                0.039538714991762765,
                0.9192751235584844,
                0.0,
                0.0032948929159802307,
                0.0
            ],
            [
                0.0,
                0.0,
                0.0,
                1.0,
                0.0,
                0.0
            ],
            [
                0.0,
                0.022222222222222223,
                0.273015873015873,
                0.0,
                0.7047619047619048,
                0.0
            ],
            [
                0.0,
                0.0,
                0.0,
                0.0,
                0.0,
                1.0
            ]
        ],
        "confusion_matrix_labels": [
            "0",
            "1",
            "2",
            "3",
            "4",
            "5"
        ],
        "num_test_samples": 3044,
        "round_end_time": 1772052415.8737648,
        "round_time": 0.024591445922851562
    },
    "3": {
        "fit_time": 1.2122266292572021,
        "train_loss": 1.579787856790809,
        "num_train_samples": 12175,
        "model_param_count": 7078,
        "model_size_bytes": 28312,
        "epochs": 5,
        "batch_size": 64,
        "learning_rate": 0.001,
        "round_start_time": 1772052416.3592827,
        "target_labels": [
            "0",
            "1",
            "2",
            "3",
            "4",
            "5"
        ],
        "input_features": 74,
        "output_classes": 6,
        "evaluate_time": 0.017976999282836914,
        "inference_time": 0.01797652244567871,
        "test_loss": 0.30732608381928034,
        "accuracy": 0.8557818659658344,
        "precision": 0.8860293473048587,
        "recall": 0.8557818659658344,
        "f1_score": 0.8592961150020217,
        "mcc": 0.8231527547608902,
        "confusion_matrix": [
            [
                0.828421052631579,
                0.09368421052631579,
                0.07789473684210527,
                0.0,
                0.0,
                0.0
            ],
            [
                0.022670025188916875,
                0.8916876574307305,
                0.07808564231738035,
                0.0,
                0.007556675062972292,
                0.0
            ],
            [
                0.03789126853377265,
                0.039538714991762765,
                0.9225700164744646,
                0.0,
                0.0,
                0.0
            ],
            [
                0.0,
                0.0,
                0.0,
                1.0,
                0.0,
                0.0
            ],
            [
                0.0,
                0.020634920634920634,
                0.2746031746031746,
                0.0,
                0.7047619047619048,
                0.0
            ],
            [
                0.0,
                0.0,
                0.0,
                0.0,
                0.0,
                1.0
            ]
        ],
        "confusion_matrix_labels": [
            "0",
            "1",
            "2",
            "3",
            "4",
            "5"
        ],
        "num_test_samples": 3044,
        "round_end_time": 1772052420.5185452,
        "round_time": 0.017976999282836914
    },
    "4": {
        "fit_time": 1.236889123916626,
        "train_loss": 1.4604806945676432,
        "num_train_samples": 12175,
        "model_param_count": 7078,
        "model_size_bytes": 28312,
        "epochs": 5,
        "batch_size": 64,
        "learning_rate": 0.001,
        "round_start_time": 1772052422.1175706,
        "target_labels": [
            "0",
            "1",
            "2",
            "3",
            "4",
            "5"
        ],
        "input_features": 74,
        "output_classes": 6,
        "evaluate_time": 0.01990365982055664,
        "inference_time": 0.019902706146240234,
        "test_loss": 0.2921806565643767,
        "accuracy": 0.8547963206307491,
        "precision": 0.8784876096580212,
        "recall": 0.8547963206307491,
        "f1_score": 0.85726395839194,
        "mcc": 0.8198946989568371,
        "confusion_matrix": [
            [
                0.8547368421052631,
                0.06736842105263158,
                0.07789473684210527,
                0.0,
                0.0,
                0.0
            ],
            [
                0.10327455919395466,
                0.8085642317380353,
                0.07808564231738035,
                0.0,
                0.010075566750629723,
                0.0
            ],
            [
                0.03789126853377265,
                0.029654036243822075,
                0.929159802306425,
                0.0,
                0.0032948929159802307,
                0.0
            ],
            [
                0.0,
                0.0,
                0.0,
                1.0,
                0.0,
                0.0
            ],
            [
                0.009523809523809525,
                0.011111111111111112,
                0.273015873015873,
                0.0,
                0.7063492063492064,
                0.0
            ],
            [
                0.0,
                0.0,
                0.0,
                0.0,
                0.0,
                1.0
            ]
        ],
        "confusion_matrix_labels": [
            "0",
            "1",
            "2",
            "3",
            "4",
            "5"
        ],
        "num_test_samples": 3044,
        "round_end_time": 1772052424.6150556,
        "round_time": 0.01990365982055664
    },
    "5": {
        "fit_time": 1.2308268547058105,
        "train_loss": 1.4235698808181947,
        "num_train_samples": 12175,
        "model_param_count": 7078,
        "model_size_bytes": 28312,
        "epochs": 5,
        "batch_size": 64,
        "learning_rate": 0.001,
        "round_start_time": 1772052425.0566907,
        "target_labels": [
            "0",
            "1",
            "2",
            "3",
            "4",
            "5"
        ],
        "input_features": 74,
        "output_classes": 6,
        "evaluate_time": 0.017716407775878906,
        "inference_time": 0.0177156925201416,
        "test_loss": 0.28939379902456186,
        "accuracy": 0.8580814717477004,
        "precision": 0.8814624426535728,
        "recall": 0.8580814717477004,
        "f1_score": 0.8601328944495574,
        "mcc": 0.8239990110014133,
        "confusion_matrix": [
            [
                0.8642105263157894,
                0.05789473684210526,
                0.07789473684210527,
                0.0,
                0.0,
                0.0
            ],
            [
                0.12090680100755667,
                0.7959697732997482,
                0.07808564231738035,
                0.0,
                0.005037783375314861,
                0.0
            ],
            [
                0.03789126853377265,
                0.018121911037891267,
                0.9406919275123559,
                0.0,
                0.0032948929159802307,
                0.0
            ],
            [
                0.0,
                0.0,
                0.0,
                1.0,
                0.0,
                0.0
            ],
            [
                0.011111111111111112,
                0.011111111111111112,
                0.273015873015873,
                0.0,
                0.7047619047619048,
                0.0
            ],
            [
                0.0,
                0.0,
                0.0,
                0.0,
                0.0,
                1.0
            ]
        ],
        "confusion_matrix_labels": [
            "0",
            "1",
            "2",
            "3",
            "4",
            "5"
        ],
        "num_test_samples": 3044,
        "round_end_time": 1772052429.2114503,
        "round_time": 0.017716407775878906
    },
    "6": {
        "fit_time": 1.1941990852355957,
        "train_loss": 1.4068734555812341,
        "num_train_samples": 12175,
        "model_param_count": 7078,
        "model_size_bytes": 28312,
        "epochs": 5,
        "batch_size": 64,
        "learning_rate": 0.001,
        "round_start_time": 1772052429.3825128,
        "target_labels": [
            "0",
            "1",
            "2",
            "3",
            "4",
            "5"
        ],
        "input_features": 74,
        "output_classes": 6,
        "evaluate_time": 0.0271909236907959,
        "inference_time": 0.027190208435058594,
        "test_loss": 0.287095730392441,
        "accuracy": 0.8603810775295664,
        "precision": 0.8908563648158591,
        "recall": 0.8603810775295664,
        "f1_score": 0.8634544788583101,
        "mcc": 0.8295076328787834,
        "confusion_matrix": [
            [
                0.8242105263157895,
                0.09789473684210526,
                0.07789473684210527,
                0.0,
                0.0,
                0.0
            ],
            [
                0.007556675062972292,
                0.9093198992443325,
                0.07808564231738035,
                0.0,
                0.005037783375314861,
                0.0
            ],
            [
                0.03789126853377265,
                0.018121911037891267,
                0.9406919275123559,
                0.0,
                0.0032948929159802307,
                0.0
            ],
            [
                0.0,
                0.0,
                0.0,
                1.0,
                0.0,
                0.0
            ],
            [
                0.0,
                0.022222222222222223,
                0.273015873015873,
                0.0,
                0.7047619047619048,
                0.0
            ],
            [
                0.0,
                0.0,
                0.0,
                0.0,
                0.0,
                1.0
            ]
        ],
        "confusion_matrix_labels": [
            "0",
            "1",
            "2",
            "3",
            "4",
            "5"
        ],
        "num_test_samples": 3044,
        "round_end_time": 1772052433.2196465,
        "round_time": 0.0271909236907959
    },
    "7": {
        "fit_time": 1.2304785251617432,
        "train_loss": 1.4033071145617253,
        "num_train_samples": 12175,
        "model_param_count": 7078,
        "model_size_bytes": 28312,
        "epochs": 5,
        "batch_size": 64,
        "learning_rate": 0.001,
        "round_start_time": 1772052435.1672804,
        "target_labels": [
            "0",
            "1",
            "2",
            "3",
            "4",
            "5"
        ],
        "input_features": 74,
        "output_classes": 6,
        "evaluate_time": 0.025232553482055664,
        "inference_time": 0.02523183822631836,
        "test_loss": 0.2853037931915965,
        "accuracy": 0.8580814717477004,
        "precision": 0.8807061842367218,
        "recall": 0.8580814717477004,
        "f1_score": 0.8593161903375588,
        "mcc": 0.8233473383658755,
        "confusion_matrix": [
            [
                0.8905263157894737,
                0.031578947368421054,
                0.07789473684210527,
                0.0,
                0.0,
                0.0
            ],
            [
                0.18639798488664988,
                0.7304785894206549,
                0.07808564231738035,
                0.0,
                0.005037783375314861,
                0.0
            ],
            [
                0.03789126853377265,
                0.018121911037891267,
                0.9406919275123559,
                0.0,
                0.0032948929159802307,
                0.0
            ],
            [
                0.0,
                0.0,
                0.0,
                1.0,
                0.0,
                0.0
            ],
            [
                0.012698412698412698,
                0.007936507936507936,
                0.273015873015873,
                0.0,
                0.7063492063492064,
                0.0
            ],
            [
                0.0,
                0.0,
                0.0,
                0.0,
                0.0,
                1.0
            ]
        ],
        "confusion_matrix_labels": [
            "0",
            "1",
            "2",
            "3",
            "4",
            "5"
        ],
        "num_test_samples": 3044,
        "round_end_time": 1772052437.5679748,
        "round_time": 0.025232553482055664
    },
    "8": {
        "fit_time": 1.2685410976409912,
        "train_loss": 1.3932824942598108,
        "num_train_samples": 12175,
        "model_param_count": 7078,
        "model_size_bytes": 28312,
        "epochs": 5,
        "batch_size": 64,
        "learning_rate": 0.001,
        "round_start_time": 1772052438.0114126,
        "target_labels": [
            "0",
            "1",
            "2",
            "3",
            "4",
            "5"
        ],
        "input_features": 74,
        "output_classes": 6,
        "evaluate_time": 0.025444746017456055,
        "inference_time": 0.025443315505981445,
        "test_loss": 0.2843492512203234,
        "accuracy": 0.8584099868593955,
        "precision": 0.8813295915677639,
        "recall": 0.8584099868593955,
        "f1_score": 0.8605216416590304,
        "mcc": 0.8241055509883704,
        "confusion_matrix": [
            [
                0.8726315789473684,
                0.049473684210526316,
                0.07789473684210527,
                0.0,
                0.0,
                0.0
            ],
            [
                0.12846347607052896,
                0.7884130982367759,
                0.07808564231738035,
                0.0,
                0.005037783375314861,
                0.0
            ],
            [
                0.03789126853377265,
                0.026359143327841845,
                0.9324546952224053,
                0.0,
                0.0032948929159802307,
                0.0
            ],
            [
                0.0,
                0.0,
                0.0,
                1.0,
                0.0,
                0.0
            ],
            [
                0.009523809523809525,
                0.011111111111111112,
                0.273015873015873,
                0.0,
                0.7063492063492064,
                0.0
            ],
            [
                0.0,
                0.0,
                0.0,
                0.0,
                0.0,
                1.0
            ]
        ],
        "confusion_matrix_labels": [
            "0",
            "1",
            "2",
            "3",
            "4",
            "5"
        ],
        "num_test_samples": 3044,
        "round_end_time": 1772052441.9030225,
        "round_time": 0.025444746017456055
    },
    "9": {
        "fit_time": 1.2086403369903564,
        "train_loss": 1.382997578039796,
        "num_train_samples": 12175,
        "model_param_count": 7078,
        "model_size_bytes": 28312,
        "epochs": 5,
        "batch_size": 64,
        "learning_rate": 0.001,
        "round_start_time": 1772052442.344926,
        "target_labels": [
            "0",
            "1",
            "2",
            "3",
            "4",
            "5"
        ],
        "input_features": 74,
        "output_classes": 6,
        "evaluate_time": 0.01950240135192871,
        "inference_time": 0.019501447677612305,
        "test_loss": 0.2817986748143345,
        "accuracy": 0.8620236530880421,
        "precision": 0.8914174051736382,
        "recall": 0.8620236530880421,
        "f1_score": 0.8650033588884614,
        "mcc": 0.8312735408120787,
        "confusion_matrix": [
            [
                0.8294736842105264,
                0.09263157894736843,
                0.07789473684210527,
                0.0,
                0.0,
                0.0
            ],
            [
                0.010075566750629723,
                0.906801007556675,
                0.07808564231738035,
                0.0,
                0.005037783375314861,
                0.0
            ],
            [
                0.03789126853377265,
                0.018121911037891267,
                0.9406919275123559,
                0.0,
                0.0032948929159802307,
                0.0
            ],
            [
                0.0,
                0.0,
                0.0,
                1.0,
                0.0,
                0.0
            ],
            [
                0.0031746031746031746,
                0.01746031746031746,
                0.273015873015873,
                0.0,
                0.7063492063492064,
                0.0
            ],
            [
                0.0,
                0.0,
                0.0,
                0.0,
                0.0,
                1.0
            ]
        ],
        "confusion_matrix_labels": [
            "0",
            "1",
            "2",
            "3",
            "4",
            "5"
        ],
        "num_test_samples": 3044,
        "round_end_time": 1772052446.175862,
        "round_time": 0.01950240135192871
    },
    "10": {
        "fit_time": 1.2246272563934326,
        "train_loss": 1.3746669824962987,
        "num_train_samples": 12175,
        "model_param_count": 7078,
        "model_size_bytes": 28312,
        "epochs": 5,
        "batch_size": 64,
        "learning_rate": 0.001,
        "round_start_time": 1772052446.6589086,
        "target_labels": [
            "0",
            "1",
            "2",
            "3",
            "4",
            "5"
        ],
        "input_features": 74,
        "output_classes": 6,
        "evaluate_time": 0.019129514694213867,
        "inference_time": 0.019129037857055664,
        "test_loss": 0.28115963254432325,
        "accuracy": 0.8616951379763469,
        "precision": 0.8914021170138607,
        "recall": 0.8616951379763469,
        "f1_score": 0.8646954081657302,
        "mcc": 0.8309639292202559,
        "confusion_matrix": [
            [
                0.8273684210526315,
                0.09473684210526316,
                0.07789473684210527,
                0.0,
                0.0,
                0.0
            ],
            [
                0.007556675062972292,
                0.9093198992443325,
                0.07808564231738035,
                0.0,
                0.005037783375314861,
                0.0
            ],
            [
                0.03789126853377265,
                0.018121911037891267,
                0.9406919275123559,
                0.0,
                0.0032948929159802307,
                0.0
            ],
            [
                0.0,
                0.0,
                0.0,
                1.0,
                0.0,
                0.0
            ],
            [
                0.0031746031746031746,
                0.01746031746031746,
                0.273015873015873,
                0.0,
                0.7063492063492064,
                0.0
            ],
            [
                0.0,
                0.0,
                0.0,
                0.0,
                0.0,
                1.0
            ]
        ],
        "confusion_matrix_labels": [
            "0",
            "1",
            "2",
            "3",
            "4",
            "5"
        ],
        "num_test_samples": 3044,
        "round_end_time": 1772052450.6694837,
        "round_time": 0.019129514694213867
    },
    "11": {
        "fit_time": 2.1137607097625732,
        "train_loss": 1.3608850698959412,
        "num_train_samples": 12175,
        "model_param_count": 7078,
        "model_size_bytes": 28312,
        "epochs": 5,
        "batch_size": 64,
        "learning_rate": 0.001,
        "round_start_time": 1772052450.9645634,
        "target_labels": [
            "0",
            "1",
            "2",
            "3",
            "4",
            "5"
        ],
        "input_features": 74,
        "output_classes": 6,
        "evaluate_time": 0.021509170532226562,
        "inference_time": 0.021508455276489258,
        "test_loss": 0.27906951335663865,
        "accuracy": 0.8607095926412615,
        "precision": 0.8841530227557342,
        "recall": 0.8607095926412615,
        "f1_score": 0.8618290597339455,
        "mcc": 0.8266813364394829,
        "confusion_matrix": [
            [
                0.9010526315789473,
                0.021052631578947368,
                0.07789473684210527,
                0.0,
                0.0,
                0.0
            ],
            [
                0.19143576826196473,
                0.72544080604534,
                0.07808564231738035,
                0.0,
                0.005037783375314861,
                0.0
            ],
            [
                0.03789126853377265,
                0.018121911037891267,
                0.9406919275123559,
                0.0,
                0.0032948929159802307,
                0.0
            ],
            [
                0.0,
                0.0,
                0.0,
                1.0,
                0.0,
                0.0
            ],
            [
                0.01904761904761905,
                0.0015873015873015873,
                0.273015873015873,
                0.0,
                0.7063492063492064,
                0.0
            ],
            [
                0.0,
                0.0,
                0.0,
                0.0,
                0.0,
                1.0
            ]
        ],
        "confusion_matrix_labels": [
            "0",
            "1",
            "2",
            "3",
            "4",
            "5"
        ],
        "num_test_samples": 3044,
        "round_end_time": 1772052455.6486242,
        "round_time": 0.021509170532226562
    },
    "12": {
        "fit_time": 0.9396634101867676,
        "train_loss": 1.3532444750099946,
        "num_train_samples": 12175,
        "model_param_count": 7078,
        "model_size_bytes": 28312,
        "epochs": 5,
        "batch_size": 64,
        "learning_rate": 0.001,
        "round_start_time": 1772052458.8342555,
        "target_labels": [
            "0",
            "1",
            "2",
            "3",
            "4",
            "5"
        ],
        "input_features": 74,
        "output_classes": 6,
        "evaluate_time": 0.020461559295654297,
        "inference_time": 0.020459890365600586,
        "test_loss": 0.27762143746625423,
        "accuracy": 0.8613666228646518,
        "precision": 0.8906534165417891,
        "recall": 0.8613666228646518,
        "f1_score": 0.864296874777289,
        "mcc": 0.8304326332999865,
        "confusion_matrix": [
            [
                0.8273684210526315,
                0.09473684210526316,
                0.07789473684210527,
                0.0,
                0.0,
                0.0
            ],
            [
                0.010075566750629723,
                0.906801007556675,
                0.07808564231738035,
                0.0,
                0.005037783375314861,
                0.0
            ],
            [
                0.03789126853377265,
                0.018121911037891267,
                0.9406919275123559,
                0.0,
                0.0032948929159802307,
                0.0
            ],
            [
                0.0,
                0.0,
                0.0,
                1.0,
                0.0,
                0.0
            ],
            [
                0.006349206349206349,
                0.014285714285714285,
                0.273015873015873,
                0.0,
                0.7063492063492064,
                0.0
            ],
            [
                0.0,
                0.0,
                0.0,
                0.0,
                0.0,
                1.0
            ]
        ],
        "confusion_matrix_labels": [
            "0",
            "1",
            "2",
            "3",
            "4",
            "5"
        ],
        "num_test_samples": 3044,
        "round_end_time": 1772052459.947789,
        "round_time": 0.020461559295654297
    },
    "13": {
        "fit_time": 1.215012550354004,
        "train_loss": 1.348666032525793,
        "num_train_samples": 12175,
        "model_param_count": 7078,
        "model_size_bytes": 28312,
        "epochs": 5,
        "batch_size": 64,
        "learning_rate": 0.001,
        "round_start_time": 1772052460.4640915,
        "target_labels": [
            "0",
            "1",
            "2",
            "3",
            "4",
            "5"
        ],
        "input_features": 74,
        "output_classes": 6,
        "evaluate_time": 0.024033546447753906,
        "inference_time": 0.0240328311920166,
        "test_loss": 0.2741483426438681,
        "accuracy": 0.8610381077529566,
        "precision": 0.890375926117655,
        "recall": 0.8610381077529566,
        "f1_score": 0.8639960201075244,
        "mcc": 0.8300121795439405,
        "confusion_matrix": [
            [
                0.8273684210526315,
                0.09473684210526316,
                0.07789473684210527,
                0.0,
                0.0,
                0.0
            ],
            [
                0.012594458438287154,
                0.9042821158690176,
                0.07808564231738035,
                0.0,
                0.005037783375314861,
                0.0
            ],
            [
                0.03789126853377265,
                0.018121911037891267,
                0.9406919275123559,
                0.0,
                0.0032948929159802307,
                0.0
            ],
            [
                0.0,
                0.0,
                0.0,
                1.0,
                0.0,
                0.0
            ],
            [
                0.004761904761904762,
                0.015873015873015872,
                0.273015873015873,
                0.0,
                0.7063492063492064,
                0.0
            ],
            [
                0.0,
                0.0,
                0.0,
                0.0,
                0.0,
                1.0
            ]
        ],
        "confusion_matrix_labels": [
            "0",
            "1",
            "2",
            "3",
            "4",
            "5"
        ],
        "num_test_samples": 3044,
        "round_end_time": 1772052464.51809,
        "round_time": 0.024033546447753906
    },
    "14": {
        "fit_time": 1.2500486373901367,
        "train_loss": 1.3389587598971762,
        "num_train_samples": 12175,
        "model_param_count": 7078,
        "model_size_bytes": 28312,
        "epochs": 5,
        "batch_size": 64,
        "learning_rate": 0.001,
        "round_start_time": 1772052464.8472588,
        "target_labels": [
            "0",
            "1",
            "2",
            "3",
            "4",
            "5"
        ],
        "input_features": 74,
        "output_classes": 6,
        "evaluate_time": 0.019414186477661133,
        "inference_time": 0.019413471221923828,
        "test_loss": 0.2748136164011059,
        "accuracy": 0.8600525624178712,
        "precision": 0.887470311808449,
        "recall": 0.8600525624178712,
        "f1_score": 0.8628327134879864,
        "mcc": 0.8280944223250832,
        "confusion_matrix": [
            [
                0.8347368421052631,
                0.08736842105263158,
                0.07789473684210527,
                0.0,
                0.0,
                0.0
            ],
            [
                0.037783375314861464,
                0.8790931989924433,
                0.07808564231738035,
                0.0,
                0.005037783375314861,
                0.0
            ],
            [
                0.03789126853377265,
                0.018121911037891267,
                0.9406919275123559,
                0.0,
                0.0032948929159802307,
                0.0
            ],
            [
                0.0,
                0.0,
                0.0,
                1.0,
                0.0,
                0.0
            ],
            [
                0.007936507936507936,
                0.012698412698412698,
                0.273015873015873,
                0.0,
                0.7063492063492064,
                0.0
            ],
            [
                0.0,
                0.0,
                0.0,
                0.0,
                0.0,
                1.0
            ]
        ],
        "confusion_matrix_labels": [
            "0",
            "1",
            "2",
            "3",
            "4",
            "5"
        ],
        "num_test_samples": 3044,
        "round_end_time": 1772052468.8535707,
        "round_time": 0.019414186477661133
    },
    "15": {
        "fit_time": 1.211895227432251,
        "train_loss": 1.3256788813872014,
        "num_train_samples": 12175,
        "model_param_count": 7078,
        "model_size_bytes": 28312,
        "epochs": 5,
        "batch_size": 64,
        "learning_rate": 0.001,
        "round_start_time": 1772052470.5482059,
        "target_labels": [
            "0",
            "1",
            "2",
            "3",
            "4",
            "5"
        ],
        "input_features": 74,
        "output_classes": 6,
        "evaluate_time": 0.017061233520507812,
        "inference_time": 0.017060518264770508,
        "test_loss": 0.27559064125027827,
        "accuracy": 0.8620236530880421,
        "precision": 0.8916261761671238,
        "recall": 0.8620236530880421,
        "f1_score": 0.8650160252564333,
        "mcc": 0.83134716796129,
        "confusion_matrix": [
            [
                0.828421052631579,
                0.09368421052631579,
                0.07789473684210527,
                0.0,
                0.0,
                0.0
            ],
            [
                0.007556675062972292,
                0.9093198992443325,
                0.07808564231738035,
                0.0,
                0.005037783375314861,
                0.0
            ],
            [
                0.03789126853377265,
                0.018121911037891267,
                0.9406919275123559,
                0.0,
                0.0032948929159802307,
                0.0
            ],
            [
                0.0,
                0.0,
                0.0,
                1.0,
                0.0,
                0.0
            ],
            [
                0.0031746031746031746,
                0.01746031746031746,
                0.273015873015873,
                0.0,
                0.7063492063492064,
                0.0
            ],
            [
                0.0,
                0.0,
                0.0,
                0.0,
                0.0,
                1.0
            ]
        ],
        "confusion_matrix_labels": [
            "0",
            "1",
            "2",
            "3",
            "4",
            "5"
        ],
        "num_test_samples": 3044,
        "round_end_time": 1772052473.514354,
        "round_time": 0.017061233520507812
    },
    "16": {
        "fit_time": 1.2411038875579834,
        "train_loss": 1.3216492869403573,
        "num_train_samples": 12175,
        "model_param_count": 7078,
        "model_size_bytes": 28312,
        "epochs": 5,
        "batch_size": 64,
        "learning_rate": 0.001,
        "round_start_time": 1772052475.116248,
        "target_labels": [
            "0",
            "1",
            "2",
            "3",
            "4",
            "5"
        ],
        "input_features": 74,
        "output_classes": 6,
        "evaluate_time": 0.02877664566040039,
        "inference_time": 0.028775930404663086,
        "test_loss": 0.2708961593180542,
        "accuracy": 0.8613666228646518,
        "precision": 0.8912033986492903,
        "recall": 0.8613666228646518,
        "f1_score": 0.8644292914659535,
        "mcc": 0.8305835681093655,
        "confusion_matrix": [
            [
                0.8273684210526315,
                0.09473684210526316,
                0.07789473684210527,
                0.0,
                0.0,
                0.0
            ],
            [
                0.007556675062972292,
                0.906801007556675,
                0.07808564231738035,
                0.0,
                0.007556675062972292,
                0.0
            ],
            [
                0.03789126853377265,
                0.018121911037891267,
                0.9406919275123559,
                0.0,
                0.0032948929159802307,
                0.0
            ],
            [
                0.0,
                0.0,
                0.0,
                1.0,
                0.0,
                0.0
            ],
            [
                0.0,
                0.020634920634920634,
                0.273015873015873,
                0.0,
                0.7063492063492064,
                0.0
            ],
            [
                0.0,
                0.0,
                0.0,
                0.0,
                0.0,
                1.0
            ]
        ],
        "confusion_matrix_labels": [
            "0",
            "1",
            "2",
            "3",
            "4",
            "5"
        ],
        "num_test_samples": 3044,
        "round_end_time": 1772052477.646164,
        "round_time": 0.02877664566040039
    },
    "17": {
        "fit_time": 1.2434279918670654,
        "train_loss": 1.3140685827408973,
        "num_train_samples": 12175,
        "model_param_count": 7078,
        "model_size_bytes": 28312,
        "epochs": 5,
        "batch_size": 64,
        "learning_rate": 0.001,
        "round_start_time": 1772052478.097508,
        "target_labels": [
            "0",
            "1",
            "2",
            "3",
            "4",
            "5"
        ],
        "input_features": 74,
        "output_classes": 6,
        "evaluate_time": 0.024735450744628906,
        "inference_time": 0.0247347354888916,
        "test_loss": 0.2724786735043106,
        "accuracy": 0.8636662286465178,
        "precision": 0.8923379842791607,
        "recall": 0.8636662286465178,
        "f1_score": 0.8666616985131207,
        "mcc": 0.8331839767023512,
        "confusion_matrix": [
            [
                0.828421052631579,
                0.09368421052631579,
                0.07789473684210527,
                0.0,
                0.0,
                0.0
            ],
            [
                0.007556675062972292,
                0.9093198992443325,
                0.07808564231738035,
                0.0,
                0.005037783375314861,
                0.0
            ],
            [
                0.03789126853377265,
                0.018121911037891267,
                0.9406919275123559,
                0.0,
                0.0032948929159802307,
                0.0
            ],
            [
                0.0,
                0.0,
                0.0,
                1.0,
                0.0,
                0.0
            ],
            [
                0.004761904761904762,
                0.014285714285714285,
                0.26666666666666666,
                0.0,
                0.7142857142857143,
                0.0
            ],
            [
                0.0,
                0.0,
                0.0,
                0.0,
                0.0,
                1.0
            ]
        ],
        "confusion_matrix_labels": [
            "0",
            "1",
            "2",
            "3",
            "4",
            "5"
        ],
        "num_test_samples": 3044,
        "round_end_time": 1772052482.0518026,
        "round_time": 0.024735450744628906
    },
    "18": {
        "fit_time": 1.6556379795074463,
        "train_loss": 1.3062790942192077,
        "num_train_samples": 12175,
        "model_param_count": 7078,
        "model_size_bytes": 28312,
        "epochs": 5,
        "batch_size": 64,
        "learning_rate": 0.001,
        "round_start_time": 1772052482.5851226,
        "target_labels": [
            "0",
            "1",
