{
    "0": {
        "trees_by_client": 10,
        "first_server_serialise_trees_size": 9443,
        "fit_time": 0.053499460220336914,
        "client_serialise_trees_size": 203198,
        "final_server_serialise_trees_size": 1008920,
        "f1_score": 0.9713668270851853,
        "mcc": 0.9574566300492944,
        "accuracy": 0.966491458607096,
        "precision": 0.9725641701214033,
        "recall": 0.9714860276898215,
        "confusion_matrix": [
            [
                0.9853556485355649,
                0.005230125523012552,
                0.009414225941422594,
                0.0,
                0.0,
                0.0
            ],
            [
                0.017766497461928935,
                0.9746192893401016,
                0.0025380710659898475,
                0.0,
                0.005076142131979695,
                0.0
            ],
            [
                0.022727272727272728,
                0.003246753246753247,
                0.974025974025974,
                0.0,
                0.0,
                0.0
            ],
            [
                0.0,
                0.0,
                0.0,
                1.0,
                0.0,
                0.0
            ],
            [
                0.0,
                0.022033898305084745,
                0.08305084745762711,
                0.0,
                0.8949152542372881,
                0.0
            ],
            [
                0.0,
                0.0,
                0.0,
                0.0,
                0.0,
                1.0
            ]
        ],
        "confusion_matrix_labels": [
            "DoS/DDoS",
            "Info_Gathering",
            "Injection",
            "MITM",
            "Malware",
            "Normal"
        ],
        "round_time": 11.859785318374634,
        "round_start_time": 1764807395.203174,
        "round_end_time": 1764807407.0629594,
        "evaluate_time": 0.21254372596740723,
        "inference_time": 0.012228012084960938
    },
    "1": {
        "trees_by_client": 20,
        "first_server_serialise_trees_size": 9569,
        "fit_time": 0.13661432266235352,
        "client_serialise_trees_size": 391002,
        "final_server_serialise_trees_size": 1958004,
        "f1_score": 0.9725711118784647,
        "mcc": 0.9591564519597865,
        "accuracy": 0.9678055190538765,
        "precision": 0.9733250697023651,
        "recall": 0.9731780750671479,
        "confusion_matrix": [
            [
                0.9853556485355649,
                0.005230125523012552,
                0.009414225941422594,
                0.0,
                0.0,
                0.0
            ],
            [
                0.007614213197969543,
                0.9847715736040609,
                0.0025380710659898475,
                0.0,
                0.005076142131979695,
                0.0
            ],
            [
                0.022727272727272728,
                0.003246753246753247,
                0.974025974025974,
                0.0,
                0.0,
                0.0
            ],
            [
                0.0,
                0.0,
                0.0,
                1.0,
                0.0,
                0.0
            ],
            [
                0.0,
                0.022033898305084745,
                0.08305084745762711,
                0.0,
                0.8949152542372881,
                0.0
            ],
            [
                0.0,
                0.0,
                0.0,
                0.0,
                0.0,
                1.0
            ]
        ],
        "confusion_matrix_labels": [
            "DoS/DDoS",
            "Info_Gathering",
            "Injection",
            "MITM",
            "Malware",
            "Normal"
        ],
        "round_time": 2.990879774093628,
        "round_start_time": 1764807425.1489656,
        "round_end_time": 1764807428.1398454,
        "evaluate_time": 0.21411466598510742,
        "inference_time": 0.019897937774658203
    },
    "2": {
        "trees_by_client": 30,
        "first_server_serialise_trees_size": 18985,
        "fit_time": 0.19861483573913574,
        "client_serialise_trees_size": 590663,
        "final_server_serialise_trees_size": 2968095,
        "f1_score": 0.9728417377653965,
        "mcc": 0.9595311774333253,
        "accuracy": 0.9681340341655716,
        "precision": 0.9740312791625984,
        "recall": 0.9728669870359293,
        "confusion_matrix": [
            [
                0.9884937238493724,
                0.0020920502092050207,
                0.009414225941422594,
                0.0,
                0.0,
                0.0
            ],
            [
                0.012690355329949238,
                0.9796954314720813,
                0.0025380710659898475,
                0.0,
                0.005076142131979695,
                0.0
            ],
            [
                0.022727272727272728,
                0.003246753246753247,
                0.9724025974025974,
                0.0,
                0.0016233766233766235,
                0.0
            ],
            [
                0.0,
                0.0,
                0.0,
                1.0,
                0.0,
                0.0
            ],
            [
                0.0,
                0.022033898305084745,
                0.08135593220338982,
                0.0,
                0.8966101694915254,
                0.0
            ],
            [
                0.0,
                0.0,
                0.0,
                0.0,
                0.0,
                1.0
            ]
        ],
        "confusion_matrix_labels": [
            "DoS/DDoS",
            "Info_Gathering",
            "Injection",
            "MITM",
            "Malware",
            "Normal"
        ],
        "round_time": 4.3165342807769775,
        "round_start_time": 1764807443.4274142,
        "round_end_time": 1764807447.7439485,
        "evaluate_time": 0.23762869834899902,
        "inference_time": 0.026959657669067383
    },
    "3": {
        "trees_by_client": 40,
        "first_server_serialise_trees_size": 28176,
        "fit_time": 0.29952406883239746,
        "client_serialise_trees_size": 762265,
        "final_server_serialise_trees_size": 3915415,
        "f1_score": 0.9722516281694277,
        "mcc": 0.9586876157374503,
        "accuracy": 0.9674770039421814,
        "precision": 0.9730748471216452,
        "recall": 0.9726264603593343,
        "confusion_matrix": [
            [
                0.9853556485355649,
                0.005230125523012552,
                0.009414225941422594,
                0.0,
                0.0,
                0.0
            ],
            [
                0.012690355329949238,
                0.9796954314720813,
                0.0025380710659898475,
                0.0,
                0.005076142131979695,
                0.0
            ],
            [
                0.022727272727272728,
                0.003246753246753247,
                0.9724025974025974,
                0.0,
                0.0016233766233766235,
                0.0
            ],
            [
                0.0,
                0.0,
                0.0,
                1.0,
                0.0,
                0.0
            ],
            [
                0.0,
                0.022033898305084745,
                0.07966101694915254,
                0.0,
                0.8983050847457628,
                0.0
            ],
            [
                0.0,
                0.0,
                0.0,
                0.0,
                0.0,
                1.0
            ]
        ],
        "confusion_matrix_labels": [
            "DoS/DDoS",
            "Info_Gathering",
            "Injection",
            "MITM",
            "Malware",
            "Normal"
        ],
        "round_time": 5.0270678997039795,
        "round_start_time": 1764807463.0314782,
        "round_end_time": 1764807468.058546,
        "evaluate_time": 0.3086545467376709,
        "inference_time": 0.03716564178466797
    },
    "4": {
        "trees_by_client": 50,
        "first_server_serialise_trees_size": 37782,
        "fit_time": 0.4422495365142822,
        "client_serialise_trees_size": 983643,
        "final_server_serialise_trees_size": 4906528,
        "f1_score": 0.9719920165770449,
        "mcc": 0.9582970284741754,
        "accuracy": 0.9671484888304862,
        "precision": 0.9727990966417309,
        "recall": 0.9724845004522535,
        "confusion_matrix": [
            [
                0.9853556485355649,
                0.005230125523012552,
                0.009414225941422594,
                0.0,
                0.0,
                0.0
            ],
            [
                0.01015228426395939,
                0.9822335025380711,
                0.0025380710659898475,
                0.0,
                0.005076142131979695,
                0.0
            ],
            [
                0.022727272727272728,
                0.003246753246753247,
                0.9724025974025974,
                0.0,
                0.0016233766233766235,
                0.0
            ],
            [
                0.0,
                0.0,
                0.0,
                1.0,
                0.0,
                0.0
            ],
            [
                0.0,
                0.022033898305084745,
                0.08305084745762711,
                0.0,
                0.8949152542372881,
                0.0
            ],
            [
                0.0,
                0.0,
                0.0,
                0.0,
                0.0,
                1.0
            ]
        ],
        "confusion_matrix_labels": [
            "DoS/DDoS",
            "Info_Gathering",
            "Injection",
            "MITM",
            "Malware",
            "Normal"
        ],
        "round_time": 5.914876222610474,
        "round_start_time": 1764807483.2914546,
        "round_end_time": 1764807489.2063308,
        "evaluate_time": 0.29491496086120605,
        "inference_time": 0.04053378105163574
    },
    "5": {
        "trees_by_client": 60,
        "first_server_serialise_trees_size": 47362,
        "fit_time": 0.6472618579864502,
        "client_serialise_trees_size": 1192701,
        "final_server_serialise_trees_size": 5831340,
        "f1_score": 0.9716894826304082,
        "mcc": 0.957898936134807,
        "accuracy": 0.966819973718791,
        "precision": 0.9727130058683958,
        "recall": 0.9720495655027785,
        "confusion_matrix": [
            [
                0.9853556485355649,
                0.005230125523012552,
                0.009414225941422594,
                0.0,
                0.0,
                0.0
            ],
            [
                0.012690355329949238,
                0.9796954314720813,
                0.0025380710659898475,
                0.0,
                0.005076142131979695,
                0.0
            ],
            [
                0.022727272727272728,
                0.003246753246753247,
                0.974025974025974,
                0.0,
                0.0,
                0.0
            ],
            [
                0.0,
                0.0,
                0.0,
                1.0,
                0.0,
                0.0
            ],
            [
                0.0,
                0.022033898305084745,
                0.0847457627118644,
                0.0,
                0.8932203389830509,
                0.0
            ],
            [
                0.0,
                0.0,
                0.0,
                0.0,
                0.0,
                1.0
            ]
        ],
        "confusion_matrix_labels": [
            "DoS/DDoS",
            "Info_Gathering",
            "Injection",
            "MITM",
            "Malware",
            "Normal"
        ],
        "round_time": 6.714531421661377,
        "round_start_time": 1764807504.5134711,
        "round_end_time": 1764807511.2280025,
        "evaluate_time": 0.32250237464904785,
        "inference_time": 0.042342424392700195
    },
    "6": {
        "trees_by_client": 70,
        "first_server_serialise_trees_size": 56173,
        "fit_time": 0.7717573642730713,
        "client_serialise_trees_size": 1340054,
        "final_server_serialise_trees_size": 6855329,
        "f1_score": 0.9725821366166266,
        "mcc": 0.9591385954129951,
        "accuracy": 0.9678055190538765,
        "precision": 0.9733822081623424,
        "recall": 0.9730818498140189,
        "confusion_matrix": [
            [
                0.9864016736401674,
                0.0041841004184100415,
                0.009414225941422594,
                0.0,
                0.0,
                0.0
            ],
            [
                0.007614213197969543,
                0.9847715736040609,
                0.0025380710659898475,
                0.0,
                0.005076142131979695,
                0.0
            ],
            [
                0.022727272727272728,
                0.003246753246753247,
                0.9724025974025974,
                0.0,
                0.0016233766233766235,
                0.0
            ],
            [
                0.0,
                0.0,
                0.0,
                1.0,
                0.0,
                0.0
            ],
            [
                0.0,
                0.022033898305084745,
                0.08305084745762711,
                0.0,
                0.8949152542372881,
                0.0
            ],
            [
                0.0,
                0.0,
                0.0,
                0.0,
                0.0,
                1.0
            ]
        ],
        "confusion_matrix_labels": [
            "DoS/DDoS",
            "Info_Gathering",
            "Injection",
            "MITM",
            "Malware",
            "Normal"
        ],
        "round_time": 8.137199878692627,
        "round_start_time": 1764807526.5135453,
        "round_end_time": 1764807534.6507452,
        "evaluate_time": 0.19756364822387695,
        "inference_time": 0.02251458168029785
    },
    "7": {
        "trees_by_client": 80,
        "first_server_serialise_trees_size": 66130,
        "fit_time": 0.6272618770599365,
        "client_serialise_trees_size": 1564626,
        "final_server_serialise_trees_size": 7767179,
        "f1_score": 0.9728214134983011,
        "mcc": 0.9595127143727695,
        "accuracy": 0.9681340341655716,
        "precision": 0.973703623211395,
        "recall": 0.9730832837524743,
        "confusion_matrix": [
            [
                0.9864016736401674,
                0.0041841004184100415,
                0.009414225941422594,
                0.0,
                0.0,
                0.0
            ],
            [
                0.012690355329949238,
                0.9796954314720813,
                0.0025380710659898475,
                0.0,
                0.005076142131979695,
                0.0
            ],
            [
                0.022727272727272728,
                0.003246753246753247,
                0.9724025974025974,
                0.0,
                0.0016233766233766235,
                0.0
            ],
            [
                0.0,
                0.0,
                0.0,
                1.0,
                0.0,
                0.0
            ],
            [
                0.0,
                0.022033898305084745,
                0.07796610169491526,
                0.0,
                0.9,
                0.0
            ],
            [
                0.0,
                0.0,
                0.0,
                0.0,
                0.0,
                1.0
            ]
        ],
        "confusion_matrix_labels": [
            "DoS/DDoS",
            "Info_Gathering",
            "Injection",
            "MITM",
            "Malware",
            "Normal"
        ],
        "round_time": 7.655019044876099,
        "round_start_time": 1764807549.7525744,
        "round_end_time": 1764807557.4075935,
        "evaluate_time": 0.4598820209503174,
        "inference_time": 0.04788374900817871
    },
    "8": {
        "trees_by_client": 90,
        "first_server_serialise_trees_size": 75661,
        "fit_time": 0.7021706104278564,
        "client_serialise_trees_size": 1768122,
        "final_server_serialise_trees_size": 8827254,
        "f1_score": 0.9719920165770449,
        "mcc": 0.9582970284741754,
        "accuracy": 0.9671484888304862,
        "precision": 0.9727990966417309,
        "recall": 0.9724845004522535,
        "confusion_matrix": [
            [
                0.9853556485355649,
                0.005230125523012552,
                0.009414225941422594,
                0.0,
                0.0,
                0.0
            ],
            [
                0.01015228426395939,
                0.9822335025380711,
                0.0025380710659898475,
                0.0,
                0.005076142131979695,
                0.0
            ],
            [
                0.022727272727272728,
                0.003246753246753247,
                0.9724025974025974,
                0.0,
                0.0016233766233766235,
                0.0
            ],
            [
                0.0,
                0.0,
                0.0,
                1.0,
                0.0,
                0.0
            ],
            [
                0.0,
                0.022033898305084745,
                0.08305084745762711,
                0.0,
                0.8949152542372881,
                0.0
            ],
            [
                0.0,
                0.0,
                0.0,
                0.0,
                0.0,
                1.0
            ]
        ],
        "confusion_matrix_labels": [
            "DoS/DDoS",
            "Info_Gathering",
            "Injection",
            "MITM",
            "Malware",
            "Normal"
        ],
        "round_time": 8.791773080825806,
        "round_start_time": 1764807572.6333852,
        "round_end_time": 1764807581.4251583,
        "evaluate_time": 0.4614102840423584,
        "inference_time": 0.07001638412475586
    },
    "9": {
        "trees_by_client": 100,
        "first_server_serialise_trees_size": 85124,
        "fit_time": 0.9579005241394043,
        "client_serialise_trees_size": 1953561,
        "final_server_serialise_trees_size": 9768733,
        "f1_score": 0.9737014718580045,
        "mcc": 0.9607957019250871,
        "accuracy": 0.9691195795006571,
        "precision": 0.9744150701848873,
        "recall": 0.9741998702117004,
        "confusion_matrix": [
            [
                0.9864016736401674,
                0.0041841004184100415,
                0.009414225941422594,
                0.0,
                0.0,
                0.0
            ],
            [
                0.007614213197969543,
                0.9847715736040609,
                0.0025380710659898475,
                0.0,
                0.005076142131979695,
                0.0
            ],
            [
                0.022727272727272728,
                0.003246753246753247,
                0.974025974025974,
                0.0,
                0.0,
                0.0
            ],
            [
                0.0,
                0.0,
                0.0,
                1.0,
                0.0,
                0.0
            ],
            [
                0.0,
                0.022033898305084745,
                0.07796610169491526,
                0.0,
                0.9,
                0.0
            ],
            [
                0.0,
                0.0,
                0.0,
                0.0,
                0.0,
                1.0
            ]
        ],
        "confusion_matrix_labels": [
            "DoS/DDoS",
            "Info_Gathering",
            "Injection",
            "MITM",
            "Malware",
            "Normal"
        ],
        "round_time": 9.965359210968018,
        "round_start_time": 1764807596.663509,
        "round_end_time": 1764807606.628868,
        "evaluate_time": 0.5391342639923096,
        "inference_time": 0.06841301918029785
    },
    "10": {
        "trees_by_client": 110,
        "first_server_serialise_trees_size": 94537,
        "fit_time": 0.9003236293792725,
        "client_serialise_trees_size": 2157352,
        "final_server_serialise_trees_size": 10828391,
        "f1_score": 0.9725619924202523,
        "mcc": 0.9591212706633399,
        "accuracy": 0.9678055190538765,
        "precision": 0.9734253871237178,
        "recall": 0.9729413238453936,
        "confusion_matrix": [
            [
                0.9864016736401674,
                0.0041841004184100415,
                0.009414225941422594,
                0.0,
                0.0,
                0.0
            ],
            [
                0.01015228426395939,
                0.9822335025380711,
                0.0025380710659898475,
                0.0,
                0.005076142131979695,
                0.0
            ],
            [
                0.022727272727272728,
                0.003246753246753247,
                0.9724025974025974,
                0.0,
                0.0016233766233766235,
                0.0
            ],
            [
                0.0,
                0.0,
                0.0,
                1.0,
                0.0,
                0.0
            ],
            [
                0.0,
                0.022033898305084745,
                0.08135593220338982,
                0.0,
                0.8966101694915254,
                0.0
            ],
            [
                0.0,
                0.0,
                0.0,
                0.0,
                0.0,
                1.0
            ]
        ],
        "confusion_matrix_labels": [
            "DoS/DDoS",
            "Info_Gathering",
            "Injection",
            "MITM",
            "Malware",
            "Normal"
        ],
        "round_time": 11.138161420822144,
        "round_start_time": 1764807621.9644432,
        "round_end_time": 1764807633.1026046,
        "evaluate_time": 0.5585615634918213,
        "inference_time": 0.04381728172302246
    },
    "11": {
        "trees_by_client": 120,
        "first_server_serialise_trees_size": 104110,
        "fit_time": 1.230510950088501,
        "client_serialise_trees_size": 2322245,
        "final_server_serialise_trees_size": 11707382,
        "f1_score": 0.9728312252927364,
        "mcc": 0.9595462539642297,
        "accuracy": 0.9681340341655716,
        "precision": 0.973598760249355,
        "recall": 0.9733200349742289,
        "confusion_matrix": [
            [
                0.9853556485355649,
                0.005230125523012552,
                0.009414225941422594,
                0.0,
                0.0,
                0.0
            ],
            [
                0.01015228426395939,
                0.9822335025380711,
                0.0025380710659898475,
                0.0,
                0.005076142131979695,
                0.0
            ],
            [
                0.022727272727272728,
                0.003246753246753247,
                0.974025974025974,
                0.0,
                0.0,
                0.0
            ],
            [
                0.0,
                0.0,
                0.0,
                1.0,
                0.0,
                0.0
            ],
            [
                0.0,
                0.022033898305084745,
                0.07966101694915254,
                0.0,
                0.8983050847457628,
                0.0
            ],
            [
                0.0,
                0.0,
                0.0,
                0.0,
                0.0,
                1.0
            ]
        ],
        "confusion_matrix_labels": [
            "DoS/DDoS",
            "Info_Gathering",
            "Injection",
            "MITM",
            "Malware",
            "Normal"
        ],
        "round_time": 12.02605152130127,
        "round_start_time": 1764807648.3485582,
        "round_end_time": 1764807660.3746097,
        "evaluate_time": 0.5582466125488281,
        "inference_time": 0.07412171363830566
    },
    "12": {
        "trees_by_client": 130,
        "first_server_serialise_trees_size": 113578,
        "fit_time": 1.097031831741333,
        "client_serialise_trees_size": 2531849,
        "final_server_serialise_trees_size": 12912000,
        "f1_score": 0.973122277748861,
        "mcc": 0.9599374172460792,
        "accuracy": 0.9684625492772667,
        "precision": 0.9738928867725453,
        "recall": 0.973506295596806,
        "confusion_matrix": [
            [
                0.9864016736401674,
                0.0041841004184100415,
                0.009414225941422594,
                0.0,
                0.0,
                0.0
            ],
            [
                0.01015228426395939,
                0.9822335025380711,
                0.0025380710659898475,
                0.0,
                0.005076142131979695,
                0.0
            ],
            [
                0.022727272727272728,
                0.003246753246753247,
                0.9724025974025974,
                0.0,
                0.0016233766233766235,
                0.0
            ],
            [
                0.0,
                0.0,
                0.0,
                1.0,
                0.0,
                0.0
            ],
            [
                0.0,
                0.022033898305084745,
                0.07796610169491526,
                0.0,
                0.9,
                0.0
            ],
            [
                0.0,
                0.0,
                0.0,
                0.0,
                0.0,
                1.0
            ]
        ],
        "confusion_matrix_labels": [
            "DoS/DDoS",
            "Info_Gathering",
            "Injection",
            "MITM",
            "Malware",
            "Normal"
        ],
        "round_time": 12.16173529624939,
        "round_start_time": 1764807675.7188694,
        "round_end_time": 1764807687.8806047,
        "evaluate_time": 0.6444473266601562,
        "inference_time": 0.09083056449890137
    },
    "13": {
        "trees_by_client": 140,
        "first_server_serialise_trees_size": 123405,
        "fit_time": 1.2872669696807861,
        "client_serialise_trees_size": 2741949,
        "final_server_serialise_trees_size": 13706284,
        "f1_score": 0.9731113518184228,
        "mcc": 0.959954164078942,
        "accuracy": 0.9684625492772667,
        "precision": 0.9738319586642757,
        "recall": 0.9736025208499351,
        "confusion_matrix": [
            [
                0.9853556485355649,
                0.005230125523012552,
                0.009414225941422594,
                0.0,
                0.0,
                0.0
            ],
            [
                0.01015228426395939,
                0.9822335025380711,
                0.0025380710659898475,
                0.0,
                0.005076142131979695,
                0.0
            ],
            [
                0.022727272727272728,
                0.003246753246753247,
                0.974025974025974,
                0.0,
                0.0,
                0.0
            ],
            [
                0.0,
                0.0,
                0.0,
                1.0,
                0.0,
                0.0
            ],
            [
                0.0,
                0.022033898305084745,
                0.07796610169491526,
                0.0,
                0.9,
                0.0
            ],
            [
                0.0,
                0.0,
                0.0,
                0.0,
                0.0,
                1.0
            ]
        ],
        "confusion_matrix_labels": [
            "DoS/DDoS",
            "Info_Gathering",
            "Injection",
            "MITM",
            "Malware",
            "Normal"
        ],
        "round_time": 13.01270055770874,
        "round_start_time": 1764807703.156446,
        "round_end_time": 1764807716.1691465,
        "evaluate_time": 0.32508206367492676,
        "inference_time": 0.042612314224243164
    },
    "14": {
        "trees_by_client": 150,
        "first_server_serialise_trees_size": 132878,
        "fit_time": 1.4175958633422852,
        "client_serialise_trees_size": 2946329,
        "final_server_serialise_trees_size": 14757245,
        "f1_score": 0.9725510132492059,
        "mcc": 0.9591385954129951,
        "accuracy": 0.9678055190538765,
        "precision": 0.9733662626434443,
        "recall": 0.9730375490985227,
        "confusion_matrix": [
            [
                0.9853556485355649,
                0.005230125523012552,
                0.009414225941422594,
                0.0,
                0.0,
                0.0
            ],
            [
                0.01015228426395939,
                0.9822335025380711,
                0.0025380710659898475,
                0.0,
                0.005076142131979695,
                0.0
            ],
            [
                0.022727272727272728,
                0.003246753246753247,
                0.974025974025974,
                0.0,
                0.0,
                0.0
            ],
            [
                0.0,
                0.0,
                0.0,
                1.0,
                0.0,
                0.0
            ],
            [
                0.0,
                0.022033898305084745,
                0.08135593220338982,
                0.0,
                0.8966101694915254,
                0.0
            ],
            [
                0.0,
                0.0,
                0.0,
                0.0,
                0.0,
                1.0
            ]
        ],
        "confusion_matrix_labels": [
            "DoS/DDoS",
            "Info_Gathering",
            "Injection",
            "MITM",
            "Malware",
            "Normal"
        ],
        "round_time": 12.62489628791809,
        "round_start_time": 1764807731.2845037,
        "round_end_time": 1764807743.9094,
        "evaluate_time": 0.759587287902832,
        "inference_time": 0.09041500091552734
    },
    "15": {
        "trees_by_client": 160,
        "first_server_serialise_trees_size": 141372,
        "fit_time": 1.5539612770080566,
        "client_serialise_trees_size": 3118633,
        "final_server_serialise_trees_size": 15826564,
        "f1_score": 0.9725604187945392,
        "mcc": 0.9591477763325816,
        "accuracy": 0.9678055190538765,
        "precision": 0.9735280510292488,
        "recall": 0.9729294007402501,
        "confusion_matrix": [
            [
                0.9864016736401674,
                0.0041841004184100415,
                0.009414225941422594,
                0.0,
                0.0,
                0.0
            ],
            [
                0.01015228426395939,
                0.9822335025380711,
                0.0025380710659898475,
                0.0,
                0.005076142131979695,
                0.0
            ],
            [
                0.022727272727272728,
                0.003246753246753247,
                0.974025974025974,
                0.0,
                0.0,
                0.0
            ],
            [
                0.0,
                0.0,
                0.0,
                1.0,
                0.0,
                0.0
            ],
            [
                0.0,
                0.022033898305084745,
                0.08305084745762711,
                0.0,
                0.8949152542372881,
                0.0
            ],
            [
                0.0,
                0.0,
                0.0,
                0.0,
                0.0,
                1.0
            ]
        ],
        "confusion_matrix_labels": [
            "DoS/DDoS",
            "Info_Gathering",
            "Injection",
            "MITM",
            "Malware",
            "Normal"
        ],
        "round_time": 14.812411308288574,
        "round_start_time": 1764807759.0884624,
        "round_end_time": 1764807773.9008737,
        "evaluate_time": 0.7932548522949219,
        "inference_time": 0.09919095039367676
    },
    "16": {
        "trees_by_client": 170,
        "first_server_serialise_trees_size": 151368,
        "fit_time": 1.5186097621917725,
        "client_serialise_trees_size": 3343945,
        "final_server_serialise_trees_size": 16619055,
        "f1_score": 0.973411045650006,
        "mcc": 0.960379856038565,
        "accuracy": 0.9687910643889619,
        "precision": 0.9743878579134527,
        "recall": 0.9736687100090964,
        "confusion_matrix": [
            [
                0.9874476987447699,
                0.0031380753138075313,
                0.009414225941422594,
                0.0,
                0.0,
                0.0
            ],
            [
                0.01015228426395939,
                0.9822335025380711,
                0.0025380710659898475,
                0.0,
                0.005076142131979695,
                0.0
            ],
            [
                0.022727272727272728,
                0.003246753246753247,
                0.974025974025974,
                0.0,
                0.0,
                0.0
            ],
            [
                0.0,
                0.0,
                0.0,
                1.0,
                0.0,
                0.0
            ],
            [
                0.0,
                0.022033898305084745,
                0.07966101694915254,
                0.0,
                0.8983050847457628,
                0.0
            ],
            [
                0.0,
                0.0,
                0.0,
                0.0,
                0.0,
                1.0
            ]
        ],
        "confusion_matrix_labels": [
            "DoS/DDoS",
            "Info_Gathering",
            "Injection",
            "MITM",
            "Malware",
            "Normal"
        ],
        "round_time": 15.380589485168457,
        "round_start_time": 1764807789.0904758,
        "round_end_time": 1764807804.4710653,
        "evaluate_time": 0.7555036544799805,
        "inference_time": 0.093536376953125
    },
    "17": {
        "trees_by_client": 180,
        "first_server_serialise_trees_size": 160349,
        "fit_time": 1.3123128414154053,
        "client_serialise_trees_size": 3514006,
        "final_server_serialise_trees_size": 17686587,
        "f1_score": 0.9731113518184228,
        "mcc": 0.959954164078942,
        "accuracy": 0.9684625492772667,
        "precision": 0.9738319586642757,
        "recall": 0.9736025208499351,
        "confusion_matrix": [
            [
                0.9853556485355649,
                0.005230125523012552,
                0.009414225941422594,
                0.0,
                0.0,
                0.0
            ],
            [
                0.01015228426395939,
                0.9822335025380711,
                0.0025380710659898475,
                0.0,
                0.005076142131979695,
                0.0
            ],
            [
                0.022727272727272728,
                0.003246753246753247,
                0.974025974025974,
                0.0,
                0.0,
                0.0
            ],
            [
                0.0,
                0.0,
                0.0,
                1.0,
                0.0,
                0.0
            ],
            [
                0.0,
                0.022033898305084745,
                0.07796610169491526,
                0.0,
                0.9,
                0.0
            ],
            [
                0.0,
                0.0,
                0.0,
                0.0,
                0.0,
                1.0
            ]
        ],
        "confusion_matrix_labels": [
            "DoS/DDoS",
            "Info_Gathering",
            "Injection",
            "MITM",
            "Malware",
            "Normal"
        ],
        "round_time": 17.026220560073853,
        "round_start_time": 1764807819.670496,
        "round_end_time": 1764807836.6967165,
        "evaluate_time": 0.8453254699707031,
        "inference_time": 0.08110356330871582
    },
    "18": {
        "trees_by_client": 190,
        "first_server_serialise_trees_size": 170688,
        "fit_time": 1.6628434658050537,
        "client_serialise_trees_size": 3752355,
        "final_server_serialise_trees_size": 18498369,
        "f1_score": 0.9731113518184228,
        "mcc": 0.959954164078942,
        "accuracy": 0.9684625492772667,
        "precision": 0.9738319586642757,
        "recall": 0.9736025208499351,
        "confusion_matrix": [
            [
                0.9853556485355649,
                0.005230125523012552,
                0.009414225941422594,
                0.0,
                0.0,
                0.0
            ],
            [
                0.01015228426395939,
                0.9822335025380711,
                0.0025380710659898475,
                0.0,
                0.005076142131979695,
                0.0
            ],
            [
                0.022727272727272728,
                0.003246753246753247,
                0.974025974025974,
                0.0,
                0.0,
                0.0
            ],
            [
                0.0,
                0.0,
                0.0,
                1.0,
                0.0,
                0.0
            ],
            [
                0.0,
                0.022033898305084745,
                0.07796610169491526,
                0.0,
                0.9,
                0.0
            ],
            [
                0.0,
                0.0,
                0.0,
                0.0,
                0.0,
                1.0
            ]
        ],
        "confusion_matrix_labels": [
            "DoS/DDoS",
            "Info_Gathering",
            "Injection",
            "MITM",
            "Malware",
            "Normal"
        ],
        "round_time": 16.26978325843811,
        "round_start_time": 1764807851.9264636,
        "round_end_time": 1764807868.1962469,
        "evaluate_time": 0.7485442161560059,
        "inference_time": 0.1014394760131836
    },
    "19": {
        "trees_by_client": 200,
        "first_server_serialise_trees_size": 179792,
        "fit_time": 1.654653787612915,
        "client_serialise_trees_size": 3871402,
        "final_server_serialise_trees_size": 19436517,
        "f1_score": 0.9725604187945392,
        "mcc": 0.9591477763325816,
        "accuracy": 0.9678055190538765,
        "precision": 0.9735280510292488,
        "recall": 0.9729294007402501,
        "confusion_matrix": [
            [
                0.9864016736401674,
                0.0041841004184100415,
                0.009414225941422594,
                0.0,
                0.0,
                0.0
            ],
            [
                0.01015228426395939,
                0.9822335025380711,
                0.0025380710659898475,
                0.0,
                0.005076142131979695,
                0.0
            ],
            [
                0.022727272727272728,
                0.003246753246753247,
                0.974025974025974,
                0.0,
                0.0,
                0.0
            ],
            [
                0.0,
                0.0,
                0.0,
                1.0,
                0.0,
                0.0
            ],
            [
                0.0,
                0.022033898305084745,
