{
    "0": {
        "trees_by_client": 10,
        "first_server_serialise_trees_size": 9473,
        "fit_time": 0.032251596450805664,
        "client_serialise_trees_size": 13457,
        "final_server_serialise_trees_size": 72790,
        "f1_score": 0.7204837784792636,
        "mcc": 0.6446258713924677,
        "accuracy": 0.7053219448094612,
        "precision": 0.8292153137035768,
        "recall": 0.7022478140952476,
        "confusion_matrix": [
            [
                0.5721757322175732,
                0.0,
                0.20397489539748953,
                0.0,
                0.22384937238493724,
                0.0
            ],
            [
                0.03299492385786802,
                0.3883248730964467,
                0.10406091370558376,
                0.0,
                0.4746192893401015,
                0.0
            ],
            [
                0.0016233766233766235,
                0.0,
                0.9642857142857143,
                0.0,
                0.03409090909090909,
                0.0
            ],
            [
                0.3333333333333333,
                0.0,
                0.0,
                0.6666666666666666,
                0.0,
                0.0
            ],
            [
                0.03898305084745763,
                0.0,
                0.3389830508474576,
                0.0,
                0.6220338983050847,
                0.0
            ],
            [
                0.0,
                0.0,
                0.0,
                0.0,
                0.0,
                1.0
            ]
        ],
        "round_time": 9.840026378631592,
        "round_start_time": 1764364705.621496,
        "round_end_time": 1764364715.4615223,
        "evaluate_time": 0.10310196876525879,
        "inference_time": 0.004056692123413086
    },
    "1": {
        "trees_by_client": 20,
        "first_server_serialise_trees_size": 9389,
        "fit_time": 0.14717316627502441,
        "client_serialise_trees_size": 28530,
        "final_server_serialise_trees_size": 145950,
        "f1_score": 0.7523536401603836,
        "mcc": 0.6984955350532126,
        "accuracy": 0.7542706964520368,
        "precision": 0.8476767139086655,
        "recall": 0.7313357570693064,
        "confusion_matrix": [
            [
                0.700836820083682,
                0.0,
                0.20397489539748953,
                0.0,
                0.09518828451882845,
                0.0
            ],
            [
                0.2436548223350254,
                0.39847715736040606,
                0.08629441624365482,
                0.0,
                0.2715736040609137,
                0.0
            ],
            [
                0.0,
                0.0,
                1.0,
                0.0,
                0.0,
                0.0
            ],
            [
                0.3333333333333333,
                0.0,
                0.0,
                0.6666666666666666,
                0.0,
                0.0
            ],
            [
                0.03898305084745763,
                0.0,
                0.3389830508474576,
                0.0,
                0.6220338983050847,
                0.0
            ],
            [
                0.0,
                0.0,
                0.0,
                0.0,
                0.0,
                1.0
            ]
        ],
        "round_time": 5.807471990585327,
        "round_start_time": 1764364730.572765,
        "round_end_time": 1764364736.380237,
        "evaluate_time": 0.09386110305786133,
        "inference_time": 0.0064580440521240234
    },
    "2": {
        "trees_by_client": 30,
        "first_server_serialise_trees_size": 18992,
        "fit_time": 0.07426738739013672,
        "client_serialise_trees_size": 41806,
        "final_server_serialise_trees_size": 203337,
        "f1_score": 0.7732654742925552,
        "mcc": 0.7003306094354536,
        "accuracy": 0.7555847568988173,
        "precision": 0.8485882609714905,
        "recall": 0.7609565973597245,
        "confusion_matrix": [
            [
                0.700836820083682,
                0.0,
                0.20397489539748953,
                0.0,
                0.09518828451882845,
                0.0
            ],
            [
                0.2436548223350254,
                0.41624365482233505,
                0.09137055837563451,
                0.0,
                0.24873096446700507,
                0.0
            ],
            [
                0.0016233766233766235,
                0.0,
                0.9983766233766234,
                0.0,
                0.0,
                0.0
            ],
            [
                0.16666666666666666,
                0.0,
                0.0,
                0.8333333333333334,
                0.0,
                0.0
            ],
            [
                0.03898305084745763,
                0.0,
                0.3440677966101695,
                0.0,
                0.6169491525423729,
                0.0
            ],
            [
                0.0,
                0.0,
                0.0,
                0.0,
                0.0,
                1.0
            ]
        ],
        "round_time": 2.7161803245544434,
        "round_start_time": 1764364751.4707072,
        "round_end_time": 1764364754.1868875,
        "evaluate_time": 0.21899127960205078,
        "inference_time": 0.01606011390686035
    },
    "3": {
        "trees_by_client": 40,
        "first_server_serialise_trees_size": 28380,
        "fit_time": 0.23025298118591309,
        "client_serialise_trees_size": 29249,
        "final_server_serialise_trees_size": 252319,
        "f1_score": 0.7497283427854479,
        "mcc": 0.6590595211764112,
        "accuracy": 0.7191195795006571,
        "precision": 0.8262186975907554,
        "recall": 0.7402571389687903,
        "confusion_matrix": [
            [
                0.600418410041841,
                0.0,
                0.20397489539748953,
                0.0,
                0.19560669456066945,
                0.0
            ],
            [
                0.07360406091370558,
                0.41624365482233505,
                0.09137055837563451,
                0.0,
                0.41878172588832485,
                0.0
            ],
            [
                0.0016233766233766235,
                0.011363636363636364,
                0.961038961038961,
                0.0,
                0.025974025974025976,
                0.0
            ],
            [
                0.16666666666666666,
                0.0,
                0.0,
                0.8333333333333334,
                0.0,
                0.0
            ],
            [
                0.03898305084745763,
                0.0,
                0.3305084745762712,
                0.0,
                0.6305084745762712,
                0.0
            ],
            [
                0.0,
                0.0,
                0.0,
                0.0,
                0.0,
                1.0
            ]
        ],
        "round_time": 4.111123323440552,
        "round_start_time": 1764364769.513654,
        "round_end_time": 1764364773.6247773,
        "evaluate_time": 0.3174586296081543,
        "inference_time": 0.017234086990356445
    },
    "4": {
        "trees_by_client": 50,
        "first_server_serialise_trees_size": 37682,
        "fit_time": 0.363206148147583,
        "client_serialise_trees_size": 69018,
        "final_server_serialise_trees_size": 349139,
        "f1_score": 0.7663751713032729,
        "mcc": 0.6885726421674998,
        "accuracy": 0.7477003942181341,
        "precision": 0.8422688028296501,
        "recall": 0.7535151784012704,
        "confusion_matrix": [
            [
                0.700836820083682,
                0.0,
                0.20397489539748953,
                0.0,
                0.09518828451882845,
                0.0
            ],
            [
                0.2436548223350254,
                0.39847715736040606,
                0.08629441624365482,
                0.0,
                0.2715736040609137,
                0.0
            ],
            [
                0.0,
                0.0,
                0.9545454545454546,
                0.0,
                0.045454545454545456,
                0.0
            ],
            [
                0.16666666666666666,
                0.0,
                0.0,
                0.8333333333333334,
                0.0,
                0.0
            ],
            [
                0.03898305084745763,
                0.0,
                0.3271186440677966,
                0.0,
                0.6338983050847458,
                0.0
            ],
            [
                0.0,
                0.0,
                0.0,
                0.0,
                0.0,
                1.0
            ]
        ],
        "round_time": 4.59998345375061,
        "round_start_time": 1764364788.9046497,
        "round_end_time": 1764364793.5046332,
        "evaluate_time": 0.22565460205078125,
        "inference_time": 0.020794391632080078
    },
    "5": {
        "trees_by_client": 60,
        "first_server_serialise_trees_size": 47452,
        "fit_time": 0.3746621608734131,
        "client_serialise_trees_size": 83613,
        "final_server_serialise_trees_size": 293326,
        "f1_score": 0.7452204290008391,
        "mcc": 0.647788400078614,
        "accuracy": 0.7066360052562418,
        "precision": 0.8301277142831788,
        "recall": 0.7530676870556509,
        "confusion_matrix": [
            [
                0.5836820083682008,
                0.0,
                0.20397489539748953,
                0.0,
                0.21234309623430964,
                0.0
            ],
            [
                0.0532994923857868,
                0.3147208121827411,
                0.19289340101522842,
                0.0,
                0.43908629441624364,
                0.0
            ],
            [
                0.0,
                0.00487012987012987,
                0.9691558441558441,
                0.0,
                0.025974025974025976,
                0.0
            ],
            [
                0.0,
                0.0,
                0.0,
                1.0,
                0.0,
                0.0
            ],
            [
                0.015254237288135594,
                0.0,
                0.3338983050847458,
                0.0,
                0.6508474576271186,
                0.0
            ],
            [
                0.0,
                0.0,
                0.0,
                0.0,
                0.0,
                1.0
            ]
        ],
        "round_time": 5.737689733505249,
        "round_start_time": 1764364808.7426894,
        "round_end_time": 1764364814.480379,
        "evaluate_time": 0.12840652465820312,
        "inference_time": 0.014658451080322266
    },
    "6": {
        "trees_by_client": 70,
        "first_server_serialise_trees_size": 56452,
        "fit_time": 0.22720837593078613,
        "client_serialise_trees_size": 57936,
        "final_server_serialise_trees_size": 406714,
        "f1_score": 0.6873518437347816,
        "mcc": 0.6016450263635292,
        "accuracy": 0.6727989487516426,
        "precision": 0.7075593668413444,
        "recall": 0.722998871330001,
        "confusion_matrix": [
            [
                0.5721757322175732,
                0.0,
                0.20502092050209206,
                0.0,
                0.22280334728033474,
                0.0
            ],
            [
                0.06091370558375635,
                0.2715736040609137,
                0.23604060913705585,
                0.005076142131979695,
                0.4263959390862944,
                0.0
            ],
            [
                0.0,
                0.06168831168831169,
                0.9383116883116883,
                0.0,
                0.0,
                0.0
            ],
            [
                0.0,
                0.0,
                0.0,
                1.0,
                0.0,
                0.0
            ],
            [
                0.04067796610169491,
                0.07288135593220339,
                0.3305084745762712,
                0.0,
                0.5559322033898305,
                0.0
            ],
            [
                0.0,
                0.0,
                0.0,
                0.0,
                0.0,
                1.0
            ]
        ],
        "round_time": 4.997107982635498,
        "round_start_time": 1764364829.5817792,
        "round_end_time": 1764364834.5788872,
        "evaluate_time": 0.2777440547943115,
        "inference_time": 0.00920724868774414
    },
    "7": {
        "trees_by_client": 80,
        "first_server_serialise_trees_size": 65873,
        "fit_time": 0.5859582424163818,
        "client_serialise_trees_size": 109865,
        "final_server_serialise_trees_size": 540721,
        "f1_score": 0.7683139360547369,
        "mcc": 0.6940565621056567,
        "accuracy": 0.75,
        "precision": 0.8452931978514733,
        "recall": 0.7569862391506157,
        "confusion_matrix": [
            [
                0.6872384937238494,
                0.0,
                0.20397489539748953,
                0.0,
                0.1087866108786611,
                0.0
            ],
            [
                0.22081218274111675,
                0.40609137055837563,
                0.10152284263959391,
                0.0,
                0.2715736040609137,
                0.0
            ],
            [
                0.0,
                0.0,
                1.0,
                0.0,
                0.0,
                0.0
            ],
            [
                0.16666666666666666,
                0.0,
                0.0,
                0.8333333333333334,
                0.0,
                0.0
            ],
            [
                0.03898305084745763,
                0.0,
                0.34576271186440677,
                0.0,
                0.6152542372881356,
                0.0
            ],
            [
                0.0,
                0.0,
                0.0,
                0.0,
                0.0,
                1.0
            ]
        ],
        "round_time": 6.699936389923096,
        "round_start_time": 1764364849.883683,
        "round_end_time": 1764364856.5836194,
        "evaluate_time": 0.3559539318084717,
        "inference_time": 0.04515242576599121
    },
    "8": {
        "trees_by_client": 90,
        "first_server_serialise_trees_size": 75139,
        "fit_time": 0.4587719440460205,
        "client_serialise_trees_size": 77112,
        "final_server_serialise_trees_size": 429367,
        "f1_score": 0.6987391922125997,
        "mcc": 0.6162259794645084,
        "accuracy": 0.6813403416557161,
        "precision": 0.7872433843741584,
        "recall": 0.700175667499312,
        "confusion_matrix": [
            [
                0.5721757322175732,
                0.0,
                0.20397489539748953,
                0.0,
                0.22384937238493724,
                0.0
            ],
            [
                0.03299492385786802,
                0.22588832487309646,
                0.2817258883248731,
                0.0,
                0.4593908629441624,
                0.0
            ],
            [
                0.0,
                0.04220779220779221,
                0.9577922077922078,
                0.0,
                0.0,
                0.0
            ],
            [
                0.16666666666666666,
                0.0,
                0.0,
                0.8333333333333334,
                0.0,
                0.0
            ],
            [
                0.03898305084745763,
                0.0,
                0.34915254237288135,
                0.0,
                0.611864406779661,
                0.0
            ],
            [
                0.0,
                0.0,
                0.0,
                0.0,
                0.0,
                1.0
            ]
        ],
        "round_time": 6.340961456298828,
        "round_start_time": 1764364871.8306916,
        "round_end_time": 1764364878.171653,
        "evaluate_time": 0.3013944625854492,
        "inference_time": 0.03727388381958008
    },
    "9": {
        "trees_by_client": 100,
        "first_server_serialise_trees_size": 84959,
        "fit_time": 1.082930326461792,
        "client_serialise_trees_size": 87335,
        "final_server_serialise_trees_size": 580687,
        "f1_score": 0.7719857600367729,
        "mcc": 0.6935996471199395,
        "accuracy": 0.7516425755584757,
        "precision": 0.8411009488487345,
        "recall": 0.7585674743229632,
        "confusion_matrix": [
            [
                0.700836820083682,
                0.0,
                0.20397489539748953,
                0.0,
                0.09518828451882845,
                0.0
            ],
            [
                0.23604060913705585,
                0.4289340101522843,
                0.07868020304568528,
                0.0,
                0.2563451776649746,
                0.0
            ],
            [
                0.0,
                0.006493506493506494,
                0.9577922077922078,
                0.0,
                0.03571428571428571,
                0.0
            ],
            [
                0.16666666666666666,
                0.0,
                0.0,
                0.8333333333333334,
                0.0,
                0.0
            ],
            [
                0.03898305084745763,
                0.0,
                0.3305084745762712,
                0.0,
                0.6305084745762712,
                0.0
            ],
            [
                0.0,
                0.0,
                0.0,
                0.0,
                0.0,
                1.0
            ]
        ],
        "round_time": 8.04386830329895,
        "round_start_time": 1764364893.4876575,
        "round_end_time": 1764364901.5315259,
        "evaluate_time": 0.27828025817871094,
        "inference_time": 0.033229827880859375
    },
    "10": {
        "trees_by_client": 110,
        "first_server_serialise_trees_size": 94626,
        "fit_time": 0.8838098049163818,
        "client_serialise_trees_size": 97290,
        "final_server_serialise_trees_size": 514979,
        "f1_score": 0.7195175776238268,
        "mcc": 0.6496670263310724,
        "accuracy": 0.7145203679369251,
        "precision": 0.7894463076497592,
        "recall": 0.7169177294819598,
        "confusion_matrix": [
            [
                0.6872384937238494,
                0.0,
                0.20397489539748953,
                0.0,
                0.1087866108786611,
                0.0
            ],
            [
                0.2436548223350254,
                0.22588832487309646,
                0.2817258883248731,
                0.0,
                0.24873096446700507,
                0.0
            ],
            [
                0.0,
                0.056818181818181816,
                0.9431818181818182,
                0.0,
                0.0,
                0.0
            ],
            [
                0.0,
                0.0,
                0.16666666666666666,
                0.8333333333333334,
                0.0,
                0.0
            ],
            [
                0.03898305084745763,
                0.0,
                0.34915254237288135,
                0.0,
                0.611864406779661,
                0.0
            ],
            [
                0.0,
                0.0,
                0.0,
                0.0,
                0.0,
                1.0
            ]
        ],
        "round_time": 7.342440128326416,
        "round_start_time": 1764364916.8266864,
        "round_end_time": 1764364924.1691265,
        "evaluate_time": 0.3266324996948242,
        "inference_time": 0.04121279716491699
    },
    "11": {
        "trees_by_client": 120,
        "first_server_serialise_trees_size": 104066,
        "fit_time": 0.9904437065124512,
        "client_serialise_trees_size": 106895,
        "final_server_serialise_trees_size": 840837,
        "f1_score": 0.774998905503244,
        "mcc": 0.702339355280622,
        "accuracy": 0.757227332457293,
        "precision": 0.8494118098542428,
        "recall": 0.7626381555703629,
        "confusion_matrix": [
            [
                0.700836820083682,
                0.0,
                0.20397489539748953,
                0.0,
                0.09518828451882845,
                0.0
            ],
            [
                0.2436548223350254,
                0.4213197969543147,
                0.08629441624365482,
                0.0,
                0.24873096446700507,
                0.0
            ],
            [
                0.0,
                0.0,
                1.0,
                0.0,
                0.0,
                0.0
            ],
            [
                0.16666666666666666,
                0.0,
                0.0,
                0.8333333333333334,
                0.0,
                0.0
            ],
            [
                0.03898305084745763,
                0.0,
                0.34067796610169493,
                0.0,
                0.6203389830508474,
                0.0
            ],
            [
                0.0,
                0.0,
                0.0,
                0.0,
                0.0,
                1.0
            ]
        ],
        "round_time": 8.796781778335571,
        "round_start_time": 1764364939.3887784,
        "round_end_time": 1764364948.1855602,
        "evaluate_time": 0.372514009475708,
        "inference_time": 0.06069207191467285
    },
    "12": {
        "trees_by_client": 130,
        "first_server_serialise_trees_size": 113778,
        "fit_time": 0.979015588760376,
        "client_serialise_trees_size": 117071,
        "final_server_serialise_trees_size": 649041,
        "f1_score": 0.7580112175676746,
        "mcc": 0.6651765874866967,
        "accuracy": 0.7256898817345598,
        "precision": 0.8192011699415099,
        "recall": 0.7633148207811389,
        "confusion_matrix": [
            [
                0.6548117154811716,
                0.0,
                0.20397489539748953,
                0.0,
                0.1412133891213389,
                0.0
            ],
            [
                0.1649746192893401,
                0.33756345177664976,
                0.1700507614213198,
                0.0,
                0.32741116751269034,
                0.0
            ],
            [
                0.0,
                0.024350649350649352,
                0.9756493506493507,
                0.0,
                0.0,
                0.0
            ],
            [
                0.0,
                0.0,
                0.0,
                1.0,
                0.0,
                0.0
            ],
            [
                0.03898305084745763,
                0.0,
                0.34915254237288135,
                0.0,
                0.611864406779661,
                0.0
            ],
            [
                0.0,
                0.0,
                0.0,
                0.0,
                0.0,
                1.0
            ]
        ],
        "round_time": 8.9485182762146,
        "round_start_time": 1764364963.4856887,
        "round_end_time": 1764364972.434207,
        "evaluate_time": 0.3512272834777832,
        "inference_time": 0.060318946838378906
    },
    "13": {
        "trees_by_client": 140,
        "first_server_serialise_trees_size": 122684,
        "fit_time": 1.0916340351104736,
        "client_serialise_trees_size": 125872,
        "final_server_serialise_trees_size": 666423,
        "f1_score": 0.7178373036738965,
        "mcc": 0.6450588153258837,
        "accuracy": 0.7105781865965834,
        "precision": 0.7973019028017309,
        "recall": 0.7159429321709098,
        "confusion_matrix": [
            [
                0.6642259414225942,
                0.0,
                0.20397489539748953,
                0.0,
                0.13179916317991633,
                0.0
            ],
            [
                0.22081218274111675,
                0.22588832487309646,
                0.2817258883248731,
                0.0,
                0.2715736040609137,
                0.0
            ],
            [
                0.0,
                0.037337662337662336,
                0.9383116883116883,
                0.0,
                0.024350649350649352,
                0.0
            ],
            [
                0.16666666666666666,
                0.0,
                0.0,
                0.8333333333333334,
                0.0,
                0.0
            ],
            [
                0.03898305084745763,
                0.0,
                0.3271186440677966,
                0.0,
                0.6338983050847458,
                0.0
            ],
            [
                0.0,
                0.0,
                0.0,
                0.0,
                0.0,
                1.0
            ]
        ],
        "round_time": 10.54860782623291,
        "round_start_time": 1764364987.7335618,
        "round_end_time": 1764364998.2821696,
        "evaluate_time": 0.458054780960083,
        "inference_time": 0.06959271430969238
    },
    "14": {
        "trees_by_client": 150,
        "first_server_serialise_trees_size": 131897,
        "fit_time": 1.1374156475067139,
        "client_serialise_trees_size": 135482,
        "final_server_serialise_trees_size": 879977,
        "f1_score": 0.7229043190939032,
        "mcc": 0.6438476539057381,
        "accuracy": 0.7076215505913273,
        "precision": 0.8221735325879481,
        "recall": 0.719351546003074,
        "confusion_matrix": [
            [
                0.6265690376569037,
                0.0,
                0.20397489539748953,
                0.0,
                0.1694560669456067,
                0.0
            ],
            [
                0.17766497461928935,
                0.26649746192893403,
                0.24111675126903553,
                0.0,
                0.3147208121827411,
                0.0
            ],
            [
                0.0,
                0.00487012987012987,
                0.9642857142857143,
                0.0,
                0.030844155844155844,
                0.0
            ],
            [
                0.16666666666666666,
                0.0,
                0.0,
                0.8333333333333334,
                0.0,
                0.0
            ],
            [
                0.03898305084745763,
                0.0,
                0.33559322033898303,
                0.0,
                0.6254237288135593,
                0.0
            ],
            [
                0.0,
                0.0,
                0.0,
                0.0,
                0.0,
                1.0
            ]
        ],
        "round_time": 10.988615274429321,
        "round_start_time": 1764365013.6396525,
        "round_end_time": 1764365024.6282678,
        "evaluate_time": 0.5065979957580566,
        "inference_time": 0.07752156257629395
    },
    "15": {
        "trees_by_client": 160,
        "first_server_serialise_trees_size": 141509,
        "fit_time": 0.9581542015075684,
        "client_serialise_trees_size": 145222,
        "final_server_serialise_trees_size": 1117937,
        "f1_score": 0.7705185931092506,
        "mcc": 0.69671519533144,
        "accuracy": 0.7526281208935611,
        "precision": 0.846655572578745,
        "recall": 0.7585810807844284,
        "confusion_matrix": [
            [
                0.6956066945606695,
                0.0,
                0.20397489539748953,
                0.0,
                0.100418410041841,
                0.0
            ],
            [
                0.22588832487309646,
                0.4086294416243655,
                0.09898477157360407,
                0.0,
                0.26649746192893403,
                0.0
            ],
            [
                0.0,
                0.0,
                0.9918831168831169,
                0.0,
                0.008116883116883116,
                0.0
            ],
            [
                0.16666666666666666,
                0.0,
                0.0,
                0.8333333333333334,
                0.0,
                0.0
            ],
            [
                0.03898305084745763,
                0.0,
                0.3389830508474576,
                0.0,
                0.6220338983050847,
                0.0
            ],
            [
                0.0,
                0.0,
                0.0,
                0.0,
                0.0,
                1.0
            ]
        ],
        "round_time": 12.882019996643066,
        "round_start_time": 1764365039.9246867,
        "round_end_time": 1764365052.8067067,
        "evaluate_time": 0.4166297912597656,
        "inference_time": 0.0612337589263916
    },
    "16": {
        "trees_by_client": 170,
        "first_server_serialise_trees_size": 150787,
        "fit_time": 1.187025785446167,
        "client_serialise_trees_size": 154983,
        "final_server_serialise_trees_size": 818912,
        "f1_score": 0.7386849383169976,
        "mcc": 0.6366409929603476,
        "accuracy": 0.6994086727989488,
        "precision": 0.7889486234152584,
        "recall": 0.7478579373788862,
        "confusion_matrix": [
            [
                0.5815899581589958,
                0.0,
                0.20397489539748953,
                0.0,
                0.21443514644351463,
                0.0
            ],
            [
                0.050761421319796954,
                0.3248730964467005,
                0.18274111675126903,
                0.0,
                0.4416243654822335,
                0.0
            ],
            [
                0.0,
                0.06168831168831169,
                0.9383116883116883,
                0.0,
                0.0,
                0.0
            ],
            [
                0.0,
                0.0,
                0.0,
                1.0,
                0.0,
                0.0
            ],
            [
                0.011864406779661017,
                0.01864406779661017,
                0.3271186440677966,
                0.0,
                0.6423728813559322,
                0.0
            ],
            [
                0.0,
                0.0,
                0.0,
                0.0,
                0.0,
                1.0
            ]
        ],
        "round_time": 11.540130615234375,
        "round_start_time": 1764365068.0776594,
        "round_end_time": 1764365079.61779,
        "evaluate_time": 0.36978626251220703,
        "inference_time": 0.06728935241699219
    },
    "17": {
        "trees_by_client": 180,
        "first_server_serialise_trees_size": 160341,
        "fit_time": 1.8314948081970215,
        "client_serialise_trees_size": 164776,
        "final_server_serialise_trees_size": 831360,
        "f1_score": 0.7534483569334888,
        "mcc": 0.6697023501023336,
        "accuracy": 0.735873850197109,
        "precision": 0.7904136585027798,
        "recall": 0.7434036887435492,
        "confusion_matrix": [
            [
                0.7081589958158996,
                0.0198744769874477,
                0.17677824267782427,
                0.0,
                0.09518828451882845,
                0.0
            ],
            [
                0.24619289340101522,
                0.40609137055837563,
                0.09898477157360407,
                0.0,
                0.24873096446700507,
                0.0
            ],
            [
                0.025974025974025976,
                0.07305194805194805,
                0.900974025974026,
                0.0,
                0.0,
                0.0
            ],
            [
                0.16666666666666666,
                0.0,
                0.0,
                0.8333333333333334,
                0.0,
                0.0
            ],
            [
                0.04406779661016949,
                0.022033898305084745,
                0.3220338983050847,
                0.0,
                0.611864406779661,
                0.0
            ],
            [
                0.0,
                0.0,
                0.0,
                0.0,
                0.0,
                1.0
            ]
        ],
        "round_time": 11.910303115844727,
        "round_start_time": 1764365094.8866715,
        "round_end_time": 1764365106.7969747,
        "evaluate_time": 0.38193607330322266,
        "inference_time": 0.0560154914855957
    },
    "18": {
        "trees_by_client": 190,
        "first_server_serialise_trees_size": 169746,
        "fit_time": 1.015782117843628,
        "client_serialise_trees_size": 174317,
        "final_server_serialise_trees_size": 1044960,
        "f1_score": 0.7572145085525159,
        "mcc": 0.6867082414946581,
        "accuracy": 0.7440867279894875,
        "precision": 0.837343411201564,
        "recall": 0.7474874551566065,
        "confusion_matrix": [
            [
                0.700836820083682,
                0.0,
                0.20397489539748953,
                0.0,
                0.09518828451882845,
                0.0
            ],
            [
                0.23857868020304568,
                0.350253807106599,
                0.15736040609137056,
                0.0,
                0.25380710659898476,
                0.0
            ],
            [
                0.0,
                0.011363636363636364,
                0.9886363636363636,
                0.0,
                0.0,
                0.0
            ],
            [
                0.16666666666666666,
                0.0,
                0.0,
                0.8333333333333334,
                0.0,
                0.0
            ],
            [
                0.03898305084745763,
                0.0,
                0.34915254237288135,
                0.0,
                0.611864406779661,
                0.0
            ],
            [
                0.0,
                0.0,
                0.0,
                0.0,
                0.0,
                1.0
            ]
        ],
        "round_time": 12.619921922683716,
        "round_start_time": 1764365121.9929185,
        "round_end_time": 1764365134.6128404,
        "evaluate_time": 0.4878828525543213,
        "inference_time": 0.10409235954284668
    },
    "19": {
        "trees_by_client": 200,
        "first_server_serialise_trees_size": 179110,
        "fit_time": 1.7179725170135498,
        "client_serialise_trees_size": 183920,
        "final_server_serialise_trees_size": 931090,
        "f1_score": 0.7420041142030708,
        "mcc": 0.634364391635852,
        "accuracy": 0.6984231274638634,
        "precision": 0.7933468983541326,
        "recall": 0.7489599525423504,
        "confusion_matrix": [
            [
                0.5784518828451883,
                0.0010460251046025104,
                0.20292887029288703,
                0.0,
                0.2175732217573222,
                0.0
            ],
            [
                0.03807106598984772,
                0.35786802030456855,
                0.14974619289340102,
                0.0,
                0.4543147208121827,
                0.0
            ],
            [
                0.0,
                0.060064935064935064,
                0.939935064935065,
                0.0,
                0.0,
                0.0
            ],
            [
                0.0,
                0.0,
                0.0,
                1.0,
                0.0,
                0.0
            ],
            [
                0.03898305084745763,
                0.003389830508474576,
                0.3338983050847458,
                0.0,
                0.6237288135593221,
                0.0
            ],
            [
                0.006224066390041493,
                0.0,
                0.0,
                0.0,
                0.0,
                0.9937759336099585
            ]
        ],
        "round_time": 13.710826873779297,
        "round_start_time": 1764365149.9476507,
        "round_end_time": 1764365163.6584775,
        "evaluate_time": 0.5096662044525146,
        "inference_time": 0.0314335823059082
    },
    "20": {
        "trees_by_client": 210,
        "first_server_serialise_trees_size": 188551,
        "fit_time": 1.7823681831359863,
        "client_serialise_trees_size": 288314,
        "final_server_serialise_trees_size": 1363378,
        "f1_score": 0.7721977638951009,
        "mcc": 0.699709760425975,
        "accuracy": 0.7549277266754271,
        "precision": 0.8484508688561462,
        "recall": 0.7600986505659177,
        "confusion_matrix": [
            [
                0.700836820083682,
                0.0,
                0.20397489539748953,
                0.0,
                0.09518828451882845,
                0.0
            ],
            [
                0.2436548223350254,
                0.41116751269035534,
                0.09644670050761421,
                0.0,
                0.24873096446700507,
                0.0
            ],
            [
                0.0,
                0.0,
                1.0,
                0.0,
                0.0,
                0.0
            ],
            [
                0.16666666666666666,
                0.0,
                0.0,
                0.8333333333333334,
                0.0,
                0.0
            ],
            [
                0.03898305084745763,
                0.0,
                0.34576271186440677,
                0.0,
                0.6152542372881356,
                0.0
            ],
            [
                0.0,
                0.0,
                0.0,
                0.0,
                0.0,
                1.0
            ]
        ],
        "round_time": 15.33840298652649,
        "round_start_time": 1764365178.8706763,
        "round_end_time": 1764365194.2090793,
        "evaluate_time": 0.5485796928405762,
        "inference_time": 0.11578750610351562
    },
    "21": {
        "trees_by_client": 220,
        "first_server_serialise_trees_size": 198548,
        "fit_time": 1.8070416450500488,
        "client_serialise_trees_size": 204238,
        "final_server_serialise_trees_size": 1127376,
        "f1_score": 0.727592733628485,
        "mcc": 0.6493938664883773,
        "accuracy": 0.71419185282523,
        "precision": 0.7925622315478363,
        "recall": 0.7227030444100094,
        "confusion_matrix": [
            [
                0.6600418410041841,
                0.0,
                0.20397489539748953,
                0.0,
                0.13598326359832635,
                0.0
            ],
            [
                0.18274111675126903,
                0.28426395939086296,
                0.2233502538071066,
                0.0,
                0.3096446700507614,
                0.0
            ],
            [
                0.0,
                0.060064935064935064,
                0.939935064935065,
                0.0,
                0.0,
                0.0
            ],
            [
                0.16666666666666666,
                0.0,
                0.0,
                0.8333333333333334,
                0.0,
                0.0
            ],
            [
                0.03898305084745763,
