{
    "0": {
        "trees_by_client": 10,
        "first_server_serialise_trees_size": 9443,
        "fit_time": 0.05012392997741699,
        "client_serialise_trees_size": 200928,
        "final_server_serialise_trees_size": 1008920,
        "f1_score": 0.9668647607310557,
        "mcc": 0.9494891967355995,
        "accuracy": 0.9602496714848883,
        "precision": 0.9700351612080022,
        "recall": 0.9655628926159792,
        "confusion_matrix": [
            [
                0.9887063655030801,
                0.002053388090349076,
                0.009240246406570842,
                0.0,
                0.0,
                0.0
            ],
            [
                0.015345268542199489,
                0.9718670076726342,
                0.010230179028132993,
                0.0,
                0.0025575447570332483,
                0.0
            ],
            [
                0.04304635761589404,
                0.0,
                0.956953642384106,
                0.0,
                0.0,
                0.0
            ],
            [
                0.0,
                0.0,
                0.0,
                1.0,
                0.0,
                0.0
            ],
            [
                0.0,
                0.015306122448979591,
                0.10884353741496598,
                0.0,
                0.8758503401360545,
                0.0
            ],
            [
                0.0,
                0.0,
                0.0,
                0.0,
                0.0,
                1.0
            ]
        ],
        "confusion_matrix_labels": [
            "DoS/DDoS",
            "Info_Gathering",
            "Injection",
            "MITM",
            "Malware",
            "Normal"
        ],
        "round_time": 2.0173802375793457,
        "round_start_time": 1764807405.0463521,
        "round_end_time": 1764807407.0637324,
        "evaluate_time": 0.21059083938598633,
        "inference_time": 0.011247873306274414
    },
    "1": {
        "trees_by_client": 20,
        "first_server_serialise_trees_size": 9569,
        "fit_time": 0.16926169395446777,
        "client_serialise_trees_size": 375118,
        "final_server_serialise_trees_size": 1958004,
        "f1_score": 0.9660801672366413,
        "mcc": 0.948256373580375,
        "accuracy": 0.9592641261498029,
        "precision": 0.9690251908770269,
        "recall": 0.9650875338252295,
        "confusion_matrix": [
            [
                0.9866529774127311,
                0.001026694045174538,
                0.012320328542094456,
                0.0,
                0.0,
                0.0
            ],
            [
                0.01278772378516624,
                0.9744245524296675,
                0.010230179028132993,
                0.0,
                0.0025575447570332483,
                0.0
            ],
            [
                0.041390728476821195,
                0.0033112582781456954,
                0.9552980132450332,
                0.0,
                0.0,
                0.0
            ],
            [
                0.0,
                0.0,
                0.0,
                1.0,
                0.0,
                0.0
            ],
            [
                0.0,
                0.015306122448979591,
                0.11054421768707483,
                0.0,
                0.8741496598639455,
                0.0
            ],
            [
                0.0,
                0.0,
                0.0,
                0.0,
                0.0,
                1.0
            ]
        ],
        "confusion_matrix_labels": [
            "DoS/DDoS",
            "Info_Gathering",
            "Injection",
            "MITM",
            "Malware",
            "Normal"
        ],
        "round_time": 2.7447917461395264,
        "round_start_time": 1764807425.3146217,
        "round_end_time": 1764807428.0594134,
        "evaluate_time": 0.13110709190368652,
        "inference_time": 0.009483575820922852
    },
    "2": {
        "trees_by_client": 30,
        "first_server_serialise_trees_size": 18985,
        "fit_time": 0.3228282928466797,
        "client_serialise_trees_size": 572685,
        "final_server_serialise_trees_size": 2968095,
        "f1_score": 0.9677485190151948,
        "mcc": 0.9507096913879923,
        "accuracy": 0.9612352168199737,
        "precision": 0.9706323659422594,
        "recall": 0.9665635520216936,
        "confusion_matrix": [
            [
                0.9887063655030801,
                0.001026694045174538,
                0.01026694045174538,
                0.0,
                0.0,
                0.0
            ],
            [
                0.01278772378516624,
                0.9744245524296675,
                0.010230179028132993,
                0.0,
                0.0025575447570332483,
                0.0
            ],
            [
                0.04304635761589404,
                0.0016556291390728477,
                0.9552980132450332,
                0.0,
                0.0,
                0.0
            ],
            [
                0.0,
                0.0,
                0.0,
                1.0,
                0.0,
                0.0
            ],
            [
                0.0,
                0.015306122448979591,
                0.10374149659863946,
                0.0,
                0.8809523809523809,
                0.0
            ],
            [
                0.0,
                0.0,
                0.0,
                0.0,
                0.0,
                1.0
            ]
        ],
        "confusion_matrix_labels": [
            "DoS/DDoS",
            "Info_Gathering",
            "Injection",
            "MITM",
            "Malware",
            "Normal"
        ],
        "round_time": 4.553525447845459,
        "round_start_time": 1764807443.2435453,
        "round_end_time": 1764807447.7970707,
        "evaluate_time": 0.32785511016845703,
        "inference_time": 0.03000473976135254
    },
    "3": {
        "trees_by_client": 40,
        "first_server_serialise_trees_size": 28176,
        "fit_time": 0.4316444396972656,
        "client_serialise_trees_size": 739259,
        "final_server_serialise_trees_size": 3915415,
        "f1_score": 0.9677712363609504,
        "mcc": 0.9506935896728539,
        "accuracy": 0.9612352168199737,
        "precision": 0.9703738560238623,
        "recall": 0.9667882140973384,
        "confusion_matrix": [
            [
                0.9866529774127311,
                0.001026694045174538,
                0.012320328542094456,
                0.0,
                0.0,
                0.0
            ],
            [
                0.01278772378516624,
                0.9744245524296675,
                0.010230179028132993,
                0.0,
                0.0025575447570332483,
                0.0
            ],
            [
                0.041390728476821195,
                0.0033112582781456954,
                0.9552980132450332,
                0.0,
                0.0,
                0.0
            ],
            [
                0.0,
                0.0,
                0.0,
                1.0,
                0.0,
                0.0
            ],
            [
                0.0,
                0.015306122448979591,
                0.10034013605442177,
                0.0,
                0.8843537414965986,
                0.0
            ],
            [
                0.0,
                0.0,
                0.0,
                0.0,
                0.0,
                1.0
            ]
        ],
        "confusion_matrix_labels": [
            "DoS/DDoS",
            "Info_Gathering",
            "Injection",
            "MITM",
            "Malware",
            "Normal"
        ],
        "round_time": 4.945497274398804,
        "round_start_time": 1764807463.0495393,
        "round_end_time": 1764807467.9950366,
        "evaluate_time": 0.30765748023986816,
        "inference_time": 0.031085491180419922
    },
    "4": {
        "trees_by_client": 50,
        "first_server_serialise_trees_size": 37782,
        "fit_time": 0.581000804901123,
        "client_serialise_trees_size": 945741,
        "final_server_serialise_trees_size": 4906528,
        "f1_score": 0.9664746132680252,
        "mcc": 0.9486457307924937,
        "accuracy": 0.959592641261498,
        "precision": 0.9693038416342735,
        "recall": 0.9654833115750701,
        "confusion_matrix": [
            [
                0.9856262833675564,
                0.002053388090349076,
                0.012320328542094456,
                0.0,
                0.0,
                0.0
            ],
            [
                0.01278772378516624,
                0.9744245524296675,
                0.010230179028132993,
                0.0,
                0.0025575447570332483,
                0.0
            ],
            [
                0.04304635761589404,
                0.0016556291390728477,
                0.9552980132450332,
                0.0,
                0.0,
                0.0
            ],
            [
                0.0,
                0.0,
                0.0,
                1.0,
                0.0,
                0.0
            ],
            [
                0.0,
                0.015306122448979591,
                0.10714285714285714,
                0.0,
                0.8775510204081632,
                0.0
            ],
            [
                0.0,
                0.0,
                0.0,
                0.0,
                0.0,
                1.0
            ]
        ],
        "confusion_matrix_labels": [
            "DoS/DDoS",
            "Info_Gathering",
            "Injection",
            "MITM",
            "Malware",
            "Normal"
        ],
        "round_time": 6.024935245513916,
        "round_start_time": 1764807483.2784762,
        "round_end_time": 1764807489.3034115,
        "evaluate_time": 0.3233926296234131,
        "inference_time": 0.04209399223327637
    },
    "5": {
        "trees_by_client": 60,
        "first_server_serialise_trees_size": 47362,
        "fit_time": 0.6045382022857666,
        "client_serialise_trees_size": 1157960,
        "final_server_serialise_trees_size": 5831340,
        "f1_score": 0.9662587677107136,
        "mcc": 0.948227083188707,
        "accuracy": 0.9592641261498029,
        "precision": 0.96931818432701,
        "recall": 0.9650570541155644,
        "confusion_matrix": [
            [
                0.9856262833675564,
                0.001026694045174538,
                0.013347022587268994,
                0.0,
                0.0,
                0.0
            ],
            [
                0.015345268542199489,
                0.9718670076726342,
                0.010230179028132993,
                0.0,
                0.0025575447570332483,
                0.0
            ],
            [
                0.04304635761589404,
                0.0016556291390728477,
                0.9552980132450332,
                0.0,
                0.0,
                0.0
            ],
            [
                0.0,
                0.0,
                0.0,
                1.0,
                0.0,
                0.0
            ],
            [
                0.0,
                0.015306122448979591,
                0.10714285714285714,
                0.0,
                0.8775510204081632,
                0.0
            ],
            [
                0.0,
                0.0,
                0.0,
                0.0,
                0.0,
                1.0
            ]
        ],
        "confusion_matrix_labels": [
            "DoS/DDoS",
            "Info_Gathering",
            "Injection",
            "MITM",
            "Malware",
            "Normal"
        ],
        "round_time": 6.851843357086182,
        "round_start_time": 1764807504.539467,
        "round_end_time": 1764807511.3913105,
        "evaluate_time": 0.3793070316314697,
        "inference_time": 0.04747962951660156
    },
    "6": {
        "trees_by_client": 70,
        "first_server_serialise_trees_size": 56173,
        "fit_time": 0.48918724060058594,
        "client_serialise_trees_size": 1324115,
        "final_server_serialise_trees_size": 6855329,
        "f1_score": 0.9659967475448922,
        "mcc": 0.947839783242385,
        "accuracy": 0.9589356110381078,
        "precision": 0.9690474230232033,
        "recall": 0.9649164181510338,
        "confusion_matrix": [
            [
                0.9856262833675564,
                0.001026694045174538,
                0.013347022587268994,
                0.0,
                0.0,
                0.0
            ],
            [
                0.01278772378516624,
                0.9744245524296675,
                0.010230179028132993,
                0.0,
                0.0025575447570332483,
                0.0
            ],
            [
                0.04304635761589404,
                0.0016556291390728477,
                0.9552980132450332,
                0.0,
                0.0,
                0.0
            ],
            [
                0.0,
                0.0,
                0.0,
                1.0,
                0.0,
                0.0
            ],
            [
                0.0,
                0.015306122448979591,
                0.11054421768707483,
                0.0,
                0.8741496598639455,
                0.0
            ],
            [
                0.0,
                0.0,
                0.0,
                0.0,
                0.0,
                1.0
            ]
        ],
        "confusion_matrix_labels": [
            "DoS/DDoS",
            "Info_Gathering",
            "Injection",
            "MITM",
            "Malware",
            "Normal"
        ],
        "round_time": 7.122690916061401,
        "round_start_time": 1764807526.5944793,
        "round_end_time": 1764807533.7171702,
        "evaluate_time": 0.3800048828125,
        "inference_time": 0.05853676795959473
    },
    "7": {
        "trees_by_client": 80,
        "first_server_serialise_trees_size": 66130,
        "fit_time": 0.853705644607544,
        "client_serialise_trees_size": 1487478,
        "final_server_serialise_trees_size": 7767179,
        "f1_score": 0.9676866614979988,
        "mcc": 0.9502763412144644,
        "accuracy": 0.9609067017082786,
        "precision": 0.9703919907883747,
        "recall": 0.9666170984231427,
        "confusion_matrix": [
            [
                0.9856262833675564,
                0.001026694045174538,
                0.013347022587268994,
                0.0,
                0.0,
                0.0
            ],
            [
                0.01278772378516624,
                0.9744245524296675,
                0.010230179028132993,
                0.0,
                0.0025575447570332483,
                0.0
            ],
            [
                0.04304635761589404,
                0.0016556291390728477,
                0.9552980132450332,
                0.0,
                0.0,
                0.0
            ],
            [
                0.0,
                0.0,
                0.0,
                1.0,
                0.0,
                0.0
            ],
            [
                0.0,
                0.015306122448979591,
                0.10034013605442177,
                0.0,
                0.8843537414965986,
                0.0
            ],
            [
                0.0,
                0.0,
                0.0,
                0.0,
                0.0,
                1.0
            ]
        ],
        "confusion_matrix_labels": [
            "DoS/DDoS",
            "Info_Gathering",
            "Injection",
            "MITM",
            "Malware",
            "Normal"
        ],
        "round_time": 8.42276668548584,
        "round_start_time": 1764807548.9694955,
        "round_end_time": 1764807557.3922622,
        "evaluate_time": 0.4854614734649658,
        "inference_time": 0.039199113845825195
    },
    "8": {
        "trees_by_client": 90,
        "first_server_serialise_trees_size": 75661,
        "fit_time": 0.8840060234069824,
        "client_serialise_trees_size": 1687668,
        "final_server_serialise_trees_size": 8827254,
        "f1_score": 0.9671729144593089,
        "mcc": 0.9498824769880112,
        "accuracy": 0.9605781865965834,
        "precision": 0.9699884510062219,
        "recall": 0.9661089896354796,
        "confusion_matrix": [
            [
                0.9876796714579056,
                0.002053388090349076,
                0.01026694045174538,
                0.0,
                0.0,
                0.0
            ],
            [
                0.01278772378516624,
                0.9744245524296675,
                0.010230179028132993,
                0.0,
                0.0025575447570332483,
                0.0
            ],
            [
                0.04304635761589404,
                0.0016556291390728477,
                0.9552980132450332,
                0.0,
                0.0,
                0.0
            ],
            [
                0.0,
                0.0,
                0.0,
                1.0,
                0.0,
                0.0
            ],
            [
                0.0,
                0.015306122448979591,
                0.1054421768707483,
                0.0,
                0.8792517006802721,
                0.0
            ],
            [
                0.0,
                0.0,
                0.0,
                0.0,
                0.0,
                1.0
            ]
        ],
        "confusion_matrix_labels": [
            "DoS/DDoS",
            "Info_Gathering",
            "Injection",
            "MITM",
            "Malware",
            "Normal"
        ],
        "round_time": 8.807106733322144,
        "round_start_time": 1764807572.6264737,
        "round_end_time": 1764807581.4335804,
        "evaluate_time": 0.45763349533081055,
        "inference_time": 0.0617375373840332
    },
    "9": {
        "trees_by_client": 100,
        "first_server_serialise_trees_size": 85124,
        "fit_time": 0.9778435230255127,
        "client_serialise_trees_size": 1863218,
        "final_server_serialise_trees_size": 9768733,
        "f1_score": 0.9675285368608839,
        "mcc": 0.9502801970692681,
        "accuracy": 0.9609067017082786,
        "precision": 0.9702103161808765,
        "recall": 0.9665047673853202,
        "confusion_matrix": [
            [
                0.9866529774127311,
                0.002053388090349076,
                0.011293634496919919,
                0.0,
                0.0,
                0.0
            ],
            [
                0.01278772378516624,
                0.9744245524296675,
                0.010230179028132993,
                0.0,
                0.0025575447570332483,
                0.0
            ],
            [
                0.04304635761589404,
                0.0016556291390728477,
                0.9552980132450332,
                0.0,
                0.0,
                0.0
            ],
            [
                0.0,
                0.0,
                0.0,
                1.0,
                0.0,
                0.0
            ],
            [
                0.0,
                0.015306122448979591,
                0.10204081632653061,
                0.0,
                0.8826530612244898,
                0.0
            ],
            [
                0.0,
                0.0,
                0.0,
                0.0,
                0.0,
                1.0
            ]
        ],
        "confusion_matrix_labels": [
            "DoS/DDoS",
            "Info_Gathering",
            "Injection",
            "MITM",
            "Malware",
            "Normal"
        ],
        "round_time": 9.933744430541992,
        "round_start_time": 1764807596.6724706,
        "round_end_time": 1764807606.606215,
        "evaluate_time": 0.4653294086456299,
        "inference_time": 0.05995988845825195
    },
    "10": {
        "trees_by_client": 110,
        "first_server_serialise_trees_size": 94537,
        "fit_time": 1.1687829494476318,
        "client_serialise_trees_size": 2063759,
        "final_server_serialise_trees_size": 10828391,
        "f1_score": 0.9675285368608839,
        "mcc": 0.9502801970692681,
        "accuracy": 0.9609067017082786,
        "precision": 0.9702103161808765,
        "recall": 0.9665047673853202,
        "confusion_matrix": [
            [
                0.9866529774127311,
                0.002053388090349076,
                0.011293634496919919,
                0.0,
                0.0,
                0.0
            ],
            [
                0.01278772378516624,
                0.9744245524296675,
                0.010230179028132993,
                0.0,
                0.0025575447570332483,
                0.0
            ],
            [
                0.04304635761589404,
                0.0016556291390728477,
                0.9552980132450332,
                0.0,
                0.0,
                0.0
            ],
            [
                0.0,
                0.0,
                0.0,
                1.0,
                0.0,
                0.0
            ],
            [
                0.0,
                0.015306122448979591,
                0.10204081632653061,
                0.0,
                0.8826530612244898,
                0.0
            ],
            [
                0.0,
                0.0,
                0.0,
                0.0,
                0.0,
                1.0
            ]
        ],
        "confusion_matrix_labels": [
            "DoS/DDoS",
            "Info_Gathering",
            "Injection",
            "MITM",
            "Malware",
            "Normal"
        ],
        "round_time": 11.017709016799927,
        "round_start_time": 1764807621.8984838,
        "round_end_time": 1764807632.9161928,
        "evaluate_time": 0.45899486541748047,
        "inference_time": 0.0746457576751709
    },
    "11": {
        "trees_by_client": 120,
        "first_server_serialise_trees_size": 104110,
        "fit_time": 1.228100299835205,
        "client_serialise_trees_size": 2263647,
        "final_server_serialise_trees_size": 11707382,
        "f1_score": 0.9673318990721748,
        "mcc": 0.9498783662852952,
        "accuracy": 0.9605781865965834,
        "precision": 0.9701708316964162,
        "recall": 0.9662213206733021,
        "confusion_matrix": [
            [
                0.9866529774127311,
                0.001026694045174538,
                0.012320328542094456,
                0.0,
                0.0,
                0.0
            ],
            [
                0.01278772378516624,
                0.9744245524296675,
                0.010230179028132993,
                0.0,
                0.0025575447570332483,
                0.0
            ],
            [
                0.04304635761589404,
                0.0016556291390728477,
                0.9552980132450332,
                0.0,
                0.0,
                0.0
            ],
            [
                0.0,
                0.0,
                0.0,
                1.0,
                0.0,
                0.0
            ],
            [
                0.0,
                0.015306122448979591,
                0.10374149659863946,
                0.0,
                0.8809523809523809,
                0.0
            ],
            [
                0.0,
                0.0,
                0.0,
                0.0,
                0.0,
                1.0
            ]
        ],
        "confusion_matrix_labels": [
            "DoS/DDoS",
            "Info_Gathering",
            "Injection",
            "MITM",
            "Malware",
            "Normal"
        ],
        "round_time": 12.267932653427124,
        "round_start_time": 1764807648.1220126,
        "round_end_time": 1764807660.3899453,
        "evaluate_time": 0.590113639831543,
        "inference_time": 0.08040571212768555
    },
    "12": {
        "trees_by_client": 130,
        "first_server_serialise_trees_size": 113578,
        "fit_time": 0.9682202339172363,
        "client_serialise_trees_size": 2477630,
        "final_server_serialise_trees_size": 12912000,
        "f1_score": 0.9671035740353755,
        "mcc": 0.9494458550325202,
        "accuracy": 0.9602496714848883,
        "precision": 0.9699914771958874,
        "recall": 0.9659073942516189,
        "confusion_matrix": [
            [
                0.9856262833675564,
                0.001026694045174538,
                0.013347022587268994,
                0.0,
                0.0,
                0.0
            ],
            [
                0.015345268542199489,
                0.9718670076726342,
                0.010230179028132993,
                0.0,
                0.0025575447570332483,
                0.0
            ],
            [
                0.04304635761589404,
                0.0016556291390728477,
                0.9552980132450332,
                0.0,
                0.0,
                0.0
            ],
            [
                0.0,
                0.0,
                0.0,
                1.0,
                0.0,
                0.0
            ],
            [
                0.0,
                0.015306122448979591,
                0.10204081632653061,
                0.0,
                0.8826530612244898,
                0.0
            ],
            [
                0.0,
                0.0,
                0.0,
                0.0,
                0.0,
                1.0
            ]
        ],
        "confusion_matrix_labels": [
            "DoS/DDoS",
            "Info_Gathering",
            "Injection",
            "MITM",
            "Malware",
            "Normal"
        ],
        "round_time": 12.149345874786377,
        "round_start_time": 1764807675.743475,
        "round_end_time": 1764807687.8928208,
        "evaluate_time": 0.5731127262115479,
        "inference_time": 0.08926057815551758
    },
    "13": {
        "trees_by_client": 140,
        "first_server_serialise_trees_size": 123405,
        "fit_time": 1.1720173358917236,
        "client_serialise_trees_size": 2633643,
        "final_server_serialise_trees_size": 13706284,
        "f1_score": 0.9681038454658651,
        "mcc": 0.9511076265099943,
        "accuracy": 0.9615637319316689,
        "precision": 0.9708549308406843,
        "recall": 0.9669593297715341,
        "confusion_matrix": [
            [
                0.9876796714579056,
                0.001026694045174538,
                0.011293634496919919,
                0.0,
                0.0,
                0.0
            ],
            [
                0.01278772378516624,
                0.9744245524296675,
                0.010230179028132993,
                0.0,
                0.0025575447570332483,
                0.0
            ],
            [
                0.04304635761589404,
                0.0016556291390728477,
                0.9552980132450332,
                0.0,
                0.0,
                0.0
            ],
            [
                0.0,
                0.0,
                0.0,
                1.0,
                0.0,
                0.0
            ],
            [
                0.0,
                0.015306122448979591,
                0.10034013605442177,
                0.0,
                0.8843537414965986,
                0.0
            ],
            [
                0.0,
                0.0,
                0.0,
                0.0,
                0.0,
                1.0
            ]
        ],
        "confusion_matrix_labels": [
            "DoS/DDoS",
            "Info_Gathering",
            "Injection",
            "MITM",
            "Malware",
            "Normal"
        ],
        "round_time": 11.822258710861206,
        "round_start_time": 1764807703.1654758,
        "round_end_time": 1764807714.9877346,
        "evaluate_time": 0.5665345191955566,
        "inference_time": 0.08127164840698242
    },
    "14": {
        "trees_by_client": 150,
        "first_server_serialise_trees_size": 132878,
        "fit_time": 1.1108167171478271,
        "client_serialise_trees_size": 2799846,
        "final_server_serialise_trees_size": 14757245,
        "f1_score": 0.9670501046228831,
        "mcc": 0.9494720073867506,
        "accuracy": 0.9602496714848883,
        "precision": 0.9699457173523421,
        "recall": 0.965937873961284,
        "confusion_matrix": [
            [
                0.9866529774127311,
                0.001026694045174538,
                0.012320328542094456,
                0.0,
                0.0,
                0.0
            ],
            [
                0.01278772378516624,
                0.9744245524296675,
                0.010230179028132993,
                0.0,
                0.0025575447570332483,
                0.0
            ],
            [
                0.04304635761589404,
                0.0016556291390728477,
                0.9552980132450332,
                0.0,
                0.0,
                0.0
            ],
            [
                0.0,
                0.0,
                0.0,
                1.0,
                0.0,
                0.0
            ],
            [
                0.0,
                0.015306122448979591,
                0.1054421768707483,
                0.0,
                0.8792517006802721,
                0.0
            ],
            [
                0.0,
                0.0,
                0.0,
                0.0,
                0.0,
                1.0
            ]
        ],
        "confusion_matrix_labels": [
            "DoS/DDoS",
            "Info_Gathering",
            "Injection",
            "MITM",
            "Malware",
            "Normal"
        ],
        "round_time": 13.067436933517456,
        "round_start_time": 1764807730.2755544,
        "round_end_time": 1764807743.3429914,
        "evaluate_time": 0.5514612197875977,
        "inference_time": 0.08267068862915039
    },
    "15": {
        "trees_by_client": 160,
        "first_server_serialise_trees_size": 141372,
        "fit_time": 1.7499949932098389,
        "client_serialise_trees_size": 3002331,
        "final_server_serialise_trees_size": 15826564,
        "f1_score": 0.9661926226008868,
        "mcc": 0.9482398928676438,
        "accuracy": 0.9592641261498029,
        "precision": 0.969080088222824,
        "recall": 0.965199864863052,
        "confusion_matrix": [
            [
                0.9856262833675564,
                0.002053388090349076,
                0.012320328542094456,
                0.0,
                0.0,
                0.0
            ],
            [
                0.01278772378516624,
                0.9744245524296675,
                0.010230179028132993,
                0.0,
                0.0025575447570332483,
                0.0
            ],
            [
                0.04304635761589404,
                0.0016556291390728477,
                0.9552980132450332,
                0.0,
                0.0,
                0.0
            ],
            [
                0.0,
                0.0,
                0.0,
                1.0,
                0.0,
                0.0
            ],
            [
                0.0,
                0.015306122448979591,
                0.10884353741496598,
                0.0,
                0.8758503401360545,
                0.0
            ],
            [
                0.0,
                0.0,
                0.0,
                0.0,
                0.0,
                1.0
            ]
        ],
        "confusion_matrix_labels": [
            "DoS/DDoS",
            "Info_Gathering",
            "Injection",
            "MITM",
            "Malware",
            "Normal"
        ],
        "round_time": 15.140286445617676,
        "round_start_time": 1764807758.5896173,
        "round_end_time": 1764807773.7299037,
        "evaluate_time": 0.7317681312561035,
        "inference_time": 0.11246490478515625
    },
    "16": {
        "trees_by_client": 170,
        "first_server_serialise_trees_size": 151368,
        "fit_time": 1.5500202178955078,
        "client_serialise_trees_size": 3213495,
        "final_server_serialise_trees_size": 16619055,
        "f1_score": 0.9672581685579184,
        "mcc": 0.9498873748916289,
        "accuracy": 0.9605781865965834,
        "precision": 0.9701754568022737,
        "recall": 0.9661089896354796,
        "confusion_matrix": [
            [
                0.9876796714579056,
                0.001026694045174538,
                0.011293634496919919,
                0.0,
                0.0,
                0.0
            ],
            [
                0.01278772378516624,
                0.9744245524296675,
                0.010230179028132993,
                0.0,
                0.0025575447570332483,
                0.0
            ],
            [
                0.04304635761589404,
                0.0016556291390728477,
                0.9552980132450332,
                0.0,
                0.0,
                0.0
            ],
            [
                0.0,
                0.0,
                0.0,
                1.0,
                0.0,
                0.0
            ],
            [
                0.0,
                0.015306122448979591,
                0.1054421768707483,
                0.0,
                0.8792517006802721,
                0.0
            ],
            [
                0.0,
                0.0,
                0.0,
                0.0,
                0.0,
                1.0
            ]
        ],
        "confusion_matrix_labels": [
            "DoS/DDoS",
            "Info_Gathering",
            "Injection",
            "MITM",
            "Malware",
            "Normal"
        ],
        "round_time": 15.398488759994507,
        "round_start_time": 1764807789.0024626,
        "round_end_time": 1764807804.4009514,
        "evaluate_time": 0.8079805374145508,
        "inference_time": 0.07804131507873535
    },
    "17": {
        "trees_by_client": 180,
        "first_server_serialise_trees_size": 160349,
        "fit_time": 1.7978401184082031,
        "client_serialise_trees_size": 3417428,
        "final_server_serialise_trees_size": 17686587,
        "f1_score": 0.9681038454658651,
        "mcc": 0.9511076265099943,
        "accuracy": 0.9615637319316689,
        "precision": 0.9708549308406843,
        "recall": 0.9669593297715341,
        "confusion_matrix": [
            [
                0.9876796714579056,
                0.001026694045174538,
                0.011293634496919919,
                0.0,
                0.0,
                0.0
            ],
            [
                0.01278772378516624,
                0.9744245524296675,
                0.010230179028132993,
                0.0,
                0.0025575447570332483,
                0.0
            ],
            [
                0.04304635761589404,
                0.0016556291390728477,
                0.9552980132450332,
                0.0,
                0.0,
                0.0
            ],
            [
                0.0,
                0.0,
                0.0,
                1.0,
                0.0,
                0.0
            ],
            [
                0.0,
                0.015306122448979591,
                0.10034013605442177,
                0.0,
                0.8843537414965986,
                0.0
            ],
            [
                0.0,
                0.0,
                0.0,
                0.0,
                0.0,
                1.0
            ]
        ],
        "confusion_matrix_labels": [
            "DoS/DDoS",
            "Info_Gathering",
            "Injection",
            "MITM",
            "Malware",
            "Normal"
        ],
        "round_time": 16.572840690612793,
        "round_start_time": 1764807819.6249628,
        "round_end_time": 1764807836.1978035,
        "evaluate_time": 0.6577467918395996,
        "inference_time": 0.06827020645141602
    },
    "18": {
        "trees_by_client": 190,
        "first_server_serialise_trees_size": 170688,
        "fit_time": 1.4217991828918457,
        "client_serialise_trees_size": 3588856,
        "final_server_serialise_trees_size": 18498369,
        "f1_score": 0.9681038454658651,
        "mcc": 0.9511076265099943,
        "accuracy": 0.9615637319316689,
        "precision": 0.9708549308406843,
        "recall": 0.9669593297715341,
        "confusion_matrix": [
            [
                0.9876796714579056,
                0.001026694045174538,
                0.011293634496919919,
                0.0,
                0.0,
                0.0
            ],
            [
                0.01278772378516624,
                0.9744245524296675,
                0.010230179028132993,
                0.0,
                0.0025575447570332483,
                0.0
            ],
            [
                0.04304635761589404,
                0.0016556291390728477,
                0.9552980132450332,
                0.0,
                0.0,
                0.0
            ],
            [
                0.0,
                0.0,
                0.0,
                1.0,
                0.0,
                0.0
            ],
            [
                0.0,
                0.015306122448979591,
                0.10034013605442177,
                0.0,
                0.8843537414965986,
                0.0
            ],
            [
                0.0,
                0.0,
                0.0,
                0.0,
                0.0,
                1.0
            ]
        ],
        "confusion_matrix_labels": [
            "DoS/DDoS",
            "Info_Gathering",
            "Injection",
            "MITM",
            "Malware",
            "Normal"
        ],
        "round_time": 16.47614574432373,
        "round_start_time": 1764807851.3687432,
        "round_end_time": 1764807867.844889,
        "evaluate_time": 0.7069528102874756,
        "inference_time": 0.11146330833435059
    },
    "19": {
        "trees_by_client": 200,
        "first_server_serialise_trees_size": 179792,
        "fit_time": 2.0543365478515625,
        "client_serialise_trees_size": 3800796,
        "final_server_serialise_trees_size": 19436517,
        "f1_score": 0.9662041313727835,
        "mcc": 0.9482544211283949,
        "accuracy": 0.9592641261498029,
        "precision": 0.9692744539976702,
        "recall": 0.9650875338252295,
        "confusion_matrix": [
            [
                0.9866529774127311,
                0.001026694045174538,
                0.012320328542094456,
                0.0,
                0.0,
                0.0
            ],
            [
                0.01278772378516624,
                0.9744245524296675,
                0.010230179028132993,
                0.0,
                0.0025575447570332483,
                0.0
            ],
            [
                0.04304635761589404,
                0.0016556291390728477,
                0.9552980132450332,
                0.0,
                0.0,
                0.0
            ],
            [
                0.0,
                0.0,
                0.0,
                1.0,
                0.0,
                0.0
            ],
            [
                0.0,
                0.015306122448979591,
                0.11054421768707483,
                0.0,
                0.8741496598639455,
