{
    "0": {
        "trees_by_client": 10,
        "first_server_serialise_trees_size": 9473,
        "fit_time": 0.0284273624420166,
        "client_serialise_trees_size": 13898,
        "final_server_serialise_trees_size": 72790,
        "f1_score": 0.7497778317024723,
        "mcc": 0.6652459135182607,
        "accuracy": 0.7197766097240473,
        "precision": 0.8393393165615314,
        "recall": 0.7468479257278616,
        "confusion_matrix": [
            [
                0.5718685831622177,
                0.0,
                0.22484599589322382,
                0.0,
                0.2032854209445585,
                0.0
            ],
            [
                0.04092071611253197,
                0.37851662404092073,
                0.1278772378516624,
                0.0,
                0.45268542199488493,
                0.0
            ],
            [
                0.0033112582781456954,
                0.0,
                0.9966887417218543,
                0.0,
                0.0,
                0.0
            ],
            [
                0.14285714285714285,
                0.0,
                0.0,
                0.8571428571428571,
                0.0,
                0.0
            ],
            [
                0.02040816326530612,
                0.0,
                0.30272108843537415,
                0.0,
                0.6768707482993197,
                0.0
            ],
            [
                0.0,
                0.0,
                0.0,
                0.0,
                0.0,
                1.0
            ]
        ],
        "round_time": 2.1779427528381348,
        "round_start_time": 1764364713.376801,
        "round_end_time": 1764364715.5547438,
        "evaluate_time": 0.19234013557434082,
        "inference_time": 0.0042607784271240234
    },
    "1": {
        "trees_by_client": 20,
        "first_server_serialise_trees_size": 9389,
        "fit_time": 0.10206818580627441,
        "client_serialise_trees_size": 27345,
        "final_server_serialise_trees_size": 145950,
        "f1_score": 0.7785965867324021,
        "mcc": 0.7085626471110242,
        "accuracy": 0.7611695137976346,
        "precision": 0.8545932287733264,
        "recall": 0.7701489964196852,
        "confusion_matrix": [
            [
                0.6930184804928131,
                0.0,
                0.22484599589322382,
                0.0,
                0.08213552361396304,
                0.0
            ],
            [
                0.23017902813299232,
                0.3938618925831202,
                0.09974424552429667,
                0.0,
                0.27621483375959077,
                0.0
            ],
            [
                0.0,
                0.0,
                1.0,
                0.0,
                0.0,
                0.0
            ],
            [
                0.14285714285714285,
                0.0,
                0.0,
                0.8571428571428571,
                0.0,
                0.0
            ],
            [
                0.02040816326530612,
                0.0,
                0.30272108843537415,
                0.0,
                0.6768707482993197,
                0.0
            ],
            [
                0.0,
                0.0,
                0.0,
                0.0,
                0.0,
                1.0
            ]
        ],
        "round_time": 4.659866809844971,
        "round_start_time": 1764364730.7516572,
        "round_end_time": 1764364735.411524,
        "evaluate_time": 0.21234869956970215,
        "inference_time": 0.013857364654541016
    },
    "2": {
        "trees_by_client": 30,
        "first_server_serialise_trees_size": 18992,
        "fit_time": 0.1556563377380371,
        "client_serialise_trees_size": 42164,
        "final_server_serialise_trees_size": 203337,
        "f1_score": 0.7792506905148344,
        "mcc": 0.7082306520615139,
        "accuracy": 0.7608409986859396,
        "precision": 0.8545787862361821,
        "recall": 0.7703014904723018,
        "confusion_matrix": [
            [
                0.6930184804928131,
                0.0,
                0.22484599589322382,
                0.0,
                0.08213552361396304,
                0.0
            ],
            [
                0.23017902813299232,
                0.40153452685422,
                0.10485933503836317,
                0.0,
                0.26342710997442453,
                0.0
            ],
            [
                0.0016556291390728477,
                0.0,
                0.9983443708609272,
                0.0,
                0.0,
                0.0
            ],
            [
                0.14285714285714285,
                0.0,
                0.0,
                0.8571428571428571,
                0.0,
                0.0
            ],
            [
                0.02040816326530612,
                0.0,
                0.3078231292517007,
                0.0,
                0.6717687074829932,
                0.0
            ],
            [
                0.0,
                0.0,
                0.0,
                0.0,
                0.0,
                1.0
            ]
        ],
        "round_time": 3.511890172958374,
        "round_start_time": 1764364750.658658,
        "round_end_time": 1764364754.1705482,
        "evaluate_time": 0.20760083198547363,
        "inference_time": 0.018265724182128906
    },
    "3": {
        "trees_by_client": 40,
        "first_server_serialise_trees_size": 28380,
        "fit_time": 0.2645580768585205,
        "client_serialise_trees_size": 29245,
        "final_server_serialise_trees_size": 252319,
        "f1_score": 0.7546728001347133,
        "mcc": 0.6653039305561791,
        "accuracy": 0.7233902759526938,
        "precision": 0.8285616039786491,
        "recall": 0.7487215669042255,
        "confusion_matrix": [
            [
                0.5995893223819302,
                0.0,
                0.22484599589322382,
                0.0,
                0.175564681724846,
                0.0
            ],
            [
                0.08951406649616368,
                0.40664961636828645,
                0.09974424552429667,
                0.0,
                0.4040920716112532,
                0.0
            ],
            [
                0.0016556291390728477,
                0.014900662251655629,
                0.9486754966887417,
                0.0,
                0.0347682119205298,
                0.0
            ],
            [
                0.14285714285714285,
                0.0,
                0.0,
                0.8571428571428571,
                0.0,
                0.0
            ],
            [
                0.02040816326530612,
                0.0,
                0.29931972789115646,
                0.0,
                0.6802721088435374,
                0.0
            ],
            [
                0.0,
                0.0,
                0.0,
                0.0,
                0.0,
                1.0
            ]
        ],
        "round_time": 4.099398851394653,
        "round_start_time": 1764364769.5046978,
        "round_end_time": 1764364773.6040967,
        "evaluate_time": 0.2635951042175293,
        "inference_time": 0.015257835388183594
    },
    "4": {
        "trees_by_client": 50,
        "first_server_serialise_trees_size": 37682,
        "fit_time": 0.3640604019165039,
        "client_serialise_trees_size": 69261,
        "final_server_serialise_trees_size": 349139,
        "f1_score": 0.785756030952068,
        "mcc": 0.6965569385208707,
        "accuracy": 0.7529566360052562,
        "precision": 0.8479132579267584,
        "recall": 0.7868066528597444,
        "confusion_matrix": [
            [
                0.6930184804928131,
                0.0,
                0.22484599589322382,
                0.0,
                0.08213552361396304,
                0.0
            ],
            [
                0.23017902813299232,
                0.3938618925831202,
                0.09718670076726342,
                0.0,
                0.27877237851662406,
                0.0
            ],
            [
                0.0016556291390728477,
                0.0,
                0.9519867549668874,
                0.0,
                0.046357615894039736,
                0.0
            ],
            [
                0.0,
                0.0,
                0.0,
                1.0,
                0.0,
                0.0
            ],
            [
                0.02040816326530612,
                0.0,
                0.2976190476190476,
                0.0,
                0.6819727891156463,
                0.0
            ],
            [
                0.0,
                0.0,
                0.0,
                0.0,
                0.0,
                1.0
            ]
        ],
        "round_time": 4.479174613952637,
        "round_start_time": 1764364788.8796878,
        "round_end_time": 1764364793.3588624,
        "evaluate_time": 0.20032811164855957,
        "inference_time": 0.03184914588928223
    },
    "5": {
        "trees_by_client": 60,
        "first_server_serialise_trees_size": 47452,
        "fit_time": 0.44165468215942383,
        "client_serialise_trees_size": 48775,
        "final_server_serialise_trees_size": 293326,
        "f1_score": 0.7420946744039433,
        "mcc": 0.6460633881242918,
        "accuracy": 0.704664914586071,
        "precision": 0.8287558139773893,
        "recall": 0.7521894315090139,
        "confusion_matrix": [
            [
                0.5790554414784395,
                0.0,
                0.22484599589322382,
                0.0,
                0.19609856262833675,
                0.0
            ],
            [
                0.056265984654731455,
                0.2966751918158568,
                0.20971867007672634,
                0.0,
                0.4373401534526854,
                0.0
            ],
            [
                0.0016556291390728477,
                0.006622516556291391,
                0.9503311258278145,
                0.0,
                0.041390728476821195,
                0.0
            ],
            [
                0.0,
                0.0,
                0.0,
                1.0,
                0.0,
                0.0
            ],
            [
                0.011904761904761904,
                0.0,
                0.3010204081632653,
                0.0,
                0.6870748299319728,
                0.0
            ],
            [
                0.0,
                0.0,
                0.0,
                0.0,
                0.0,
                1.0
            ]
        ],
        "round_time": 5.089519262313843,
        "round_start_time": 1764364808.5848625,
        "round_end_time": 1764364813.6743817,
        "evaluate_time": 0.2747981548309326,
        "inference_time": 0.0350337028503418
    },
    "6": {
        "trees_by_client": 70,
        "first_server_serialise_trees_size": 56452,
        "fit_time": 0.4605827331542969,
        "client_serialise_trees_size": 94822,
        "final_server_serialise_trees_size": 406714,
        "f1_score": 0.7186521308593239,
        "mcc": 0.6572031722836124,
        "accuracy": 0.7194480946123522,
        "precision": 0.8364062777844558,
        "recall": 0.7221999146850621,
        "confusion_matrix": [
            [
                0.6930184804928131,
                0.0,
                0.22484599589322382,
                0.0,
                0.08213552361396304,
                0.0
            ],
            [
                0.23017902813299232,
                0.17391304347826086,
                0.31202046035805625,
                0.0,
                0.28388746803069054,
                0.0
            ],
            [
                0.0016556291390728477,
                0.0,
                0.9271523178807947,
                0.0,
                0.07119205298013245,
                0.0
            ],
            [
                0.14285714285714285,
                0.0,
                0.0,
                0.8571428571428571,
                0.0,
                0.0
            ],
            [
                0.02040816326530612,
                0.0,
                0.2976190476190476,
                0.0,
                0.6819727891156463,
                0.0
            ],
            [
                0.0,
                0.0,
                0.0,
                0.0,
                0.0,
                1.0
            ]
        ],
        "round_time": 5.665803909301758,
        "round_start_time": 1764364828.893722,
        "round_end_time": 1764364834.559526,
        "evaluate_time": 0.2937290668487549,
        "inference_time": 0.008588075637817383
    },
    "7": {
        "trees_by_client": 80,
        "first_server_serialise_trees_size": 65873,
        "fit_time": 0.5015554428100586,
        "client_serialise_trees_size": 110279,
        "final_server_serialise_trees_size": 540721,
        "f1_score": 0.7857253586851632,
        "mcc": 0.7005469707283251,
        "accuracy": 0.7539421813403416,
        "precision": 0.8506561277959407,
        "recall": 0.7889584294851476,
        "confusion_matrix": [
            [
                0.6765913757700205,
                0.0,
                0.22484599589322382,
                0.0,
                0.09856262833675565,
                0.0
            ],
            [
                0.2071611253196931,
                0.3887468030690537,
                0.11764705882352941,
                0.0,
                0.2864450127877238,
                0.0
            ],
            [
                0.0016556291390728477,
                0.0,
                0.9983443708609272,
                0.0,
                0.0,
                0.0
            ],
            [
                0.0,
                0.0,
                0.0,
                1.0,
                0.0,
                0.0
            ],
            [
                0.02040816326530612,
                0.0,
                0.30952380952380953,
                0.0,
                0.6700680272108843,
                0.0
            ],
            [
                0.0,
                0.0,
                0.0,
                0.0,
                0.0,
                1.0
            ]
        ],
        "round_time": 6.624651670455933,
        "round_start_time": 1764364849.8636887,
        "round_end_time": 1764364856.4883404,
        "evaluate_time": 0.31679439544677734,
        "inference_time": 0.046875715255737305
    },
    "8": {
        "trees_by_client": 90,
        "first_server_serialise_trees_size": 75139,
        "fit_time": 0.563720703125,
        "client_serialise_trees_size": 122961,
        "final_server_serialise_trees_size": 429367,
        "f1_score": 0.7541874365169466,
        "mcc": 0.6855884156084151,
        "accuracy": 0.7424441524310118,
        "precision": 0.8465477007891254,
        "recall": 0.7488662151432433,
        "confusion_matrix": [
            [
                0.6930184804928131,
                0.0,
                0.22484599589322382,
                0.0,
                0.08213552361396304,
                0.0
            ],
            [
                0.23017902813299232,
                0.29923273657289,
                0.2071611253196931,
                0.0,
                0.26342710997442453,
                0.0
            ],
            [
                0.0016556291390728477,
                0.0,
                0.9652317880794702,
                0.0,
                0.033112582781456956,
                0.0
            ],
            [
                0.14285714285714285,
                0.0,
                0.0,
                0.8571428571428571,
                0.0,
                0.0
            ],
            [
                0.02040816326530612,
                0.0,
                0.3010204081632653,
                0.0,
                0.6785714285714286,
                0.0
            ],
            [
                0.0,
                0.0,
                0.0,
                0.0,
                0.0,
                1.0
            ]
        ],
        "round_time": 6.540642499923706,
        "round_start_time": 1764364871.7466931,
        "round_end_time": 1764364878.2873356,
        "evaluate_time": 0.35834360122680664,
        "inference_time": 0.016814231872558594
    },
    "9": {
        "trees_by_client": 100,
        "first_server_serialise_trees_size": 84959,
        "fit_time": 1.027470350265503,
        "client_serialise_trees_size": 137703,
        "final_server_serialise_trees_size": 580687,
        "f1_score": 0.7885557489571839,
        "mcc": 0.6974554080314704,
        "accuracy": 0.7539421813403416,
        "precision": 0.8437786058698636,
        "recall": 0.7889798323340488,
        "confusion_matrix": [
            [
                0.6930184804928131,
                0.0,
                0.22484599589322382,
                0.0,
                0.08213552361396304,
                0.0
            ],
            [
                0.22250639386189258,
                0.41687979539641945,
                0.08951406649616368,
                0.0,
                0.2710997442455243,
                0.0
            ],
            [
                0.0016556291390728477,
                0.008278145695364239,
                0.9437086092715232,
                0.0,
                0.046357615894039736,
                0.0
            ],
            [
                0.0,
                0.0,
                0.0,
                1.0,
                0.0,
                0.0
            ],
            [
                0.02040816326530612,
                0.0,
                0.29931972789115646,
                0.0,
                0.6802721088435374,
                0.0
            ],
            [
                0.0,
                0.0,
                0.0,
                0.0,
                0.0,
                1.0
            ]
        ],
        "round_time": 8.017821550369263,
        "round_start_time": 1764364893.5396512,
        "round_end_time": 1764364901.5574727,
        "evaluate_time": 0.375347375869751,
        "inference_time": 0.05508542060852051
    },
    "10": {
        "trees_by_client": 110,
        "first_server_serialise_trees_size": 94626,
        "fit_time": 0.5766425132751465,
        "client_serialise_trees_size": 152535,
        "final_server_serialise_trees_size": 514979,
        "f1_score": 0.7560277373622467,
        "mcc": 0.696335291960185,
        "accuracy": 0.7522996057818659,
        "precision": 0.8486752816037786,
        "recall": 0.7382706725783912,
        "confusion_matrix": [
            [
                0.6930184804928131,
                0.0,
                0.22484599589322382,
                0.0,
                0.08213552361396304,
                0.0
            ],
            [
                0.23017902813299232,
                0.37851662404092073,
                0.11508951406649616,
                0.0,
                0.27621483375959077,
                0.0
            ],
            [
                0.0016556291390728477,
                0.0,
                0.9652317880794702,
                0.0,
                0.033112582781456956,
                0.0
            ],
            [
                0.2857142857142857,
                0.0,
                0.0,
                0.7142857142857143,
                0.0,
                0.0
            ],
            [
                0.02040816326530612,
                0.0,
                0.3010204081632653,
                0.0,
                0.6785714285714286,
                0.0
            ],
            [
                0.0,
                0.0,
                0.0,
                0.0,
                0.0,
                1.0
            ]
        ],
        "round_time": 7.344184398651123,
        "round_start_time": 1764364916.8636618,
        "round_end_time": 1764364924.2078462,
        "evaluate_time": 0.27631235122680664,
        "inference_time": 0.011238813400268555
    },
    "11": {
        "trees_by_client": 120,
        "first_server_serialise_trees_size": 104066,
        "fit_time": 0.7565701007843018,
        "client_serialise_trees_size": 165738,
        "final_server_serialise_trees_size": 840837,
        "f1_score": 0.7815569306752299,
        "mcc": 0.7104892708690796,
        "accuracy": 0.7628120893561103,
        "precision": 0.8554076966846003,
        "recall": 0.7724306029868728,
        "confusion_matrix": [
            [
                0.6930184804928131,
                0.0,
                0.22484599589322382,
                0.0,
                0.08213552361396304,
                0.0
            ],
            [
                0.23017902813299232,
                0.4092071611253197,
                0.09718670076726342,
                0.0,
                0.26342710997442453,
                0.0
            ],
            [
                0.0016556291390728477,
                0.0,
                0.9983443708609272,
                0.0,
                0.0,
                0.0
            ],
            [
                0.14285714285714285,
                0.0,
                0.0,
                0.8571428571428571,
                0.0,
                0.0
            ],
            [
                0.02040816326530612,
                0.0,
                0.30272108843537415,
                0.0,
                0.6768707482993197,
                0.0
            ],
            [
                0.0,
                0.0,
                0.0,
                0.0,
                0.0,
                1.0
            ]
        ],
        "round_time": 9.961857795715332,
        "round_start_time": 1764364939.3916638,
        "round_end_time": 1764364949.3535216,
        "evaluate_time": 0.22170472145080566,
        "inference_time": 0.0350337028503418
    },
    "12": {
        "trees_by_client": 130,
        "first_server_serialise_trees_size": 113778,
        "fit_time": 0.650904655456543,
        "client_serialise_trees_size": 179686,
        "final_server_serialise_trees_size": 649041,
        "f1_score": 0.7786778281034031,
        "mcc": 0.7046891608137661,
        "accuracy": 0.7588699080157687,
        "precision": 0.8522308347113136,
        "recall": 0.768991551005585,
        "confusion_matrix": [
            [
                0.6930184804928131,
                0.0,
                0.22484599589322382,
                0.0,
                0.08213552361396304,
                0.0
            ],
            [
                0.23017902813299232,
                0.40664961636828645,
                0.09974424552429667,
                0.0,
                0.26342710997442453,
                0.0
            ],
            [
                0.0016556291390728477,
                0.0,
                0.9751655629139073,
                0.0,
                0.023178807947019868,
                0.0
            ],
            [
                0.14285714285714285,
                0.0,
                0.0,
                0.8571428571428571,
                0.0,
                0.0
            ],
            [
                0.02040816326530612,
                0.0,
                0.2976190476190476,
                0.0,
                0.6819727891156463,
                0.0
            ],
            [
                0.0,
                0.0,
                0.0,
                0.0,
                0.0,
                1.0
            ]
        ],
        "round_time": 8.254870176315308,
        "round_start_time": 1764364964.4698756,
        "round_end_time": 1764364972.7247458,
        "evaluate_time": 0.5012507438659668,
        "inference_time": 0.018901586532592773
    },
    "13": {
        "trees_by_client": 140,
        "first_server_serialise_trees_size": 122684,
        "fit_time": 1.1515216827392578,
        "client_serialise_trees_size": 193355,
        "final_server_serialise_trees_size": 666423,
        "f1_score": 0.7682834726176635,
        "mcc": 0.6914956204727607,
        "accuracy": 0.7490144546649146,
        "precision": 0.8458543819281291,
        "recall": 0.7589095740743,
        "confusion_matrix": [
            [
                0.6930184804928131,
                0.0,
                0.22484599589322382,
                0.0,
                0.08213552361396304,
                0.0
            ],
            [
                0.23017902813299232,
                0.37595907928388744,
                0.10741687979539642,
                0.0,
                0.2864450127877238,
                0.0
            ],
            [
                0.0016556291390728477,
                0.0,
                0.945364238410596,
                0.0,
                0.052980132450331126,
                0.0
            ],
            [
                0.14285714285714285,
                0.0,
                0.0,
                0.8571428571428571,
                0.0,
                0.0
            ],
            [
                0.02040816326530612,
                0.0,
                0.2976190476190476,
                0.0,
                0.6819727891156463,
                0.0
            ],
            [
                0.0,
                0.0,
                0.0,
                0.0,
                0.0,
                1.0
            ]
        ],
        "round_time": 10.449012279510498,
        "round_start_time": 1764364987.9307601,
        "round_end_time": 1764364998.3797724,
        "evaluate_time": 0.49095726013183594,
        "inference_time": 0.018436431884765625
    },
    "14": {
        "trees_by_client": 150,
        "first_server_serialise_trees_size": 131897,
        "fit_time": 1.2281723022460938,
        "client_serialise_trees_size": 135324,
        "final_server_serialise_trees_size": 879977,
        "f1_score": 0.7316938848738074,
        "mcc": 0.6427027723034758,
        "accuracy": 0.7053219448094612,
        "precision": 0.8222221396713643,
        "recall": 0.74487153443363,
        "confusion_matrix": [
            [
                0.6160164271047228,
                0.0,
                0.22484599589322382,
                0.0,
                0.1591375770020534,
                0.0
            ],
            [
                0.17902813299232737,
                0.22762148337595908,
                0.27877237851662406,
                0.0,
                0.3145780051150895,
                0.0
            ],
            [
                0.0016556291390728477,
                0.006622516556291391,
                0.9470198675496688,
                0.0,
                0.04470198675496689,
                0.0
            ],
            [
                0.0,
                0.0,
                0.0,
                1.0,
                0.0,
                0.0
            ],
            [
                0.02040816326530612,
                0.0,
                0.3010204081632653,
                0.0,
                0.6785714285714286,
                0.0
            ],
            [
                0.0,
                0.0,
                0.0,
                0.0,
                0.0,
                1.0
            ]
        ],
        "round_time": 10.710137844085693,
        "round_start_time": 1764365013.7216945,
        "round_end_time": 1764365024.4318323,
        "evaluate_time": 0.4171566963195801,
        "inference_time": 0.06564593315124512
    },
    "15": {
        "trees_by_client": 160,
        "first_server_serialise_trees_size": 141509,
        "fit_time": 1.4194610118865967,
        "client_serialise_trees_size": 220643,
        "final_server_serialise_trees_size": 1117937,
        "f1_score": 0.7878345579217343,
        "mcc": 0.7019566938953982,
        "accuracy": 0.7559132720105125,
        "precision": 0.851213260196311,
        "recall": 0.7901061511270334,
        "confusion_matrix": [
            [
                0.6848049281314168,
                0.0,
                0.22484599589322382,
                0.0,
                0.09034907597535935,
                0.0
            ],
            [
                0.22250639386189258,
                0.3938618925831202,
                0.11253196930946291,
                0.0,
                0.2710997442455243,
                0.0
            ],
            [
                0.0016556291390728477,
                0.0,
                0.9850993377483444,
                0.0,
                0.013245033112582781,
                0.0
            ],
            [
                0.0,
                0.0,
                0.0,
                1.0,
                0.0,
                0.0
            ],
            [
                0.02040816326530612,
                0.0,
                0.30272108843537415,
                0.0,
                0.6768707482993197,
                0.0
            ],
            [
                0.0,
                0.0,
                0.0,
                0.0,
                0.0,
                1.0
            ]
        ],
        "round_time": 12.911772012710571,
        "round_start_time": 1764365039.7377658,
        "round_end_time": 1764365052.6495378,
        "evaluate_time": 0.4126145839691162,
        "inference_time": 0.05964374542236328
    },
    "16": {
        "trees_by_client": 170,
        "first_server_serialise_trees_size": 150787,
        "fit_time": 1.1258044242858887,
        "client_serialise_trees_size": 154778,
        "final_server_serialise_trees_size": 818912,
        "f1_score": 0.7352811395366939,
        "mcc": 0.6368119291861987,
        "accuracy": 0.6987516425755584,
        "precision": 0.7861715479848276,
        "recall": 0.7471850014809321,
        "confusion_matrix": [
            [
                0.5790554414784395,
                0.0,
                0.22484599589322382,
                0.0,
                0.19609856262833675,
                0.0
            ],
            [
                0.05115089514066496,
                0.2966751918158568,
                0.20971867007672634,
                0.0,
                0.4424552429667519,
                0.0
            ],
            [
                0.0,
                0.07119205298013245,
                0.9288079470198676,
                0.0,
                0.0,
                0.0
            ],
            [
                0.0,
                0.0,
                0.0,
                1.0,
                0.0,
                0.0
            ],
            [
                0.011904761904761904,
                0.011904761904761904,
                0.2976190476190476,
                0.0,
                0.6785714285714286,
                0.0
            ],
            [
                0.0,
                0.0,
                0.0,
                0.0,
                0.0,
                1.0
            ]
        ],
        "round_time": 12.069205522537231,
        "round_start_time": 1764365067.8574915,
        "round_end_time": 1764365079.926697,
        "evaluate_time": 0.6314597129821777,
        "inference_time": 0.07407546043395996
    },
    "17": {
        "trees_by_client": 180,
        "first_server_serialise_trees_size": 160341,
        "fit_time": 0.9795436859130859,
        "client_serialise_trees_size": 164584,
        "final_server_serialise_trees_size": 831360,
        "f1_score": 0.7744196494058576,
        "mcc": 0.678982298408738,
        "accuracy": 0.7424441524310118,
        "precision": 0.7949851908219548,
        "recall": 0.777972389577898,
        "confusion_matrix": [
            [
                0.7012320328542094,
                0.02053388090349076,
                0.19609856262833675,
                0.0,
                0.08213552361396304,
                0.0
            ],
            [
                0.23017902813299232,
                0.4092071611253197,
                0.09718670076726342,
                0.0,
                0.26342710997442453,
                0.0
            ],
            [
                0.019867549668874173,
                0.08940397350993377,
                0.890728476821192,
                0.0,
                0.0,
                0.0
            ],
            [
                0.0,
                0.0,
                0.0,
                1.0,
                0.0,
                0.0
            ],
            [
                0.022108843537414966,
                0.013605442176870748,
                0.2976190476190476,
                0.0,
                0.6666666666666666,
                0.0
            ],
            [
                0.0,
                0.0,
                0.0,
                0.0,
                0.0,
                1.0
            ]
        ],
        "round_time": 11.989381790161133,
        "round_start_time": 1764365095.165774,
        "round_end_time": 1764365107.155156,
        "evaluate_time": 0.5818748474121094,
        "inference_time": 0.08108186721801758
    },
    "18": {
        "trees_by_client": 190,
        "first_server_serialise_trees_size": 169746,
        "fit_time": 1.2020530700683594,
        "client_serialise_trees_size": 174117,
        "final_server_serialise_trees_size": 1044960,
        "f1_score": 0.7616122467022786,
        "mcc": 0.6927288210461142,
        "accuracy": 0.7480289093298291,
        "precision": 0.8402054858215845,
        "recall": 0.7554587552209885,
        "confusion_matrix": [
            [
                0.6930184804928131,
                0.0,
                0.22484599589322382,
                0.0,
                0.08213552361396304,
                0.0
            ],
            [
                0.23017902813299232,
                0.33248081841432225,
                0.17391304347826086,
                0.0,
                0.26342710997442453,
                0.0
            ],
            [
                0.0016556291390728477,
                0.014900662251655629,
                0.9834437086092715,
                0.0,
                0.0,
                0.0
            ],
            [
                0.14285714285714285,
                0.0,
                0.0,
                0.8571428571428571,
                0.0,
                0.0
            ],
            [
                0.02040816326530612,
                0.0,
                0.3129251700680272,
                0.0,
                0.6666666666666666,
                0.0
            ],
            [
                0.0,
                0.0,
                0.0,
                0.0,
                0.0,
                1.0
            ]
        ],
        "round_time": 12.422308921813965,
        "round_start_time": 1764365122.4666665,
        "round_end_time": 1764365134.8889754,
        "evaluate_time": 0.6022059917449951,
        "inference_time": 0.09907221794128418
    },
    "19": {
        "trees_by_client": 200,
        "first_server_serialise_trees_size": 179110,
        "fit_time": 1.5911619663238525,
        "client_serialise_trees_size": 183746,
        "final_server_serialise_trees_size": 931090,
        "f1_score": 0.7420728849295676,
        "mcc": 0.6397971965390309,
        "accuracy": 0.7017082785808147,
        "precision": 0.7921927889946346,
        "recall": 0.7519115186464389,
        "confusion_matrix": [
            [
                0.5770020533880903,
                0.0,
                0.22484599589322382,
                0.0,
                0.19815195071868583,
                0.0
            ],
            [
                0.04603580562659847,
                0.3350383631713555,
                0.17135549872122763,
                0.0,
                0.4475703324808184,
                0.0
            ],
            [
                0.0,
                0.07119205298013245,
                0.9288079470198676,
                0.0,
                0.0,
                0.0
            ],
            [
                0.0,
                0.0,
                0.0,
                1.0,
                0.0,
                0.0
            ],
            [
                0.02040816326530612,
                0.00510204081632653,
                0.2976190476190476,
                0.0,
                0.6768707482993197,
                0.0
            ],
            [
                0.00625,
                0.0,
                0.0,
                0.0,
                0.0,
                0.99375
            ]
        ],
        "round_time": 13.824759721755981,
        "round_start_time": 1764365150.1666653,
        "round_end_time": 1764365163.991425,
        "evaluate_time": 0.5807046890258789,
        "inference_time": 0.023303747177124023
    },
    "20": {
        "trees_by_client": 210,
        "first_server_serialise_trees_size": 188551,
        "fit_time": 1.2757842540740967,
        "client_serialise_trees_size": 293309,
        "final_server_serialise_trees_size": 1363378,
        "f1_score": 0.7916179114672101,
        "mcc": 0.7079502704770009,
        "accuracy": 0.7605124835742444,
        "precision": 0.8543971261215725,
        "recall": 0.7935441208577894,
        "confusion_matrix": [
            [
                0.6930184804928131,
                0.0,
                0.22484599589322382,
                0.0,
                0.08213552361396304,
                0.0
            ],
            [
                0.23017902813299232,
                0.40153452685422,
                0.10485933503836317,
                0.0,
                0.26342710997442453,
                0.0
            ],
            [
                0.0016556291390728477,
                0.0,
                0.9983443708609272,
                0.0,
                0.0,
                0.0
            ],
            [
                0.0,
                0.0,
                0.0,
                1.0,
                0.0,
                0.0
            ],
            [
                0.02040816326530612,
                0.0,
                0.3112244897959184,
                0.0,
                0.6683673469387755,
                0.0
            ],
            [
                0.0,
                0.0,
                0.0,
                0.0,
                0.0,
                1.0
            ]
        ],
        "round_time": 15.088712692260742,
        "round_start_time": 1764365179.1626627,
        "round_end_time": 1764365194.2513754,
        "evaluate_time": 0.6943259239196777,
        "inference_time": 0.11501455307006836
    },
    "21": {
        "trees_by_client": 220,
        "first_server_serialise_trees_size": 198548,
        "fit_time": 1.5155508518218994,
        "client_serialise_trees_size": 203983,
        "final_server_serialise_trees_size": 1127376,
        "f1_score": 0.7362924906882883,
        "mcc": 0.6477001698704913,
        "accuracy": 0.7115637319316689,
        "precision": 0.7838625999546522,
        "recall": 0.7479388800939492,
        "confusion_matrix": [
            [
                0.6457905544147844,
                0.0,
                0.22484599589322382,
                0.0,
                0.1293634496919918,
                0.0
            ],
            [
                0.18414322250639387,
                0.24296675191815856,
                0.26342710997442453,
                0.0,
                0.309462915601023,
                0.0
            ],
            [
                0.0,
                0.07119205298013245,
                0.9288079470198676,
                0.0,
                0.0,
                0.0
            ],
            [
                0.0,
                0.0,
                0.0,
                1.0,
                0.0,
                0.0
            ],
