{
    "0": {
        "trees_by_client": 10,
        "first_server_serialise_trees_size": 11029,
        "fit_time": 0.05249214172363281,
        "client_serialise_trees_size": 220847,
        "final_server_serialise_trees_size": 1144433,
        "f1_score": 0.9552703730864147,
        "mcc": 0.9733424279169707,
        "accuracy": 0.9766404199475066,
        "precision": 0.954213487760782,
        "recall": 0.9566204484377353,
        "confusion_matrix": [
            [
                1.0,
                0.0,
                0.0,
                0.0,
                0.0,
                0.0,
                0.0,
                0.0,
                0.0,
                0.0
            ],
            [
                0.0,
                0.958128078817734,
                0.0049261083743842365,
                0.014778325123152709,
                0.0,
                0.0024630541871921183,
                0.0,
                0.012315270935960592,
                0.0,
                0.007389162561576354
            ],
            [
                0.0,
                0.0,
                0.986737400530504,
                0.0,
                0.005305039787798408,
                0.0,
                0.0,
                0.0,
                0.007957559681697613,
                0.0
            ],
            [
                0.0,
                0.007425742574257425,
                0.0,
                0.9579207920792079,
                0.0,
                0.0,
                0.0,
                0.0024752475247524753,
                0.0049504950495049506,
                0.027227722772277228
            ],
            [
                0.0,
                0.05263157894736842,
                0.05263157894736842,
                0.05263157894736842,
                0.7894736842105263,
                0.05263157894736842,
                0.0,
                0.0,
                0.0,
                0.0
            ],
            [
                0.0,
                0.001183431952662722,
                0.0,
                0.0,
                0.001183431952662722,
                0.9893491124260355,
                0.0,
                0.002366863905325444,
                0.0,
                0.005917159763313609
            ],
            [
                0.0,
                0.0,
                0.0049504950495049506,
                0.0,
                0.0,
                0.0024752475247524753,
                0.9777227722772277,
                0.0049504950495049506,
                0.0024752475247524753,
                0.007425742574257425
            ],
            [
                0.0,
                0.0,
                0.0,
                0.0,
                0.0,
                0.0,
                0.0,
                0.9767441860465116,
                0.0,
                0.023255813953488372
            ],
            [
                0.0,
                0.0,
                0.005025125628140704,
                0.0,
                0.0,
                0.0,
                0.0,
                0.0,
                0.9949748743718593,
                0.0
            ],
            [
                0.0,
                0.0,
                0.0034129692832764505,
                0.006825938566552901,
                0.0034129692832764505,
                0.0034129692832764505,
                0.0,
                0.04778156996587031,
                0.0,
                0.9351535836177475
            ]
        ],
        "confusion_matrix_labels": [
            "backdoor",
            "ddos",
            "dos",
            "injection",
            "mitm",
            "normal",
            "password",
            "ransomware",
            "scanning",
            "xss"
        ],
        "round_time": 17.198486804962158,
        "round_start_time": 1765829056.5997612,
        "round_end_time": 1765829073.798248,
        "evaluate_time": 0.2612783908843994,
        "inference_time": 0.01381993293762207
    },
    "1": {
        "trees_by_client": 20,
        "first_server_serialise_trees_size": 10921,
        "fit_time": 0.19669699668884277,
        "client_serialise_trees_size": 445409,
        "final_server_serialise_trees_size": 2416072,
        "f1_score": 0.9454055239184397,
        "mcc": 0.9718550827563158,
        "accuracy": 0.9753280839895013,
        "precision": 0.9376690121851059,
        "recall": 0.955405429247298,
        "confusion_matrix": [
            [
                1.0,
                0.0,
                0.0,
                0.0,
                0.0,
                0.0,
                0.0,
                0.0,
                0.0,
                0.0
            ],
            [
                0.0,
                0.9482758620689655,
                0.0049261083743842365,
                0.014778325123152709,
                0.0024630541871921183,
                0.0024630541871921183,
                0.0024630541871921183,
                0.012315270935960592,
                0.0,
                0.012315270935960592
            ],
            [
                0.0,
                0.0,
                0.9893899204244032,
                0.0,
                0.005305039787798408,
                0.0,
                0.0,
                0.0,
                0.005305039787798408,
                0.0
            ],
            [
                0.0,
                0.007425742574257425,
                0.0,
                0.9554455445544554,
                0.0,
                0.0,
                0.0,
                0.0024752475247524753,
                0.0049504950495049506,
                0.0297029702970297
            ],
            [
                0.0,
                0.05263157894736842,
                0.05263157894736842,
                0.05263157894736842,
                0.7894736842105263,
                0.05263157894736842,
                0.0,
                0.0,
                0.0,
                0.0
            ],
            [
                0.0,
                0.001183431952662722,
                0.0,
                0.0,
                0.002366863905325444,
                0.9893491124260355,
                0.0,
                0.002366863905325444,
                0.0,
                0.004733727810650888
            ],
            [
                0.0,
                0.0,
                0.0,
                0.0,
                0.007425742574257425,
                0.0024752475247524753,
                0.9752475247524752,
                0.0049504950495049506,
                0.0024752475247524753,
                0.007425742574257425
            ],
            [
                0.0,
                0.0,
                0.0,
                0.0,
                0.0,
                0.0,
                0.0,
                0.9767441860465116,
                0.0,
                0.023255813953488372
            ],
            [
                0.0,
                0.0,
                0.005025125628140704,
                0.0,
                0.0,
                0.0,
                0.0,
                0.0,
                0.9949748743718593,
                0.0
            ],
            [
                0.0,
                0.0,
                0.0034129692832764505,
                0.006825938566552901,
                0.0034129692832764505,
                0.0034129692832764505,
                0.0,
                0.04778156996587031,
                0.0,
                0.9351535836177475
            ]
        ],
        "confusion_matrix_labels": [
            "backdoor",
            "ddos",
            "dos",
            "injection",
            "mitm",
            "normal",
            "password",
            "ransomware",
            "scanning",
            "xss"
        ],
        "round_time": 3.869943857192993,
        "round_start_time": 1765829089.8439186,
        "round_end_time": 1765829093.7138624,
        "evaluate_time": 0.30063343048095703,
        "inference_time": 0.019599437713623047
    },
    "2": {
        "trees_by_client": 30,
        "first_server_serialise_trees_size": 21784,
        "fit_time": 0.4339416027069092,
        "client_serialise_trees_size": 673526,
        "final_server_serialise_trees_size": 3593288,
        "f1_score": 0.954220300467389,
        "mcc": 0.9730476461461817,
        "accuracy": 0.9763779527559056,
        "precision": 0.9482049068426941,
        "recall": 0.9613897761612777,
        "confusion_matrix": [
            [
                1.0,
                0.0,
                0.0,
                0.0,
                0.0,
                0.0,
                0.0,
                0.0,
                0.0,
                0.0
            ],
            [
                0.0,
                0.9556650246305419,
                0.0049261083743842365,
                0.014778325123152709,
                0.0,
                0.0024630541871921183,
                0.0024630541871921183,
                0.012315270935960592,
                0.0,
                0.007389162561576354
            ],
            [
                0.0,
                0.0,
                0.986737400530504,
                0.0,
                0.005305039787798408,
                0.0,
                0.0,
                0.0,
                0.007957559681697613,
                0.0
            ],
            [
                0.0,
                0.007425742574257425,
                0.0,
                0.9579207920792079,
                0.0,
                0.0,
                0.0,
                0.0024752475247524753,
                0.0049504950495049506,
                0.027227722772277228
            ],
            [
                0.0,
                0.05263157894736842,
                0.0,
                0.0,
                0.8421052631578947,
                0.05263157894736842,
                0.0,
                0.0,
                0.0,
                0.05263157894736842
            ],
            [
                0.0,
                0.001183431952662722,
                0.0,
                0.0,
                0.001183431952662722,
                0.9893491124260355,
                0.0,
                0.002366863905325444,
                0.0,
                0.005917159763313609
            ],
            [
                0.0,
                0.0,
                0.0024752475247524753,
                0.0,
                0.0049504950495049506,
                0.0024752475247524753,
                0.9752475247524752,
                0.0049504950495049506,
                0.0024752475247524753,
                0.007425742574257425
            ],
            [
                0.0,
                0.0,
                0.0,
                0.0,
                0.0,
                0.0,
                0.0,
                0.9767441860465116,
                0.0,
                0.023255813953488372
            ],
            [
                0.0,
                0.0,
                0.005025125628140704,
                0.0,
                0.0,
                0.0,
                0.0,
                0.0,
                0.9949748743718593,
                0.0
            ],
            [
                0.0,
                0.0,
                0.0034129692832764505,
                0.006825938566552901,
                0.0034129692832764505,
                0.0034129692832764505,
                0.0,
                0.04778156996587031,
                0.0,
                0.9351535836177475
            ]
        ],
        "confusion_matrix_labels": [
            "backdoor",
            "ddos",
            "dos",
            "injection",
            "mitm",
            "normal",
            "password",
            "ransomware",
            "scanning",
            "xss"
        ],
        "round_time": 4.501901149749756,
        "round_start_time": 1765829108.862566,
        "round_end_time": 1765829113.3644671,
        "evaluate_time": 0.38289332389831543,
        "inference_time": 0.017621517181396484
    },
    "3": {
        "trees_by_client": 40,
        "first_server_serialise_trees_size": 32361,
        "fit_time": 0.3872947692871094,
        "client_serialise_trees_size": 893352,
        "final_server_serialise_trees_size": 4737722,
        "f1_score": 0.9525231117929692,
        "mcc": 0.9730469546255486,
        "accuracy": 0.9763779527559056,
        "precision": 0.9453488318514743,
        "recall": 0.9613897761612777,
        "confusion_matrix": [
            [
                1.0,
                0.0,
                0.0,
                0.0,
                0.0,
                0.0,
                0.0,
                0.0,
                0.0,
                0.0
            ],
            [
                0.0,
                0.9556650246305419,
                0.0049261083743842365,
                0.014778325123152709,
                0.0,
                0.0024630541871921183,
                0.0024630541871921183,
                0.012315270935960592,
                0.0,
                0.007389162561576354
            ],
            [
                0.0,
                0.0,
                0.986737400530504,
                0.0,
                0.005305039787798408,
                0.0,
                0.0,
                0.0,
                0.007957559681697613,
                0.0
            ],
            [
                0.0,
                0.007425742574257425,
                0.0,
                0.9554455445544554,
                0.0,
                0.0,
                0.0,
                0.0024752475247524753,
                0.0049504950495049506,
                0.0297029702970297
            ],
            [
                0.0,
                0.05263157894736842,
                0.0,
                0.05263157894736842,
                0.8421052631578947,
                0.05263157894736842,
                0.0,
                0.0,
                0.0,
                0.0
            ],
            [
                0.0,
                0.001183431952662722,
                0.0,
                0.0,
                0.002366863905325444,
                0.9893491124260355,
                0.0,
                0.002366863905325444,
                0.0,
                0.004733727810650888
            ],
            [
                0.0,
                0.0,
                0.0,
                0.0,
                0.0049504950495049506,
                0.0024752475247524753,
                0.9777227722772277,
                0.0049504950495049506,
                0.0024752475247524753,
                0.007425742574257425
            ],
            [
                0.0,
                0.0,
                0.0,
                0.0,
                0.0,
                0.0,
                0.0,
                0.9767441860465116,
                0.0,
                0.023255813953488372
            ],
            [
                0.0,
                0.0,
                0.005025125628140704,
                0.0,
                0.0,
                0.0,
                0.0,
                0.0,
                0.9949748743718593,
                0.0
            ],
            [
                0.0,
                0.0,
                0.0034129692832764505,
                0.006825938566552901,
                0.0034129692832764505,
                0.0034129692832764505,
                0.0,
                0.04778156996587031,
                0.0,
                0.9351535836177475
            ]
        ],
        "confusion_matrix_labels": [
            "backdoor",
            "ddos",
            "dos",
            "injection",
            "mitm",
            "normal",
            "password",
            "ransomware",
            "scanning",
            "xss"
        ],
        "round_time": 5.5750555992126465,
        "round_start_time": 1765829128.489878,
        "round_end_time": 1765829134.0649335,
        "evaluate_time": 0.4376981258392334,
        "inference_time": 0.023189544677734375
    },
    "4": {
        "trees_by_client": 50,
        "first_server_serialise_trees_size": 43504,
        "fit_time": 0.45683979988098145,
        "client_serialise_trees_size": 1119690,
        "final_server_serialise_trees_size": 5896416,
        "f1_score": 0.9510740970910522,
        "mcc": 0.9727452755682521,
        "accuracy": 0.9761154855643045,
        "precision": 0.9466965945719767,
        "recall": 0.956126618266541,
        "confusion_matrix": [
            [
                1.0,
                0.0,
                0.0,
                0.0,
                0.0,
                0.0,
                0.0,
                0.0,
                0.0,
                0.0
            ],
            [
                0.0,
                0.9556650246305419,
                0.0049261083743842365,
                0.014778325123152709,
                0.0,
                0.0024630541871921183,
                0.0024630541871921183,
                0.012315270935960592,
                0.0,
                0.007389162561576354
            ],
            [
                0.0,
                0.0,
                0.986737400530504,
                0.0,
                0.005305039787798408,
                0.0,
                0.0,
                0.0,
                0.007957559681697613,
                0.0
            ],
            [
                0.0,
                0.007425742574257425,
                0.0,
                0.9579207920792079,
                0.0,
                0.0,
                0.0,
                0.0024752475247524753,
                0.0049504950495049506,
                0.027227722772277228
            ],
            [
                0.0,
                0.05263157894736842,
                0.05263157894736842,
                0.05263157894736842,
                0.7894736842105263,
                0.05263157894736842,
                0.0,
                0.0,
                0.0,
                0.0
            ],
            [
                0.0,
                0.001183431952662722,
                0.0,
                0.0,
                0.001183431952662722,
                0.9893491124260355,
                0.0,
                0.002366863905325444,
                0.0,
                0.005917159763313609
            ],
            [
                0.0,
                0.0,
                0.0024752475247524753,
                0.0,
                0.0049504950495049506,
                0.0024752475247524753,
                0.9752475247524752,
                0.0049504950495049506,
                0.0024752475247524753,
                0.007425742574257425
            ],
            [
                0.0,
                0.0,
                0.0,
                0.0,
                0.0,
                0.0,
                0.0,
                0.9767441860465116,
                0.0,
                0.023255813953488372
            ],
            [
                0.0,
                0.0,
                0.005025125628140704,
                0.0,
                0.0,
                0.0,
                0.0,
                0.0,
                0.9949748743718593,
                0.0
            ],
            [
                0.0,
                0.0,
                0.0034129692832764505,
                0.006825938566552901,
                0.0034129692832764505,
                0.0034129692832764505,
                0.0,
                0.04778156996587031,
                0.0,
                0.9351535836177475
            ]
        ],
        "confusion_matrix_labels": [
            "backdoor",
            "ddos",
            "dos",
            "injection",
            "mitm",
            "normal",
            "password",
            "ransomware",
            "scanning",
            "xss"
        ],
        "round_time": 6.204717397689819,
        "round_start_time": 1765829149.175848,
        "round_end_time": 1765829155.3805654,
        "evaluate_time": 0.3795466423034668,
        "inference_time": 0.02301192283630371
    },
    "5": {
        "trees_by_client": 60,
        "first_server_serialise_trees_size": 54352,
        "fit_time": 0.6587378978729248,
        "client_serialise_trees_size": 1339409,
        "final_server_serialise_trees_size": 7057088,
        "f1_score": 0.9537202910571299,
        "mcc": 0.9724483968176398,
        "accuracy": 0.9758530183727034,
        "precision": 0.9477017252000994,
        "recall": 0.9608959459900832,
        "confusion_matrix": [
            [
                1.0,
                0.0,
                0.0,
                0.0,
                0.0,
                0.0,
                0.0,
                0.0,
                0.0,
                0.0
            ],
            [
                0.0,
                0.9532019704433498,
                0.0049261083743842365,
                0.017241379310344827,
                0.0,
                0.0024630541871921183,
                0.0024630541871921183,
                0.012315270935960592,
                0.0,
                0.007389162561576354
            ],
            [
                0.0,
                0.0,
                0.986737400530504,
                0.0,
                0.005305039787798408,
                0.0,
                0.0,
                0.0,
                0.007957559681697613,
                0.0
            ],
            [
                0.0,
                0.007425742574257425,
                0.0,
                0.9554455445544554,
                0.0,
                0.0,
                0.0,
                0.0024752475247524753,
                0.0049504950495049506,
                0.0297029702970297
            ],
            [
                0.0,
                0.05263157894736842,
                0.0,
                0.05263157894736842,
                0.8421052631578947,
                0.05263157894736842,
                0.0,
                0.0,
                0.0,
                0.0
            ],
            [
                0.0,
                0.001183431952662722,
                0.0,
                0.0,
                0.001183431952662722,
                0.9893491124260355,
                0.0,
                0.002366863905325444,
                0.0,
                0.005917159763313609
            ],
            [
                0.0,
                0.0,
                0.0024752475247524753,
                0.0,
                0.0049504950495049506,
                0.0024752475247524753,
                0.9752475247524752,
                0.0049504950495049506,
                0.0024752475247524753,
                0.007425742574257425
            ],
            [
                0.0,
                0.0,
                0.0,
                0.0,
                0.0,
                0.0,
                0.0,
                0.9767441860465116,
                0.0,
                0.023255813953488372
            ],
            [
                0.0,
                0.0,
                0.005025125628140704,
                0.0,
                0.0,
                0.0,
                0.0,
                0.0,
                0.9949748743718593,
                0.0
            ],
            [
                0.0,
                0.0,
                0.0034129692832764505,
                0.006825938566552901,
                0.0034129692832764505,
                0.0034129692832764505,
                0.0,
                0.04778156996587031,
                0.0,
                0.9351535836177475
            ]
        ],
        "confusion_matrix_labels": [
            "backdoor",
            "ddos",
            "dos",
            "injection",
            "mitm",
            "normal",
            "password",
            "ransomware",
            "scanning",
            "xss"
        ],
        "round_time": 7.595128059387207,
        "round_start_time": 1765829170.497895,
        "round_end_time": 1765829178.093023,
        "evaluate_time": 0.6650652885437012,
        "inference_time": 0.04613757133483887
    },
    "6": {
        "trees_by_client": 70,
        "first_server_serialise_trees_size": 64943,
        "fit_time": 1.0546131134033203,
        "client_serialise_trees_size": 1538709,
        "final_server_serialise_trees_size": 8263563,
        "f1_score": 0.9531238949152556,
        "mcc": 0.9730435096422435,
        "accuracy": 0.9763779527559056,
        "precision": 0.9502686624478421,
        "recall": 0.9563741430190161,
        "confusion_matrix": [
            [
                1.0,
                0.0,
                0.0,
                0.0,
                0.0,
                0.0,
                0.0,
                0.0,
                0.0,
                0.0
            ],
            [
                0.0,
                0.9556650246305419,
                0.0049261083743842365,
                0.014778325123152709,
                0.0,
                0.0024630541871921183,
                0.0024630541871921183,
                0.012315270935960592,
                0.0,
                0.007389162561576354
            ],
            [
                0.0,
                0.0,
                0.986737400530504,
                0.0,
                0.005305039787798408,
                0.0,
                0.0,
                0.0,
                0.007957559681697613,
                0.0
            ],
            [
                0.0,
                0.007425742574257425,
                0.0,
                0.9579207920792079,
                0.0,
                0.0,
                0.0,
                0.0024752475247524753,
                0.0049504950495049506,
                0.027227722772277228
            ],
            [
                0.0,
                0.05263157894736842,
                0.05263157894736842,
                0.05263157894736842,
                0.7894736842105263,
                0.05263157894736842,
                0.0,
                0.0,
                0.0,
                0.0
            ],
            [
                0.0,
                0.001183431952662722,
                0.0,
                0.0,
                0.001183431952662722,
                0.9893491124260355,
                0.0,
                0.002366863905325444,
                0.0,
                0.005917159763313609
            ],
            [
                0.0,
                0.0,
                0.0024752475247524753,
                0.0,
                0.0024752475247524753,
                0.0024752475247524753,
                0.9777227722772277,
                0.0049504950495049506,
                0.0024752475247524753,
                0.007425742574257425
            ],
            [
                0.0,
                0.0,
                0.0,
                0.0,
                0.0,
                0.0,
                0.0,
                0.9767441860465116,
                0.0,
                0.023255813953488372
            ],
            [
                0.0,
                0.0,
                0.005025125628140704,
                0.0,
                0.0,
                0.0,
                0.0,
                0.0,
                0.9949748743718593,
                0.0
            ],
            [
                0.0,
                0.0,
                0.0034129692832764505,
                0.006825938566552901,
                0.0034129692832764505,
                0.0034129692832764505,
                0.0,
                0.04778156996587031,
                0.0,
                0.9351535836177475
            ]
        ],
        "confusion_matrix_labels": [
            "backdoor",
            "ddos",
            "dos",
            "injection",
            "mitm",
            "normal",
            "password",
            "ransomware",
            "scanning",
            "xss"
        ],
        "round_time": 7.835554599761963,
        "round_start_time": 1765829193.2519627,
        "round_end_time": 1765829201.0875173,
        "evaluate_time": 0.4526517391204834,
        "inference_time": 0.04447317123413086
    },
    "7": {
        "trees_by_client": 80,
        "first_server_serialise_trees_size": 76183,
        "fit_time": 0.8361525535583496,
        "client_serialise_trees_size": 1773251,
        "final_server_serialise_trees_size": 9341954,
        "f1_score": 0.9542274021728361,
        "mcc": 0.9730468990853504,
        "accuracy": 0.9763779527559056,
        "precision": 0.9482134232305208,
        "recall": 0.9613897761612777,
        "confusion_matrix": [
            [
                1.0,
                0.0,
                0.0,
                0.0,
                0.0,
                0.0,
                0.0,
                0.0,
                0.0,
                0.0
            ],
            [
                0.0,
                0.9556650246305419,
                0.0049261083743842365,
                0.014778325123152709,
                0.0,
                0.0024630541871921183,
                0.0024630541871921183,
                0.012315270935960592,
                0.0,
                0.007389162561576354
            ],
            [
                0.0,
                0.0,
                0.986737400530504,
                0.0,
                0.005305039787798408,
                0.0,
                0.0,
                0.0,
                0.007957559681697613,
                0.0
            ],
            [
                0.0,
                0.007425742574257425,
                0.0,
                0.9554455445544554,
                0.0,
                0.0,
                0.0,
                0.0024752475247524753,
                0.0049504950495049506,
                0.0297029702970297
            ],
            [
                0.0,
                0.05263157894736842,
                0.0,
                0.05263157894736842,
                0.8421052631578947,
                0.05263157894736842,
                0.0,
                0.0,
                0.0,
                0.0
            ],
            [
                0.0,
                0.001183431952662722,
                0.0,
                0.0,
                0.001183431952662722,
                0.9893491124260355,
                0.0,
                0.002366863905325444,
                0.0,
                0.005917159763313609
            ],
            [
                0.0,
                0.0,
                0.0,
                0.0,
                0.0049504950495049506,
                0.0024752475247524753,
                0.9777227722772277,
                0.0049504950495049506,
                0.0024752475247524753,
                0.007425742574257425
            ],
            [
                0.0,
                0.0,
                0.0,
                0.0,
                0.0,
                0.0,
                0.0,
                0.9767441860465116,
                0.0,
                0.023255813953488372
            ],
            [
                0.0,
                0.0,
                0.005025125628140704,
                0.0,
                0.0,
                0.0,
                0.0,
                0.0,
                0.9949748743718593,
                0.0
            ],
            [
                0.0,
                0.0,
                0.0034129692832764505,
                0.006825938566552901,
                0.0034129692832764505,
                0.0034129692832764505,
                0.0,
                0.04778156996587031,
                0.0,
                0.9351535836177475
            ]
        ],
        "confusion_matrix_labels": [
            "backdoor",
            "ddos",
            "dos",
            "injection",
            "mitm",
            "normal",
            "password",
            "ransomware",
            "scanning",
            "xss"
        ],
        "round_time": 9.244248628616333,
        "round_start_time": 1765829216.2449548,
        "round_end_time": 1765829225.4892035,
        "evaluate_time": 0.7618222236633301,
        "inference_time": 0.03919219970703125
    },
    "8": {
        "trees_by_client": 90,
        "first_server_serialise_trees_size": 86863,
        "fit_time": 1.192124366760254,
        "client_serialise_trees_size": 2000789,
        "final_server_serialise_trees_size": 10562286,
        "f1_score": 0.9522423769743809,
        "mcc": 0.9727488386522508,
        "accuracy": 0.9761154855643045,
        "precision": 0.9450507285901157,
        "recall": 0.9611422514088025,
        "confusion_matrix": [
            [
                1.0,
                0.0,
                0.0,
                0.0,
                0.0,
                0.0,
                0.0,
                0.0,
                0.0,
                0.0
            ],
            [
                0.0,
                0.9556650246305419,
                0.0049261083743842365,
                0.014778325123152709,
                0.0,
                0.0024630541871921183,
                0.0024630541871921183,
                0.012315270935960592,
                0.0,
                0.007389162561576354
            ],
            [
                0.0,
                0.0,
                0.986737400530504,
                0.0,
                0.005305039787798408,
                0.0,
                0.0,
                0.0,
                0.007957559681697613,
                0.0
            ],
            [
                0.0,
                0.007425742574257425,
                0.0,
                0.9554455445544554,
                0.0,
                0.0,
                0.0,
                0.0024752475247524753,
                0.0049504950495049506,
                0.0297029702970297
            ],
            [
                0.0,
                0.05263157894736842,
                0.0,
                0.05263157894736842,
                0.8421052631578947,
                0.05263157894736842,
                0.0,
                0.0,
                0.0,
                0.0
            ],
            [
                0.0,
                0.001183431952662722,
                0.0,
                0.0,
                0.001183431952662722,
                0.9893491124260355,
                0.0,
                0.002366863905325444,
                0.0,
                0.005917159763313609
            ],
            [
                0.0,
                0.0,
                0.0,
                0.0,
                0.007425742574257425,
                0.0024752475247524753,
                0.9752475247524752,
                0.0049504950495049506,
                0.0024752475247524753,
                0.007425742574257425
            ],
            [
                0.0,
                0.0,
                0.0,
                0.0,
                0.0,
                0.0,
                0.0,
                0.9767441860465116,
                0.0,
                0.023255813953488372
            ],
            [
                0.0,
                0.0,
                0.005025125628140704,
                0.0,
                0.0,
                0.0,
                0.0,
                0.0,
                0.9949748743718593,
                0.0
            ],
            [
                0.0,
                0.0,
                0.0034129692832764505,
                0.006825938566552901,
                0.0034129692832764505,
                0.0034129692832764505,
                0.0,
                0.04778156996587031,
                0.0,
                0.9351535836177475
            ]
        ],
        "confusion_matrix_labels": [
            "backdoor",
            "ddos",
            "dos",
            "injection",
            "mitm",
            "normal",
            "password",
            "ransomware",
            "scanning",
            "xss"
        ],
        "round_time": 11.424678087234497,
        "round_start_time": 1765829240.6508973,
        "round_end_time": 1765829252.0755754,
        "evaluate_time": 0.3098158836364746,
        "inference_time": 0.029697656631469727
    },
    "9": {
        "trees_by_client": 100,
        "first_server_serialise_trees_size": 97636,
        "fit_time": 0.7882826328277588,
        "client_serialise_trees_size": 2219773,
        "final_server_serialise_trees_size": 11748521,
        "f1_score": 0.9522423769743809,
        "mcc": 0.9727488386522508,
        "accuracy": 0.9761154855643045,
        "precision": 0.9450507285901157,
        "recall": 0.9611422514088025,
        "confusion_matrix": [
            [
                1.0,
                0.0,
                0.0,
                0.0,
                0.0,
                0.0,
                0.0,
                0.0,
                0.0,
                0.0
            ],
            [
                0.0,
                0.9556650246305419,
                0.0049261083743842365,
                0.014778325123152709,
                0.0,
                0.0024630541871921183,
                0.0024630541871921183,
                0.012315270935960592,
                0.0,
                0.007389162561576354
            ],
            [
                0.0,
                0.0,
                0.986737400530504,
                0.0,
                0.005305039787798408,
                0.0,
                0.0,
                0.0,
                0.007957559681697613,
                0.0
            ],
            [
                0.0,
                0.007425742574257425,
                0.0,
                0.9554455445544554,
                0.0,
                0.0,
                0.0,
                0.0024752475247524753,
                0.0049504950495049506,
                0.0297029702970297
            ],
            [
                0.0,
                0.05263157894736842,
                0.0,
                0.05263157894736842,
                0.8421052631578947,
                0.05263157894736842,
                0.0,
                0.0,
                0.0,
                0.0
            ],
            [
                0.0,
                0.001183431952662722,
                0.0,
                0.0,
                0.001183431952662722,
                0.9893491124260355,
                0.0,
                0.002366863905325444,
                0.0,
                0.005917159763313609
            ],
            [
                0.0,
                0.0,
                0.0,
                0.0,
                0.007425742574257425,
                0.0024752475247524753,
                0.9752475247524752,
                0.0049504950495049506,
                0.0024752475247524753,
                0.007425742574257425
            ],
            [
                0.0,
                0.0,
                0.0,
                0.0,
                0.0,
                0.0,
                0.0,
                0.9767441860465116,
                0.0,
                0.023255813953488372
            ],
            [
                0.0,
                0.0,
                0.005025125628140704,
                0.0,
                0.0,
                0.0,
                0.0,
                0.0,
                0.9949748743718593,
                0.0
            ],
            [
                0.0,
                0.0,
                0.0034129692832764505,
                0.006825938566552901,
                0.0034129692832764505,
                0.0034129692832764505,
                0.0,
                0.04778156996587031,
                0.0,
                0.9351535836177475
            ]
        ],
        "confusion_matrix_labels": [
            "backdoor",
            "ddos",
            "dos",
            "injection",
            "mitm",
