{
    "0": {
        "trees_by_client": 10,
        "first_server_serialise_trees_size": 9443,
        "fit_time": 0.05484628677368164,
        "client_serialise_trees_size": 195324,
        "final_server_serialise_trees_size": 1008920,
        "f1_score": 0.9685458631281828,
        "mcc": 0.953184053467177,
        "accuracy": 0.9632063074901446,
        "precision": 0.9714213854603448,
        "recall": 0.9672256638017532,
        "confusion_matrix": [
            [
                0.9888211382113821,
                0.0,
                0.011178861788617886,
                0.0,
                0.0,
                0.0
            ],
            [
                0.012224938875305624,
                0.9633251833740831,
                0.019559902200488997,
                0.0,
                0.004889975550122249,
                0.0
            ],
            [
                0.03541315345699832,
                0.0016863406408094434,
                0.9629005059021922,
                0.0,
                0.0,
                0.0
            ],
            [
                0.0,
                0.0,
                0.0,
                1.0,
                0.0,
                0.0
            ],
            [
                0.0,
                0.019197207678883072,
                0.0924956369982548,
                0.0,
                0.8883071553228621,
                0.0
            ],
            [
                0.0,
                0.0,
                0.0,
                0.0,
                0.0,
                1.0
            ]
        ],
        "confusion_matrix_labels": [
            "DoS/DDoS",
            "Info_Gathering",
            "Injection",
            "MITM",
            "Malware",
            "Normal"
        ],
        "round_time": 44.843873739242554,
        "round_start_time": 1764807364.8790107,
        "round_end_time": 1764807409.7228844,
        "evaluate_time": 0.1938166618347168,
        "inference_time": 0.005881547927856445
    },
    "1": {
        "trees_by_client": 20,
        "first_server_serialise_trees_size": 9569,
        "fit_time": 0.1368260383605957,
        "client_serialise_trees_size": 369380,
        "final_server_serialise_trees_size": 1958004,
        "f1_score": 0.9681318672875512,
        "mcc": 0.9523714767239471,
        "accuracy": 0.9625492772667543,
        "precision": 0.9708991548457773,
        "recall": 0.9670035415937163,
        "confusion_matrix": [
            [
                0.9867886178861789,
                0.0,
                0.013211382113821139,
                0.0,
                0.0,
                0.0
            ],
            [
                0.009779951100244499,
                0.9657701711491442,
                0.019559902200488997,
                0.0,
                0.004889975550122249,
                0.0
            ],
            [
                0.03541315345699832,
                0.0016863406408094434,
                0.9629005059021922,
                0.0,
                0.0,
                0.0
            ],
            [
                0.0,
                0.0,
                0.0,
                1.0,
                0.0,
                0.0
            ],
            [
                0.0,
                0.019197207678883072,
                0.09424083769633508,
                0.0,
                0.8865619546247818,
                0.0
            ],
            [
                0.0,
                0.0,
                0.0,
                0.0,
                0.0,
                1.0
            ]
        ],
        "confusion_matrix_labels": [
            "DoS/DDoS",
            "Info_Gathering",
            "Injection",
            "MITM",
            "Malware",
            "Normal"
        ],
        "round_time": 3.401991128921509,
        "round_start_time": 1764807425.5505977,
        "round_end_time": 1764807428.9525888,
        "evaluate_time": 0.10695385932922363,
        "inference_time": 0.006926536560058594
    },
    "2": {
        "trees_by_client": 30,
        "first_server_serialise_trees_size": 18985,
        "fit_time": 0.20790576934814453,
        "client_serialise_trees_size": 576778,
        "final_server_serialise_trees_size": 2968095,
        "f1_score": 0.9694146047747115,
        "mcc": 0.9544226559868517,
        "accuracy": 0.96419185282523,
        "precision": 0.97206047777721,
        "recall": 0.9682148953302901,
        "confusion_matrix": [
            [
                0.9888211382113821,
                0.0,
                0.011178861788617886,
                0.0,
                0.0,
                0.0
            ],
            [
                0.009779951100244499,
                0.9657701711491442,
                0.019559902200488997,
                0.0,
                0.004889975550122249,
                0.0
            ],
            [
                0.03541315345699832,
                0.0016863406408094434,
                0.9629005059021922,
                0.0,
                0.0,
                0.0
            ],
            [
                0.0,
                0.0,
                0.0,
                1.0,
                0.0,
                0.0
            ],
            [
                0.0,
                0.019197207678883072,
                0.08900523560209424,
                0.0,
                0.8917975567190227,
                0.0
            ],
            [
                0.0,
                0.0,
                0.0,
                0.0,
                0.0,
                1.0
            ]
        ],
        "confusion_matrix_labels": [
            "DoS/DDoS",
            "Info_Gathering",
            "Injection",
            "MITM",
            "Malware",
            "Normal"
        ],
        "round_time": 3.7799553871154785,
        "round_start_time": 1764807444.0355318,
        "round_end_time": 1764807447.8154871,
        "evaluate_time": 0.3018934726715088,
        "inference_time": 0.03154325485229492
    },
    "3": {
        "trees_by_client": 40,
        "first_server_serialise_trees_size": 28176,
        "fit_time": 0.4345736503601074,
        "client_serialise_trees_size": 753424,
        "final_server_serialise_trees_size": 3915415,
        "f1_score": 0.9692040525836444,
        "mcc": 0.9540076820128404,
        "accuracy": 0.9638633377135348,
        "precision": 0.9718250348416384,
        "recall": 0.9680455186365232,
        "confusion_matrix": [
            [
                0.9878048780487805,
                0.0,
                0.012195121951219513,
                0.0,
                0.0,
                0.0
            ],
            [
                0.009779951100244499,
                0.9657701711491442,
                0.019559902200488997,
                0.0,
                0.004889975550122249,
                0.0
            ],
            [
                0.03541315345699832,
                0.0016863406408094434,
                0.9629005059021922,
                0.0,
                0.0,
                0.0
            ],
            [
                0.0,
                0.0,
                0.0,
                1.0,
                0.0,
                0.0
            ],
            [
                0.0,
                0.019197207678883072,
                0.08900523560209424,
                0.0,
                0.8917975567190227,
                0.0
            ],
            [
                0.0,
                0.0,
                0.0,
                0.0,
                0.0,
                1.0
            ]
        ],
        "confusion_matrix_labels": [
            "DoS/DDoS",
            "Info_Gathering",
            "Injection",
            "MITM",
            "Malware",
            "Normal"
        ],
        "round_time": 4.928224325180054,
        "round_start_time": 1764807463.0535157,
        "round_end_time": 1764807467.98174,
        "evaluate_time": 0.29932188987731934,
        "inference_time": 0.035001516342163086
    },
    "4": {
        "trees_by_client": 50,
        "first_server_serialise_trees_size": 37782,
        "fit_time": 0.5837535858154297,
        "client_serialise_trees_size": 946284,
        "final_server_serialise_trees_size": 4906528,
        "f1_score": 0.9683417005800061,
        "mcc": 0.9527857112923198,
        "accuracy": 0.9628777923784494,
        "precision": 0.9711317490068243,
        "recall": 0.9671729182874831,
        "confusion_matrix": [
            [
                0.9878048780487805,
                0.0,
                0.012195121951219513,
                0.0,
                0.0,
                0.0
            ],
            [
                0.009779951100244499,
                0.9657701711491442,
                0.019559902200488997,
                0.0,
                0.004889975550122249,
                0.0
            ],
            [
                0.03541315345699832,
                0.0016863406408094434,
                0.9629005059021922,
                0.0,
                0.0,
                0.0
            ],
            [
                0.0,
                0.0,
                0.0,
                1.0,
                0.0,
                0.0
            ],
            [
                0.0,
                0.019197207678883072,
                0.09424083769633508,
                0.0,
                0.8865619546247818,
                0.0
            ],
            [
                0.0,
                0.0,
                0.0,
                0.0,
                0.0,
                1.0
            ]
        ],
        "confusion_matrix_labels": [
            "DoS/DDoS",
            "Info_Gathering",
            "Injection",
            "MITM",
            "Malware",
            "Normal"
        ],
        "round_time": 5.90767502784729,
        "round_start_time": 1764807483.2695405,
        "round_end_time": 1764807489.1772156,
        "evaluate_time": 0.3218996524810791,
        "inference_time": 0.03441333770751953
    },
    "5": {
        "trees_by_client": 60,
        "first_server_serialise_trees_size": 47362,
        "fit_time": 0.6572349071502686,
        "client_serialise_trees_size": 1125555,
        "final_server_serialise_trees_size": 5831340,
        "f1_score": 0.9680540493601696,
        "mcc": 0.9523788874299097,
        "accuracy": 0.9625492772667543,
        "precision": 0.9709020667578384,
        "recall": 0.9668820515044697,
        "confusion_matrix": [
            [
                0.9878048780487805,
                0.0,
                0.012195121951219513,
                0.0,
                0.0,
                0.0
            ],
            [
                0.009779951100244499,
                0.9657701711491442,
                0.019559902200488997,
                0.0,
                0.004889975550122249,
                0.0
            ],
            [
                0.03541315345699832,
                0.0016863406408094434,
                0.9629005059021922,
                0.0,
                0.0,
                0.0
            ],
            [
                0.0,
                0.0,
                0.0,
                1.0,
                0.0,
                0.0
            ],
            [
                0.0,
                0.019197207678883072,
                0.09598603839441536,
                0.0,
                0.8848167539267016,
                0.0
            ],
            [
                0.0,
                0.0,
                0.0,
                0.0,
                0.0,
                1.0
            ]
        ],
        "confusion_matrix_labels": [
            "DoS/DDoS",
            "Info_Gathering",
            "Injection",
            "MITM",
            "Malware",
            "Normal"
        ],
        "round_time": 6.81257963180542,
        "round_start_time": 1764807504.4845135,
        "round_end_time": 1764807511.2970932,
        "evaluate_time": 0.3381080627441406,
        "inference_time": 0.03899788856506348
    },
    "6": {
        "trees_by_client": 70,
        "first_server_serialise_trees_size": 56173,
        "fit_time": 0.7957570552825928,
        "client_serialise_trees_size": 1321472,
        "final_server_serialise_trees_size": 6855329,
        "f1_score": 0.9682637961266316,
        "mcc": 0.9527932858123959,
        "accuracy": 0.9628777923784494,
        "precision": 0.9711346525100913,
        "recall": 0.9670514281982366,
        "confusion_matrix": [
            [
                0.9888211382113821,
                0.0,
                0.011178861788617886,
                0.0,
                0.0,
                0.0
            ],
            [
                0.009779951100244499,
                0.9657701711491442,
                0.019559902200488997,
                0.0,
                0.004889975550122249,
                0.0
            ],
            [
                0.03541315345699832,
                0.0016863406408094434,
                0.9629005059021922,
                0.0,
                0.0,
                0.0
            ],
            [
                0.0,
                0.0,
                0.0,
                1.0,
                0.0,
                0.0
            ],
            [
                0.0,
                0.019197207678883072,
                0.09598603839441536,
                0.0,
                0.8848167539267016,
                0.0
            ],
            [
                0.0,
                0.0,
                0.0,
                0.0,
                0.0,
                1.0
            ]
        ],
        "confusion_matrix_labels": [
            "DoS/DDoS",
            "Info_Gathering",
            "Injection",
            "MITM",
            "Malware",
            "Normal"
        ],
        "round_time": 7.041431903839111,
        "round_start_time": 1764807526.562289,
        "round_end_time": 1764807533.603721,
        "evaluate_time": 0.39487290382385254,
        "inference_time": 0.04547381401062012
    },
    "7": {
        "trees_by_client": 80,
        "first_server_serialise_trees_size": 66130,
        "fit_time": 0.89890456199646,
        "client_serialise_trees_size": 1503996,
        "final_server_serialise_trees_size": 7767179,
        "f1_score": 0.9697784657346183,
        "mcc": 0.9548235815529325,
        "accuracy": 0.9645203679369251,
        "precision": 0.9722907916155514,
        "recall": 0.9686272522025501,
        "confusion_matrix": [
            [
                0.9878048780487805,
                0.0,
                0.012195121951219513,
                0.0,
                0.0,
                0.0
            ],
            [
                0.009779951100244499,
                0.9657701711491442,
                0.019559902200488997,
                0.0,
                0.004889975550122249,
                0.0
            ],
            [
                0.03541315345699832,
                0.0016863406408094434,
                0.9629005059021922,
                0.0,
                0.0,
                0.0
            ],
            [
                0.0,
                0.0,
                0.0,
                1.0,
                0.0,
                0.0
            ],
            [
                0.0,
                0.019197207678883072,
                0.08551483420593368,
                0.0,
                0.8952879581151832,
                0.0
            ],
            [
                0.0,
                0.0,
                0.0,
                0.0,
                0.0,
                1.0
            ]
        ],
        "confusion_matrix_labels": [
            "DoS/DDoS",
            "Info_Gathering",
            "Injection",
            "MITM",
            "Malware",
            "Normal"
        ],
        "round_time": 8.54020643234253,
        "round_start_time": 1764807548.9194443,
        "round_end_time": 1764807557.4596508,
        "evaluate_time": 0.5060064792633057,
        "inference_time": 0.05288076400756836
    },
    "8": {
        "trees_by_client": 90,
        "first_server_serialise_trees_size": 75661,
        "fit_time": 0.9377059936523438,
        "client_serialise_trees_size": 1674751,
        "final_server_serialise_trees_size": 8827254,
        "f1_score": 0.9688393991449044,
        "mcc": 0.9536074704955662,
        "accuracy": 0.9635348226018396,
        "precision": 0.971596143224995,
        "recall": 0.9676331617642635,
        "confusion_matrix": [
            [
                0.9888211382113821,
                0.0,
                0.011178861788617886,
                0.0,
                0.0,
                0.0
            ],
            [
                0.009779951100244499,
                0.9657701711491442,
                0.019559902200488997,
                0.0,
                0.004889975550122249,
                0.0
            ],
            [
                0.03541315345699832,
                0.0016863406408094434,
                0.9629005059021922,
                0.0,
                0.0,
                0.0
            ],
            [
                0.0,
                0.0,
                0.0,
                1.0,
                0.0,
                0.0
            ],
            [
                0.0,
                0.019197207678883072,
                0.0924956369982548,
                0.0,
                0.8883071553228621,
                0.0
            ],
            [
                0.0,
                0.0,
                0.0,
                0.0,
                0.0,
                1.0
            ]
        ],
        "confusion_matrix_labels": [
            "DoS/DDoS",
            "Info_Gathering",
            "Injection",
            "MITM",
            "Malware",
            "Normal"
        ],
        "round_time": 9.677164554595947,
        "round_start_time": 1764807572.6655354,
        "round_end_time": 1764807582.3427,
        "evaluate_time": 0.2362658977508545,
        "inference_time": 0.029260635375976562
    },
    "9": {
        "trees_by_client": 100,
        "first_server_serialise_trees_size": 85124,
        "fit_time": 0.7286281585693359,
        "client_serialise_trees_size": 1905292,
        "final_server_serialise_trees_size": 9768733,
        "f1_score": 0.9692040525836444,
        "mcc": 0.9540076820128404,
        "accuracy": 0.9638633377135348,
        "precision": 0.9718250348416384,
        "recall": 0.9680455186365232,
        "confusion_matrix": [
            [
                0.9878048780487805,
                0.0,
                0.012195121951219513,
                0.0,
                0.0,
                0.0
            ],
            [
                0.009779951100244499,
                0.9657701711491442,
                0.019559902200488997,
                0.0,
                0.004889975550122249,
                0.0
            ],
            [
                0.03541315345699832,
                0.0016863406408094434,
                0.9629005059021922,
                0.0,
                0.0,
                0.0
            ],
            [
                0.0,
                0.0,
                0.0,
                1.0,
                0.0,
                0.0
            ],
            [
                0.0,
                0.019197207678883072,
                0.08900523560209424,
                0.0,
                0.8917975567190227,
                0.0
            ],
            [
                0.0,
                0.0,
                0.0,
                0.0,
                0.0,
                1.0
            ]
        ],
        "confusion_matrix_labels": [
            "DoS/DDoS",
            "Info_Gathering",
            "Injection",
            "MITM",
            "Malware",
            "Normal"
        ],
        "round_time": 10.065468788146973,
        "round_start_time": 1764807597.4495256,
        "round_end_time": 1764807607.5149944,
        "evaluate_time": 0.25147438049316406,
        "inference_time": 0.03326869010925293
    },
    "10": {
        "trees_by_client": 110,
        "first_server_serialise_trees_size": 94537,
        "fit_time": 0.9103646278381348,
        "client_serialise_trees_size": 2121573,
        "final_server_serialise_trees_size": 10828391,
        "f1_score": 0.9686292506432009,
        "mcc": 0.9531927848029836,
        "accuracy": 0.9632063074901446,
        "precision": 0.9713621355411676,
        "recall": 0.9674637850704966,
        "confusion_matrix": [
            [
                0.9878048780487805,
                0.0,
                0.012195121951219513,
                0.0,
                0.0,
                0.0
            ],
            [
                0.009779951100244499,
                0.9657701711491442,
                0.019559902200488997,
                0.0,
                0.004889975550122249,
                0.0
            ],
            [
                0.03541315345699832,
                0.0016863406408094434,
                0.9629005059021922,
                0.0,
                0.0,
                0.0
            ],
            [
                0.0,
                0.0,
                0.0,
                1.0,
                0.0,
                0.0
            ],
            [
                0.0,
                0.019197207678883072,
                0.0924956369982548,
                0.0,
                0.8883071553228621,
                0.0
            ],
            [
                0.0,
                0.0,
                0.0,
                0.0,
                0.0,
                1.0
            ]
        ],
        "confusion_matrix_labels": [
            "DoS/DDoS",
            "Info_Gathering",
            "Injection",
            "MITM",
            "Malware",
            "Normal"
        ],
        "round_time": 10.186172723770142,
        "round_start_time": 1764807622.6245186,
        "round_end_time": 1764807632.8106914,
        "evaluate_time": 0.3791172504425049,
        "inference_time": 0.0464019775390625
    },
    "11": {
        "trees_by_client": 120,
        "first_server_serialise_trees_size": 104110,
        "fit_time": 0.941713809967041,
        "client_serialise_trees_size": 2296737,
        "final_server_serialise_trees_size": 11707382,
        "f1_score": 0.9694913070991622,
        "mcc": 0.9544155063353958,
        "accuracy": 0.96419185282523,
        "precision": 0.9720575543467591,
        "recall": 0.9683363854195367,
        "confusion_matrix": [
            [
                0.9878048780487805,
                0.0,
                0.012195121951219513,
                0.0,
                0.0,
                0.0
            ],
            [
                0.009779951100244499,
                0.9657701711491442,
                0.019559902200488997,
                0.0,
                0.004889975550122249,
                0.0
            ],
            [
                0.03541315345699832,
                0.0016863406408094434,
                0.9629005059021922,
                0.0,
                0.0,
                0.0
            ],
            [
                0.0,
                0.0,
                0.0,
                1.0,
                0.0,
                0.0
            ],
            [
                0.0,
                0.019197207678883072,
                0.08726003490401396,
                0.0,
                0.893542757417103,
                0.0
            ],
            [
                0.0,
                0.0,
                0.0,
                0.0,
                0.0,
                1.0
            ]
        ],
        "confusion_matrix_labels": [
            "DoS/DDoS",
            "Info_Gathering",
            "Injection",
            "MITM",
            "Malware",
            "Normal"
        ],
        "round_time": 13.40076494216919,
        "round_start_time": 1764807647.9792345,
        "round_end_time": 1764807661.3799994,
        "evaluate_time": 0.30115485191345215,
        "inference_time": 0.03827238082885742
    },
    "12": {
        "trees_by_client": 130,
        "first_server_serialise_trees_size": 113578,
        "fit_time": 0.9432990550994873,
        "client_serialise_trees_size": 2484401,
        "final_server_serialise_trees_size": 12912000,
        "f1_score": 0.9697784657346183,
        "mcc": 0.9548235815529325,
        "accuracy": 0.9645203679369251,
        "precision": 0.9722907916155514,
        "recall": 0.9686272522025501,
        "confusion_matrix": [
            [
                0.9878048780487805,
                0.0,
                0.012195121951219513,
                0.0,
                0.0,
                0.0
            ],
            [
                0.009779951100244499,
                0.9657701711491442,
                0.019559902200488997,
                0.0,
                0.004889975550122249,
                0.0
            ],
            [
                0.03541315345699832,
                0.0016863406408094434,
                0.9629005059021922,
                0.0,
                0.0,
                0.0
            ],
            [
                0.0,
                0.0,
                0.0,
                1.0,
                0.0,
                0.0
            ],
            [
                0.0,
                0.019197207678883072,
                0.08551483420593368,
                0.0,
                0.8952879581151832,
                0.0
            ],
            [
                0.0,
                0.0,
                0.0,
                0.0,
                0.0,
                1.0
            ]
        ],
        "confusion_matrix_labels": [
            "DoS/DDoS",
            "Info_Gathering",
            "Injection",
            "MITM",
            "Malware",
            "Normal"
        ],
        "round_time": 11.587520599365234,
        "round_start_time": 1764807676.4925041,
        "round_end_time": 1764807688.0800247,
        "evaluate_time": 0.6521706581115723,
        "inference_time": 0.07185649871826172
    },
    "13": {
        "trees_by_client": 140,
        "first_server_serialise_trees_size": 123405,
        "fit_time": 1.442455768585205,
        "client_serialise_trees_size": 2700340,
        "final_server_serialise_trees_size": 13706284,
        "f1_score": 0.9697784657346183,
        "mcc": 0.9548235815529325,
        "accuracy": 0.9645203679369251,
        "precision": 0.9722907916155514,
        "recall": 0.9686272522025501,
        "confusion_matrix": [
            [
                0.9878048780487805,
                0.0,
                0.012195121951219513,
                0.0,
                0.0,
                0.0
            ],
            [
                0.009779951100244499,
                0.9657701711491442,
                0.019559902200488997,
                0.0,
                0.004889975550122249,
                0.0
            ],
            [
                0.03541315345699832,
                0.0016863406408094434,
                0.9629005059021922,
                0.0,
                0.0,
                0.0
            ],
            [
                0.0,
                0.0,
                0.0,
                1.0,
                0.0,
                0.0
            ],
            [
                0.0,
                0.019197207678883072,
                0.08551483420593368,
                0.0,
                0.8952879581151832,
                0.0
            ],
            [
                0.0,
                0.0,
                0.0,
                0.0,
                0.0,
                1.0
            ]
        ],
        "confusion_matrix_labels": [
            "DoS/DDoS",
            "Info_Gathering",
            "Injection",
            "MITM",
            "Malware",
            "Normal"
        ],
        "round_time": 11.821113348007202,
        "round_start_time": 1764807703.246463,
        "round_end_time": 1764807715.0675764,
        "evaluate_time": 0.4903857707977295,
        "inference_time": 0.09711813926696777
    },
    "14": {
        "trees_by_client": 150,
        "first_server_serialise_trees_size": 132878,
        "fit_time": 1.394968032836914,
        "client_serialise_trees_size": 2835105,
        "final_server_serialise_trees_size": 14757245,
        "f1_score": 0.9686292506432009,
        "mcc": 0.9531927848029836,
        "accuracy": 0.9632063074901446,
        "precision": 0.9713621355411676,
        "recall": 0.9674637850704966,
        "confusion_matrix": [
            [
                0.9878048780487805,
                0.0,
                0.012195121951219513,
                0.0,
                0.0,
                0.0
            ],
            [
                0.009779951100244499,
                0.9657701711491442,
                0.019559902200488997,
                0.0,
                0.004889975550122249,
                0.0
            ],
            [
                0.03541315345699832,
                0.0016863406408094434,
                0.9629005059021922,
                0.0,
                0.0,
                0.0
            ],
            [
                0.0,
                0.0,
                0.0,
                1.0,
                0.0,
                0.0
            ],
            [
                0.0,
                0.019197207678883072,
                0.0924956369982548,
                0.0,
                0.8883071553228621,
                0.0
            ],
            [
                0.0,
                0.0,
                0.0,
                0.0,
                0.0,
                1.0
            ]
        ],
        "confusion_matrix_labels": [
            "DoS/DDoS",
            "Info_Gathering",
            "Injection",
            "MITM",
            "Malware",
            "Normal"
        ],
        "round_time": 13.511356830596924,
        "round_start_time": 1764807730.3984787,
        "round_end_time": 1764807743.9098356,
        "evaluate_time": 0.7628655433654785,
        "inference_time": 0.09080839157104492
    },
    "15": {
        "trees_by_client": 160,
        "first_server_serialise_trees_size": 141372,
        "fit_time": 1.3491864204406738,
        "client_serialise_trees_size": 2999219,
        "final_server_serialise_trees_size": 15826564,
        "f1_score": 0.9680540493601696,
        "mcc": 0.9523788874299097,
        "accuracy": 0.9625492772667543,
        "precision": 0.9709020667578384,
        "recall": 0.9668820515044697,
        "confusion_matrix": [
            [
                0.9878048780487805,
                0.0,
                0.012195121951219513,
                0.0,
                0.0,
                0.0
            ],
            [
                0.009779951100244499,
                0.9657701711491442,
                0.019559902200488997,
                0.0,
                0.004889975550122249,
                0.0
            ],
            [
                0.03541315345699832,
                0.0016863406408094434,
                0.9629005059021922,
                0.0,
                0.0,
                0.0
            ],
            [
                0.0,
                0.0,
                0.0,
                1.0,
                0.0,
                0.0
            ],
            [
                0.0,
                0.019197207678883072,
                0.09598603839441536,
                0.0,
                0.8848167539267016,
                0.0
            ],
            [
                0.0,
                0.0,
                0.0,
                0.0,
                0.0,
                1.0
            ]
        ],
        "confusion_matrix_labels": [
            "DoS/DDoS",
            "Info_Gathering",
            "Injection",
            "MITM",
            "Malware",
            "Normal"
        ],
        "round_time": 14.707266092300415,
        "round_start_time": 1764807759.078281,
        "round_end_time": 1764807773.785547,
        "evaluate_time": 0.7198641300201416,
        "inference_time": 0.11865472793579102
    },
    "16": {
        "trees_by_client": 170,
        "first_server_serialise_trees_size": 151368,
        "fit_time": 1.4537427425384521,
        "client_serialise_trees_size": 3204301,
        "final_server_serialise_trees_size": 16619055,
        "f1_score": 0.9689167008711229,
        "mcc": 0.9536001082726954,
        "accuracy": 0.9635348226018396,
        "precision": 0.9715932296996987,
        "recall": 0.96775465185351,
        "confusion_matrix": [
            [
                0.9878048780487805,
                0.0,
                0.012195121951219513,
                0.0,
                0.0,
                0.0
            ],
            [
                0.009779951100244499,
                0.9657701711491442,
                0.019559902200488997,
                0.0,
                0.004889975550122249,
                0.0
            ],
            [
                0.03541315345699832,
                0.0016863406408094434,
                0.9629005059021922,
                0.0,
                0.0,
                0.0
            ],
            [
                0.0,
                0.0,
                0.0,
                1.0,
                0.0,
                0.0
            ],
            [
                0.0,
                0.019197207678883072,
                0.09075043630017451,
                0.0,
                0.8900523560209425,
                0.0
            ],
            [
                0.0,
                0.0,
                0.0,
                0.0,
                0.0,
                1.0
            ]
        ],
        "confusion_matrix_labels": [
            "DoS/DDoS",
            "Info_Gathering",
            "Injection",
            "MITM",
            "Malware",
            "Normal"
        ],
        "round_time": 15.301541805267334,
        "round_start_time": 1764807789.0294745,
        "round_end_time": 1764807804.3310163,
        "evaluate_time": 0.7890007495880127,
        "inference_time": 0.06746625900268555
    },
    "17": {
        "trees_by_client": 180,
        "first_server_serialise_trees_size": 160349,
        "fit_time": 1.9237799644470215,
        "client_serialise_trees_size": 3409622,
        "final_server_serialise_trees_size": 17686587,
        "f1_score": 0.9697784657346183,
        "mcc": 0.9548235815529325,
        "accuracy": 0.9645203679369251,
        "precision": 0.9722907916155514,
        "recall": 0.9686272522025501,
        "confusion_matrix": [
            [
                0.9878048780487805,
                0.0,
                0.012195121951219513,
                0.0,
                0.0,
                0.0
            ],
            [
                0.009779951100244499,
                0.9657701711491442,
                0.019559902200488997,
                0.0,
                0.004889975550122249,
                0.0
            ],
            [
                0.03541315345699832,
                0.0016863406408094434,
                0.9629005059021922,
                0.0,
                0.0,
                0.0
            ],
            [
                0.0,
                0.0,
                0.0,
                1.0,
                0.0,
                0.0
            ],
            [
                0.0,
                0.019197207678883072,
                0.08551483420593368,
                0.0,
                0.8952879581151832,
                0.0
            ],
            [
                0.0,
                0.0,
                0.0,
                0.0,
                0.0,
                1.0
            ]
        ],
        "confusion_matrix_labels": [
            "DoS/DDoS",
            "Info_Gathering",
            "Injection",
            "MITM",
            "Malware",
            "Normal"
        ],
        "round_time": 16.855205059051514,
        "round_start_time": 1764807819.5274596,
        "round_end_time": 1764807836.3826647,
        "evaluate_time": 0.7944486141204834,
        "inference_time": 0.06457066535949707
    },
    "18": {
        "trees_by_client": 190,
        "first_server_serialise_trees_size": 170688,
        "fit_time": 1.652801275253296,
        "client_serialise_trees_size": 3625490,
        "final_server_serialise_trees_size": 18498369,
        "f1_score": 0.9694913070991622,
        "mcc": 0.9544155063353958,
        "accuracy": 0.96419185282523,
        "precision": 0.9720575543467591,
        "recall": 0.9683363854195367,
        "confusion_matrix": [
            [
                0.9878048780487805,
                0.0,
                0.012195121951219513,
                0.0,
                0.0,
                0.0
            ],
            [
                0.009779951100244499,
                0.9657701711491442,
                0.019559902200488997,
                0.0,
                0.004889975550122249,
                0.0
            ],
            [
                0.03541315345699832,
                0.0016863406408094434,
                0.9629005059021922,
                0.0,
                0.0,
                0.0
            ],
            [
                0.0,
                0.0,
                0.0,
                1.0,
                0.0,
                0.0
            ],
            [
                0.0,
                0.019197207678883072,
                0.08726003490401396,
                0.0,
                0.893542757417103,
                0.0
            ],
            [
                0.0,
                0.0,
                0.0,
                0.0,
                0.0,
                1.0
            ]
        ],
        "confusion_matrix_labels": [
            "DoS/DDoS",
            "Info_Gathering",
            "Injection",
            "MITM",
            "Malware",
            "Normal"
        ],
        "round_time": 16.588213682174683,
        "round_start_time": 1764807851.567351,
        "round_end_time": 1764807868.1555648,
        "evaluate_time": 0.7411665916442871,
        "inference_time": 0.08068060874938965
    },
    "19": {
        "trees_by_client": 200,
        "first_server_serialise_trees_size": 179792,
        "fit_time": 2.1935625076293945,
        "client_serialise_trees_size": 3759662,
        "final_server_serialise_trees_size": 19436517,
        "f1_score": 0.9680540493601696,
        "mcc": 0.9523788874299097,
        "accuracy": 0.9625492772667543,
        "precision": 0.9709020667578384,
        "recall": 0.9668820515044697,
        "confusion_matrix": [
            [
                0.9878048780487805,
                0.0,
                0.012195121951219513,
                0.0,
                0.0,
                0.0
            ],
            [
                0.009779951100244499,
                0.9657701711491442,
                0.019559902200488997,
                0.0,
                0.004889975550122249,
                0.0
            ],
            [
                0.03541315345699832,
                0.0016863406408094434,
                0.9629005059021922,
                0.0,
                0.0,
                0.0
            ],
            [
                0.0,
                0.0,
                0.0,
                1.0,
                0.0,
                0.0
            ],
            [
                0.0,
                0.019197207678883072,
                0.09598603839441536,
                0.0,
                0.8848167539267016,
                0.0
            ],
            [
                0.0,
                0.0,
                0.0,
                0.0,
                0.0,
                1.0
            ]
        ],
        "confusion_matrix_labels": [
            "DoS/DDoS",
            "Info_Gathering",
            "Injection",
            "MITM",
