{
    "0": {
        "trees_by_client": 10,
        "first_server_serialise_trees_size": 9474,
        "fit_time": 0.02318859100341797,
        "client_serialise_trees_size": 88426,
        "final_server_serialise_trees_size": 543952,
        "f1_score": 0.9458902045383848,
        "mcc": 0.932987167615477,
        "accuracy": 0.9666666666666667,
        "precision": 0.9395783285447272,
        "recall": 0.9608496650955098,
        "confusion_matrix": [
            [
                1.0,
                0.0,
                0.0,
                0.0,
                0.0
            ],
            [
                0.014388489208633094,
                0.9568345323741008,
                0.02877697841726619,
                0.0,
                0.0
            ],
            [
                0.02413793103448276,
                0.0017241379310344827,
                0.9724137931034482,
                0.0017241379310344827,
                0.0
            ],
            [
                0.0,
                0.0,
                0.125,
                0.875,
                0.0
            ],
            [
                0.0,
                0.0,
                0.0,
                0.0,
                1.0
            ]
        ],
        "confusion_matrix_labels": null,
        "round_time": 41.793421268463135,
        "round_start_time": 1768418830.113427,
        "round_end_time": 1768418871.9068482,
        "evaluate_time": 0.22552204132080078,
        "inference_time": 0.0395050048828125
    },
    "1": {
        "trees_by_client": 20,
        "first_server_serialise_trees_size": 9400,
        "fit_time": 0.13256239891052246,
        "client_serialise_trees_size": 174536,
        "final_server_serialise_trees_size": 983757,
        "f1_score": 0.9488125403773455,
        "mcc": 0.9359651213060098,
        "accuracy": 0.969047619047619,
        "precision": 0.9738042969582393,
        "recall": 0.92969328132505,
        "confusion_matrix": [
            [
                0.9574468085106383,
                0.0,
                0.0425531914893617,
                0.0,
                0.0
            ],
            [
                0.007194244604316547,
                0.9496402877697842,
                0.04316546762589928,
                0.0,
                0.0
            ],
            [
                0.0017241379310344827,
                0.005172413793103448,
                0.9913793103448276,
                0.0017241379310344827,
                0.0
            ],
            [
                0.0,
                0.020833333333333332,
                0.22916666666666666,
                0.75,
                0.0
            ],
            [
                0.0,
                0.0,
                0.0,
                0.0,
                1.0
            ]
        ],
        "confusion_matrix_labels": null,
        "round_time": 5.085007190704346,
        "round_start_time": 1768418888.0723472,
        "round_end_time": 1768418893.1573544,
        "evaluate_time": 0.13160157203674316,
        "inference_time": 0.00768733024597168
    },
    "2": {
        "trees_by_client": 30,
        "first_server_serialise_trees_size": 18858,
        "fit_time": 0.13169240951538086,
        "client_serialise_trees_size": 248355,
        "final_server_serialise_trees_size": 1462537,
        "f1_score": 0.9537558953278275,
        "mcc": 0.9459126252147638,
        "accuracy": 0.9738095238095238,
        "precision": 0.9801433007399367,
        "recall": 0.9332606343391905,
        "confusion_matrix": [
            [
                0.9574468085106383,
                0.0,
                0.0425531914893617,
                0.0,
                0.0
            ],
            [
                0.007194244604316547,
                0.9640287769784173,
                0.02877697841726619,
                0.0,
                0.0
            ],
            [
                0.0,
                0.0034482758620689655,
                0.9948275862068966,
                0.0017241379310344827,
                0.0
            ],
            [
                0.0,
                0.020833333333333332,
                0.22916666666666666,
                0.75,
                0.0
            ],
            [
                0.0,
                0.0,
                0.0,
                0.0,
                1.0
            ]
        ],
        "confusion_matrix_labels": null,
        "round_time": 5.167029619216919,
        "round_start_time": 1768418909.0793598,
        "round_end_time": 1768418914.2463894,
        "evaluate_time": 0.152543306350708,
        "inference_time": 0.008965492248535156
    },
    "3": {
        "trees_by_client": 40,
        "first_server_serialise_trees_size": 28332,
        "fit_time": 0.1875622272491455,
        "client_serialise_trees_size": 333600,
        "final_server_serialise_trees_size": 2070466,
        "f1_score": 0.9535637825784461,
        "mcc": 0.9459858236184686,
        "accuracy": 0.9738095238095238,
        "precision": 0.986345838313477,
        "recall": 0.9294387952587307,
        "confusion_matrix": [
            [
                0.9574468085106383,
                0.0,
                0.0425531914893617,
                0.0,
                0.0
            ],
            [
                0.007194244604316547,
                0.9640287769784173,
                0.02877697841726619,
                0.0,
                0.0
            ],
            [
                0.0,
                0.0034482758620689655,
                0.996551724137931,
                0.0,
                0.0
            ],
            [
                0.0,
                0.0,
                0.2708333333333333,
                0.7291666666666666,
                0.0
            ],
            [
                0.0,
                0.0,
                0.0,
                0.0,
                1.0
            ]
        ],
        "confusion_matrix_labels": null,
        "round_time": 6.558980464935303,
        "round_start_time": 1768418930.3641443,
        "round_end_time": 1768418936.9231248,
        "evaluate_time": 0.2245159149169922,
        "inference_time": 0.011121749877929688
    },
    "4": {
        "trees_by_client": 50,
        "first_server_serialise_trees_size": 37730,
        "fit_time": 0.2948601245880127,
        "client_serialise_trees_size": 420318,
        "final_server_serialise_trees_size": 2627129,
        "f1_score": 0.954294774626641,
        "mcc": 0.9459191141998675,
        "accuracy": 0.9738095238095238,
        "precision": 0.9812551718689827,
        "recall": 0.9332606343391905,
        "confusion_matrix": [
            [
                0.9574468085106383,
                0.0,
                0.0425531914893617,
                0.0,
                0.0
            ],
            [
                0.007194244604316547,
                0.9640287769784173,
                0.02877697841726619,
                0.0,
                0.0
            ],
            [
                0.0,
                0.0034482758620689655,
                0.9948275862068966,
                0.0017241379310344827,
                0.0
            ],
            [
                0.0,
                0.0,
                0.25,
                0.75,
                0.0
            ],
            [
                0.0,
                0.0,
                0.0,
                0.0,
                1.0
            ]
        ],
        "confusion_matrix_labels": null,
        "round_time": 9.89569616317749,
        "round_start_time": 1768418952.8232408,
        "round_end_time": 1768418962.718937,
        "evaluate_time": 0.14191508293151855,
        "inference_time": 0.013711690902709961
    },
    "5": {
        "trees_by_client": 60,
        "first_server_serialise_trees_size": 47057,
        "fit_time": 0.2661452293395996,
        "client_serialise_trees_size": 499084,
        "final_server_serialise_trees_size": 3096477,
        "f1_score": 0.9457411539352394,
        "mcc": 0.9384500627766234,
        "accuracy": 0.9702380952380952,
        "precision": 0.9737749461362879,
        "recall": 0.9245824734196504,
        "confusion_matrix": [
            [
                0.9574468085106383,
                0.0,
                0.0425531914893617,
                0.0,
                0.0
            ],
            [
                0.007194244604316547,
                0.9640287769784173,
                0.02877697841726619,
                0.0,
                0.0
            ],
            [
                0.0,
                0.0034482758620689655,
                0.993103448275862,
                0.0034482758620689655,
                0.0
            ],
            [
                0.0,
                0.020833333333333332,
                0.2708333333333333,
                0.7083333333333334,
                0.0
            ],
            [
                0.0,
                0.0,
                0.0,
                0.0,
                1.0
            ]
        ],
        "confusion_matrix_labels": null,
        "round_time": 9.074146032333374,
        "round_start_time": 1768418978.6980786,
        "round_end_time": 1768418987.7722247,
        "evaluate_time": 0.16669535636901855,
        "inference_time": 0.015676259994506836
    },
    "6": {
        "trees_by_client": 70,
        "first_server_serialise_trees_size": 56715,
        "fit_time": 0.20170378684997559,
        "client_serialise_trees_size": 578274,
        "final_server_serialise_trees_size": 3666755,
        "f1_score": 0.9562275262090877,
        "mcc": 0.9459075871293364,
        "accuracy": 0.9738095238095238,
        "precision": 0.9813756328872765,
        "recall": 0.9359884520849938,
        "confusion_matrix": [
            [
                0.9574468085106383,
                0.0,
                0.0425531914893617,
                0.0,
                0.0
            ],
            [
                0.007194244604316547,
                0.9568345323741008,
                0.03597122302158273,
                0.0,
                0.0
            ],
            [
                0.0,
                0.0034482758620689655,
                0.9948275862068966,
                0.0017241379310344827,
                0.0
            ],
            [
                0.0,
                0.0,
                0.22916666666666666,
                0.7708333333333334,
                0.0
            ],
            [
                0.0,
                0.0,
                0.0,
                0.0,
                1.0
            ]
        ],
        "confusion_matrix_labels": null,
        "round_time": 9.803396701812744,
        "round_start_time": 1768419003.6170683,
        "round_end_time": 1768419013.420465,
        "evaluate_time": 0.20436549186706543,
        "inference_time": 0.015144586563110352
    },
    "7": {
        "trees_by_client": 80,
        "first_server_serialise_trees_size": 65722,
        "fit_time": 0.49344468116760254,
        "client_serialise_trees_size": 657949,
        "final_server_serialise_trees_size": 4073684,
        "f1_score": 0.9533792391456231,
        "mcc": 0.9434350134336238,
        "accuracy": 0.9726190476190476,
        "precision": 0.9809079666185007,
        "recall": 0.931821785418327,
        "confusion_matrix": [
            [
                0.9574468085106383,
                0.0,
                0.0425531914893617,
                0.0,
                0.0
            ],
            [
                0.007194244604316547,
                0.9568345323741008,
                0.03597122302158273,
                0.0,
                0.0
            ],
            [
                0.0,
                0.0034482758620689655,
                0.9948275862068966,
                0.0017241379310344827,
                0.0
            ],
            [
                0.0,
                0.0,
                0.25,
                0.75,
                0.0
            ],
            [
                0.0,
                0.0,
                0.0,
                0.0,
                1.0
            ]
        ],
        "confusion_matrix_labels": null,
        "round_time": 10.756094932556152,
        "round_start_time": 1768419029.3350878,
        "round_end_time": 1768419040.0911827,
        "evaluate_time": 0.20732736587524414,
        "inference_time": 0.01578688621520996
    },
    "8": {
        "trees_by_client": 90,
        "first_server_serialise_trees_size": 75592,
        "fit_time": 0.3581817150115967,
        "client_serialise_trees_size": 742216,
        "final_server_serialise_trees_size": 4622248,
        "f1_score": 0.94861105639141,
        "mcc": 0.9409616206599234,
        "accuracy": 0.9714285714285714,
        "precision": 0.9754936380421704,
        "recall": 0.9287491400863168,
        "confusion_matrix": [
            [
                0.9574468085106383,
                0.0,
                0.0425531914893617,
                0.0,
                0.0
            ],
            [
                0.007194244604316547,
                0.9640287769784173,
                0.02877697841726619,
                0.0,
                0.0
            ],
            [
                0.0017241379310344827,
                0.0034482758620689655,
                0.993103448275862,
                0.0017241379310344827,
                0.0
            ],
            [
                0.0,
                0.020833333333333332,
                0.25,
                0.7291666666666666,
                0.0
            ],
            [
                0.0,
                0.0,
                0.0,
                0.0,
                1.0
            ]
        ],
        "confusion_matrix_labels": null,
        "round_time": 11.855306386947632,
        "round_start_time": 1768419055.9811506,
        "round_end_time": 1768419067.836457,
        "evaluate_time": 0.24288368225097656,
        "inference_time": 0.017645835876464844
    },
    "9": {
        "trees_by_client": 100,
        "first_server_serialise_trees_size": 85764,
        "fit_time": 0.4675018787384033,
        "client_serialise_trees_size": 831380,
        "final_server_serialise_trees_size": 5200373,
        "f1_score": 0.9571433462361254,
        "mcc": 0.9483891429047404,
        "accuracy": 0.975,
        "precision": 0.9817239338238128,
        "recall": 0.9374273010058571,
        "confusion_matrix": [
            [
                0.9574468085106383,
                0.0,
                0.0425531914893617,
                0.0,
                0.0
            ],
            [
                0.007194244604316547,
                0.9640287769784173,
                0.02877697841726619,
                0.0,
                0.0
            ],
            [
                0.0,
                0.0034482758620689655,
                0.9948275862068966,
                0.0017241379310344827,
                0.0
            ],
            [
                0.0,
                0.0,
                0.22916666666666666,
                0.7708333333333334,
                0.0
            ],
            [
                0.0,
                0.0,
                0.0,
                0.0,
                1.0
            ]
        ],
        "confusion_matrix_labels": null,
        "round_time": 12.476955652236938,
        "round_start_time": 1768419083.7861004,
        "round_end_time": 1768419096.263056,
        "evaluate_time": 0.23731589317321777,
        "inference_time": 0.037328243255615234
    },
    "10": {
        "trees_by_client": 110,
        "first_server_serialise_trees_size": 94717,
        "fit_time": 0.5430619716644287,
        "client_serialise_trees_size": 921504,
        "final_server_serialise_trees_size": 5720136,
        "f1_score": 0.9482349796573392,
        "mcc": 0.9384701753563325,
        "accuracy": 0.9702380952380952,
        "precision": 0.976259433787636,
        "recall": 0.9273102911654536,
        "confusion_matrix": [
            [
                0.9574468085106383,
                0.0,
                0.0425531914893617,
                0.0,
                0.0
            ],
            [
                0.007194244604316547,
                0.9568345323741008,
                0.03597122302158273,
                0.0,
                0.0
            ],
            [
                0.0017241379310344827,
                0.0034482758620689655,
                0.993103448275862,
                0.0017241379310344827,
                0.0
            ],
            [
                0.0,
                0.0,
                0.2708333333333333,
                0.7291666666666666,
                0.0
            ],
            [
                0.0,
                0.0,
                0.0,
                0.0,
                1.0
            ]
        ],
        "confusion_matrix_labels": null,
        "round_time": 13.954552412033081,
        "round_start_time": 1768419112.4650555,
        "round_end_time": 1768419126.4196079,
        "evaluate_time": 0.3286914825439453,
        "inference_time": 0.021452665328979492
    },
    "11": {
        "trees_by_client": 120,
        "first_server_serialise_trees_size": 104091,
        "fit_time": 0.5532958507537842,
        "client_serialise_trees_size": 999442,
        "final_server_serialise_trees_size": 6221921,
        "f1_score": 0.9534145102794286,
        "mcc": 0.9434345373538305,
        "accuracy": 0.9726190476190476,
        "precision": 0.9771907090124579,
        "recall": 0.9345496031641305,
        "confusion_matrix": [
            [
                0.9574468085106383,
                0.0,
                0.0425531914893617,
                0.0,
                0.0
            ],
            [
                0.014388489208633094,
                0.9496402877697842,
                0.03597122302158273,
                0.0,
                0.0
            ],
            [
                0.0,
                0.0034482758620689655,
                0.9948275862068966,
                0.0017241379310344827,
                0.0
            ],
            [
                0.0,
                0.0,
                0.22916666666666666,
                0.7708333333333334,
                0.0
            ],
            [
                0.0,
                0.0,
                0.0,
                0.0,
                1.0
            ]
        ],
        "confusion_matrix_labels": null,
        "round_time": 16.09159517288208,
        "round_start_time": 1768419142.2793183,
        "round_end_time": 1768419158.3709135,
        "evaluate_time": 0.3588864803314209,
        "inference_time": 0.027803897857666016
    },
    "12": {
        "trees_by_client": 130,
        "first_server_serialise_trees_size": 113822,
        "fit_time": 0.8104956150054932,
        "client_serialise_trees_size": 1090385,
        "final_server_serialise_trees_size": 6763220,
        "f1_score": 0.9508434842290591,
        "mcc": 0.9434410125202525,
        "accuracy": 0.9726190476190476,
        "precision": 0.979666636145625,
        "recall": 0.9290939676725237,
        "confusion_matrix": [
            [
                0.9574468085106383,
                0.0,
                0.0425531914893617,
                0.0,
                0.0
            ],
            [
                0.007194244604316547,
                0.9640287769784173,
                0.02877697841726619,
                0.0,
                0.0
            ],
            [
                0.0,
                0.0034482758620689655,
                0.9948275862068966,
                0.0017241379310344827,
                0.0
            ],
            [
                0.0,
                0.020833333333333332,
                0.25,
                0.7291666666666666,
                0.0
            ],
            [
                0.0,
                0.0,
                0.0,
                0.0,
                1.0
            ]
        ],
        "confusion_matrix_labels": null,
        "round_time": 17.57662272453308,
        "round_start_time": 1768419174.2201545,
        "round_end_time": 1768419191.7967772,
        "evaluate_time": 0.3115108013153076,
        "inference_time": 0.022417068481445312
    },
    "13": {
        "trees_by_client": 140,
        "first_server_serialise_trees_size": 123615,
        "fit_time": 0.7212851047515869,
        "client_serialise_trees_size": 1170747,
        "final_server_serialise_trees_size": 7201708,
        "f1_score": 0.9512359378864751,
        "mcc": 0.9409196409209223,
        "accuracy": 0.9714285714285714,
        "precision": 0.9757763405387582,
        "recall": 0.9314769578321203,
        "confusion_matrix": [
            [
                0.9574468085106383,
                0.0,
                0.0425531914893617,
                0.0,
                0.0
            ],
            [
                0.007194244604316547,
                0.9568345323741008,
                0.03597122302158273,
                0.0,
                0.0
            ],
            [
                0.0,
                0.0034482758620689655,
                0.993103448275862,
                0.0034482758620689655,
                0.0
            ],
            [
                0.0,
                0.0,
                0.25,
                0.75,
                0.0
            ],
            [
                0.0,
                0.0,
                0.0,
                0.0,
                1.0
            ]
        ],
        "confusion_matrix_labels": null,
        "round_time": 18.13323736190796,
        "round_start_time": 1768419207.6580627,
        "round_end_time": 1768419225.7913,
        "evaluate_time": 0.43244242668151855,
        "inference_time": 0.0727379322052002
    },
    "14": {
        "trees_by_client": 150,
        "first_server_serialise_trees_size": 132679,
        "fit_time": 0.6161541938781738,
        "client_serialise_trees_size": 1245859,
        "final_server_serialise_trees_size": 7796283,
        "f1_score": 0.9508434842290591,
        "mcc": 0.9434410125202525,
        "accuracy": 0.9726190476190476,
        "precision": 0.979666636145625,
        "recall": 0.9290939676725237,
        "confusion_matrix": [
            [
                0.9574468085106383,
                0.0,
                0.0425531914893617,
                0.0,
                0.0
            ],
            [
                0.007194244604316547,
                0.9640287769784173,
                0.02877697841726619,
                0.0,
                0.0
            ],
            [
                0.0,
                0.0034482758620689655,
                0.9948275862068966,
                0.0017241379310344827,
                0.0
            ],
            [
                0.0,
                0.020833333333333332,
                0.25,
                0.7291666666666666,
                0.0
            ],
            [
                0.0,
                0.0,
                0.0,
                0.0,
                1.0
            ]
        ],
        "confusion_matrix_labels": null,
        "round_time": 20.16407823562622,
        "round_start_time": 1768419241.7550213,
        "round_end_time": 1768419261.9190996,
        "evaluate_time": 0.3381824493408203,
        "inference_time": 0.029822826385498047
    },
    "15": {
        "trees_by_client": 160,
        "first_server_serialise_trees_size": 141816,
        "fit_time": 0.5116164684295654,
        "client_serialise_trees_size": 1313527,
        "final_server_serialise_trees_size": 8262558,
        "f1_score": 0.954294774626641,
        "mcc": 0.9459191141998675,
        "accuracy": 0.9738095238095238,
        "precision": 0.9812551718689827,
        "recall": 0.9332606343391905,
        "confusion_matrix": [
            [
                0.9574468085106383,
                0.0,
                0.0425531914893617,
                0.0,
                0.0
            ],
            [
                0.007194244604316547,
                0.9640287769784173,
                0.02877697841726619,
                0.0,
                0.0
            ],
            [
                0.0,
                0.0034482758620689655,
                0.9948275862068966,
                0.0017241379310344827,
                0.0
            ],
            [
                0.0,
                0.0,
                0.25,
                0.75,
                0.0
            ],
            [
                0.0,
                0.0,
                0.0,
                0.0,
                1.0
            ]
        ],
        "confusion_matrix_labels": null,
        "round_time": 19.81258511543274,
        "round_start_time": 1768419277.8121681,
        "round_end_time": 1768419297.6247532,
        "evaluate_time": 0.443584680557251,
        "inference_time": 0.10714173316955566
    },
    "16": {
        "trees_by_client": 170,
        "first_server_serialise_trees_size": 151218,
        "fit_time": 0.5124027729034424,
        "client_serialise_trees_size": 1406576,
        "final_server_serialise_trees_size": 8706959,
        "f1_score": 0.949248466741785,
        "mcc": 0.9409296820711657,
        "accuracy": 0.9714285714285714,
        "precision": 0.9755136320097957,
        "recall": 0.9287491400863168,
        "confusion_matrix": [
            [
                0.9574468085106383,
                0.0,
                0.0425531914893617,
                0.0,
                0.0
            ],
            [
                0.007194244604316547,
                0.9640287769784173,
                0.02877697841726619,
                0.0,
                0.0
            ],
            [
                0.0,
                0.0034482758620689655,
                0.993103448275862,
                0.0034482758620689655,
                0.0
            ],
            [
                0.0,
                0.0,
                0.2708333333333333,
                0.7291666666666666,
                0.0
            ],
            [
                0.0,
                0.0,
                0.0,
                0.0,
                1.0
            ]
        ],
        "confusion_matrix_labels": null,
        "round_time": 20.482178926467896,
        "round_start_time": 1768419313.5210516,
        "round_end_time": 1768419334.0032306,
        "evaluate_time": 0.42166829109191895,
        "inference_time": 0.030646800994873047
    },
    "17": {
        "trees_by_client": 180,
        "first_server_serialise_trees_size": 160826,
        "fit_time": 0.7958271503448486,
        "client_serialise_trees_size": 1496726,
        "final_server_serialise_trees_size": 9321551,
        "f1_score": 0.954294774626641,
        "mcc": 0.9459191141998675,
        "accuracy": 0.9738095238095238,
        "precision": 0.9812551718689827,
        "recall": 0.9332606343391905,
        "confusion_matrix": [
            [
                0.9574468085106383,
                0.0,
                0.0425531914893617,
                0.0,
                0.0
            ],
            [
                0.007194244604316547,
                0.9640287769784173,
                0.02877697841726619,
                0.0,
                0.0
            ],
            [
                0.0,
                0.0034482758620689655,
                0.9948275862068966,
                0.0017241379310344827,
                0.0
            ],
            [
                0.0,
                0.0,
                0.25,
                0.75,
                0.0
            ],
            [
                0.0,
                0.0,
                0.0,
                0.0,
                1.0
            ]
        ],
        "confusion_matrix_labels": null,
        "round_time": 25.925016403198242,
        "round_start_time": 1768419349.8070607,
        "round_end_time": 1768419375.7320771,
        "evaluate_time": 0.47652268409729004,
        "inference_time": 0.07752013206481934
    },
    "18": {
        "trees_by_client": 190,
        "first_server_serialise_trees_size": 170175,
        "fit_time": 0.7586731910705566,
        "client_serialise_trees_size": 1588377,
        "final_server_serialise_trees_size": 9117399,
        "f1_score": 0.9482349796573392,
        "mcc": 0.9384701753563325,
        "accuracy": 0.9702380952380952,
        "precision": 0.976259433787636,
        "recall": 0.9273102911654536,
        "confusion_matrix": [
            [
                0.9574468085106383,
                0.0,
                0.0425531914893617,
                0.0,
                0.0
            ],
            [
                0.007194244604316547,
                0.9568345323741008,
                0.03597122302158273,
                0.0,
                0.0
            ],
            [
                0.0017241379310344827,
                0.0034482758620689655,
                0.993103448275862,
                0.0017241379310344827,
                0.0
            ],
            [
                0.0,
                0.0,
                0.2708333333333333,
                0.7291666666666666,
                0.0
            ],
            [
                0.0,
                0.0,
                0.0,
                0.0,
                1.0
            ]
        ],
        "confusion_matrix_labels": null,
        "round_time": 24.021419763565063,
        "round_start_time": 1768419391.767211,
        "round_end_time": 1768419415.7886307,
        "evaluate_time": 0.4643893241882324,
        "inference_time": 0.08810877799987793
    },
    "19": {
        "trees_by_client": 200,
        "first_server_serialise_trees_size": 179373,
        "fit_time": 1.087181568145752,
        "client_serialise_trees_size": 1643280,
        "final_server_serialise_trees_size": 10299681,
        "f1_score": 0.9533792391456231,
        "mcc": 0.9434350134336238,
        "accuracy": 0.9726190476190476,
        "precision": 0.9809079666185007,
        "recall": 0.931821785418327,
        "confusion_matrix": [
            [
                0.9574468085106383,
                0.0,
                0.0425531914893617,
                0.0,
                0.0
            ],
            [
                0.007194244604316547,
                0.9568345323741008,
                0.03597122302158273,
                0.0,
                0.0
            ],
            [
                0.0,
                0.0034482758620689655,
                0.9948275862068966,
                0.0017241379310344827,
                0.0
            ],
            [
                0.0,
                0.0,
                0.25,
                0.75,
                0.0
            ],
            [
                0.0,
                0.0,
                0.0,
                0.0,
                1.0
            ]
        ],
        "confusion_matrix_labels": null,
        "round_time": 23.49591612815857,
        "round_start_time": 1768419431.755401,
        "round_end_time": 1768419455.251317,
        "evaluate_time": 0.43642401695251465,
        "inference_time": 0.03579068183898926
    },
    "20": {
        "trees_by_client": 210,
        "first_server_serialise_trees_size": 189611,
        "fit_time": 1.5043768882751465,
        "client_serialise_trees_size": 1737216,
        "final_server_serialise_trees_size": 10934183,
        "f1_score": 0.9571433462361254,
        "mcc": 0.9483891429047404,
        "accuracy": 0.975,
        "precision": 0.9817239338238128,
        "recall": 0.9374273010058571,
        "confusion_matrix": [
            [
                0.9574468085106383,
                0.0,
                0.0425531914893617,
                0.0,
                0.0
            ],
            [
                0.007194244604316547,
                0.9640287769784173,
                0.02877697841726619,
                0.0,
                0.0
            ],
            [
                0.0,
                0.0034482758620689655,
                0.9948275862068966,
                0.0017241379310344827,
                0.0
            ],
            [
                0.0,
                0.0,
                0.22916666666666666,
                0.7708333333333334,
                0.0
            ],
            [
                0.0,
                0.0,
                0.0,
                0.0,
                1.0
            ]
        ],
        "confusion_matrix_labels": null,
        "round_time": 28.733835220336914,
        "round_start_time": 1768419471.192224,
        "round_end_time": 1768419499.9260592,
        "evaluate_time": 0.3969864845275879,
        "inference_time": 0.04103732109069824
    },
    "21": {
        "trees_by_client": 220,
        "first_server_serialise_trees_size": 198085,
        "fit_time": 0.8831179141998291,
        "client_serialise_trees_size": 1835504,
        "final_server_serialise_trees_size": 11251181,
        "f1_score": 0.9520623467889919,
        "mcc": 0.9434368314689658,
        "accuracy": 0.9726190476190476,
        "precision": 0.9770821737655281,
        "recall": 0.9329158067529836,
        "confusion_matrix": [
            [
                0.9574468085106383,
                0.0,
                0.0425531914893617,
                0.0,
                0.0
            ],
            [
                0.007194244604316547,
                0.9640287769784173,
                0.02877697841726619,
                0.0,
                0.0
            ],
            [
                0.0017241379310344827,
                0.0034482758620689655,
                0.993103448275862,
                0.0017241379310344827,
                0.0
            ],
            [
                0.0,
                0.0,
                0.25,
                0.75,
                0.0
            ],
            [
                0.0,
                0.0,
                0.0,
                0.0,
                1.0
            ]
        ],
        "confusion_matrix_labels": null,
        "round_time": 25.592888355255127,
        "round_start_time": 1768419515.8040664,
        "round_end_time": 1768419541.3969548,
        "evaluate_time": 0.46039390563964844,
        "inference_time": 0.044966936111450195
    },
    "22": {
        "trees_by_client": 230,
        "first_server_serialise_trees_size": 208549,
        "fit_time": 1.1304209232330322,
        "client_serialise_trees_size": 1914122,
        "final_server_serialise_trees_size": 11797485,
        "f1_score": 0.9543358138739938,
        "mcc": 0.9459163583964176,
        "accuracy": 0.9738095238095238,
        "precision": 0.977539335120522,
        "recall": 0.9359884520849938,
        "confusion_matrix": [
            [
                0.9574468085106383,
                0.0,
                0.0425531914893617,
                0.0,
                0.0
            ],
            [
                0.014388489208633094,
                0.9568345323741008,
                0.02877697841726619,
                0.0,
                0.0
            ],
            [
                0.0,
                0.0034482758620689655,
                0.9948275862068966,
                0.0017241379310344827,
                0.0
            ],
            [
                0.0,
                0.0,
                0.22916666666666666,
                0.7708333333333334,
                0.0
            ],
            [
                0.0,
                0.0,
                0.0,
                0.0,
                1.0
            ]
        ],
        "confusion_matrix_labels": null,
        "round_time": 35.59437608718872,
        "round_start_time": 1768419557.2390974,
        "round_end_time": 1768419592.8334734,
        "evaluate_time": 0.30071163177490234,
        "inference_time": 0.030698776245117188
    },
    "23": {
        "trees_by_client": 240,
        "first_server_serialise_trees_size": 217626,
        "fit_time": 1.3285048007965088,
        "client_serialise_trees_size": 1984941,
        "final_server_serialise_trees_size": 11419387,
        "f1_score": 0.9499281026193469,
        "mcc": 0.940950212362431,
        "accuracy": 0.9714285714285714,
        "precision": 0.9793090147254311,
        "recall": 0.9276551187516604,
        "confusion_matrix": [
            [
                0.9574468085106383,
                0.0,
                0.0425531914893617,
                0.0,
                0.0
            ],
            [
                0.007194244604316547,
                0.9568345323741008,
                0.03597122302158273,
                0.0,
                0.0
            ],
            [
                0.0,
                0.0034482758620689655,
                0.9948275862068966,
                0.0017241379310344827,
                0.0
            ],
            [
                0.0,
                0.020833333333333332,
                0.25,
                0.7291666666666666,
                0.0
            ],
            [
                0.0,
                0.0,
                0.0,
                0.0,
                1.0
            ]
        ],
        "confusion_matrix_labels": null,
        "round_time": 33.75728750228882,
        "round_start_time": 1768419608.3241045,
        "round_end_time": 1768419642.081392,
        "evaluate_time": 0.47447776794433594,
        "inference_time": 0.0548861026763916
    },
    "24": {
        "trees_by_client": 250,
        "first_server_serialise_trees_size": 226712,
        "fit_time": 1.2346196174621582,
        "client_serialise_trees_size": 2077061,
        "final_server_serialise_trees_size": 12803332,
        "f1_score": 0.9513826480738924,
        "mcc": 0.9434491790650914,
        "accuracy": 0.9726190476190476,
        "precision": 0.9807796029607252,
        "recall": 0.9290939676725237,
        "confusion_matrix": [
            [
                0.9574468085106383,
                0.0,
                0.0425531914893617,
                0.0,
                0.0
            ],
            [
                0.007194244604316547,
                0.9640287769784173,
                0.02877697841726619,
                0.0,
                0.0
            ],
            [
                0.0,
                0.0034482758620689655,
                0.9948275862068966,
                0.0017241379310344827,
                0.0
            ],
            [
                0.0,
                0.0,
                0.2708333333333333,
                0.7291666666666666,
                0.0
            ],
            [
                0.0,
                0.0,
                0.0,
                0.0,
                1.0
            ]
        ],
        "confusion_matrix_labels": null,
        "round_time": 34.02516222000122,
        "round_start_time": 1768419657.9690845,
        "round_end_time": 1768419691.9942467,
        "evaluate_time": 0.7551436424255371,
        "inference_time": 0.09365367889404297
    },
    "25": {
        "trees_by_client": 260,
        "first_server_serialise_trees_size": 236714,
        "fit_time": 1.4811501502990723,
        "client_serialise_trees_size": 2149620,
        "final_server_serialise_trees_size": 13296383,
        "f1_score": 0.9539950983714384,
        "mcc": 0.9434265276052788,
        "accuracy": 0.9726190476190476,
        "precision": 0.9772026347838217,
        "recall": 0.9356436244987869,
        "confusion_matrix": [
            [
                0.9574468085106383,
                0.0,
                0.0425531914893617,
                0.0,
                0.0
            ],
            [
                0.007194244604316547,
                0.9568345323741008,
                0.03597122302158273,
                0.0,
                0.0
            ],
            [
                0.0017241379310344827,
                0.0034482758620689655,
