{
    "0": {
        "trees_by_client": 10,
        "first_server_serialise_trees_size": 9501,
        "fit_time": 0.05659937858581543,
        "client_serialise_trees_size": 176262,
        "final_server_serialise_trees_size": 836123,
        "f1_score": 0.8654239298817048,
        "mcc": 0.8508616371051761,
        "accuracy": 0.9424853610930384,
        "precision": 0.8526857532169005,
        "recall": 0.9599533754965379,
        "confusion_matrix": [
            [
                0.9514327343370568,
                0.0048567265662943174,
                0.043710539096648855,
                0.0,
                0.0,
                0.0
            ],
            [
                0.01160092807424594,
                0.951276102088167,
                0.030162412993039442,
                0.0,
                0.0069605568445475635,
                0.0
            ],
            [
                0.017857142857142856,
                0.0,
                0.9821428571428571,
                0.0,
                0.0,
                0.0
            ],
            [
                0.0,
                0.0,
                0.0,
                1.0,
                0.0,
                0.0
            ],
            [
                0.0,
                0.016824395373291272,
                0.10830704521556257,
                0.0,
                0.8748685594111462,
                0.0
            ],
            [
                0.0,
                0.0,
                0.0,
                0.0,
                0.0,
                1.0
            ]
        ],
        "confusion_matrix_labels": [
            "DoS/DDoS",
            "Info_Gathering",
            "Injection",
            "MITM",
            "Malware",
            "Normal"
        ],
        "round_time": 12.447271347045898,
        "round_start_time": 1771785347.8822198,
        "round_end_time": 1771785360.3294911,
        "evaluate_time": 0.6561143398284912,
        "inference_time": 0.012636184692382812
    },
    "1": {
        "trees_by_client": 20,
        "first_server_serialise_trees_size": 9360,
        "fit_time": 0.12862133979797363,
        "client_serialise_trees_size": 348655,
        "final_server_serialise_trees_size": 1669425,
        "f1_score": 0.8677688033138545,
        "mcc": 0.8581353763781201,
        "accuracy": 0.9459986987638256,
        "precision": 0.8520325831142964,
        "recall": 0.9597919303298648,
        "confusion_matrix": [
            [
                0.9558037882467217,
                0.006637526307268901,
                0.03755868544600939,
                0.0,
                0.0,
                0.0
            ],
            [
                0.009280742459396751,
                0.9559164733178654,
                0.027842227378190254,
                0.0,
                0.0069605568445475635,
                0.0
            ],
            [
                0.026785714285714284,
                0.0,
                0.9732142857142857,
                0.0,
                0.0,
                0.0
            ],
            [
                0.0,
                0.0,
                0.0,
                1.0,
                0.0,
                0.0
            ],
            [
                0.0,
                0.016824395373291272,
                0.10935856992639327,
                0.0,
                0.8738170347003155,
                0.0
            ],
            [
                0.0,
                0.0,
                0.0,
                0.0,
                0.0,
                1.0
            ]
        ],
        "confusion_matrix_labels": [
            "DoS/DDoS",
            "Info_Gathering",
            "Injection",
            "MITM",
            "Malware",
            "Normal"
        ],
        "round_time": 3.2116541862487793,
        "round_start_time": 1771785375.7420423,
        "round_end_time": 1771785378.9536965,
        "evaluate_time": 0.4426305294036865,
        "inference_time": 0.007591962814331055
    },
    "2": {
        "trees_by_client": 30,
        "first_server_serialise_trees_size": 19038,
        "fit_time": 0.2372426986694336,
        "client_serialise_trees_size": 513509,
        "final_server_serialise_trees_size": 2543664,
        "f1_score": 0.8715807230223688,
        "mcc": 0.8638393326512152,
        "accuracy": 0.9484710474951203,
        "precision": 0.858245515180482,
        "recall": 0.9605379582293921,
        "confusion_matrix": [
            [
                0.958394042415412,
                0.0035615994819491663,
                0.03804435810263882,
                0.0,
                0.0,
                0.0
            ],
            [
                0.01160092807424594,
                0.9535962877030162,
                0.027842227378190254,
                0.0,
                0.0069605568445475635,
                0.0
            ],
            [
                0.026785714285714284,
                0.0,
                0.9732142857142857,
                0.0,
                0.0,
                0.0
            ],
            [
                0.0,
                0.0,
                0.0,
                1.0,
                0.0,
                0.0
            ],
            [
                0.0,
                0.016824395373291272,
                0.10515247108307045,
                0.0,
                0.8780231335436383,
                0.0
            ],
            [
                0.0,
                0.0,
                0.0,
                0.0,
                0.0,
                1.0
            ]
        ],
        "confusion_matrix_labels": [
            "DoS/DDoS",
            "Info_Gathering",
            "Injection",
            "MITM",
            "Malware",
            "Normal"
        ],
        "round_time": 3.6644551753997803,
        "round_start_time": 1771785394.0180345,
        "round_end_time": 1771785397.6824896,
        "evaluate_time": 0.4784092903137207,
        "inference_time": 0.011011838912963867
    },
    "3": {
        "trees_by_client": 40,
        "first_server_serialise_trees_size": 28089,
        "fit_time": 0.43353748321533203,
        "client_serialise_trees_size": 689880,
        "final_server_serialise_trees_size": 3258375,
        "f1_score": 0.8722247385547193,
        "mcc": 0.8660317077241751,
        "accuracy": 0.9495120364346129,
        "precision": 0.8565971221935472,
        "recall": 0.9611135285316673,
        "confusion_matrix": [
            [
                0.959527278614214,
                0.0051805083373806056,
                0.03529221304840537,
                0.0,
                0.0,
                0.0
            ],
            [
                0.01160092807424594,
                0.9559164733178654,
                0.025522041763341066,
                0.0,
                0.0069605568445475635,
                0.0
            ],
            [
                0.026785714285714284,
                0.0,
                0.9732142857142857,
                0.0,
                0.0,
                0.0
            ],
            [
                0.0,
                0.0,
                0.0,
                1.0,
                0.0,
                0.0
            ],
            [
                0.0,
                0.016824395373291272,
                0.10515247108307045,
                0.0,
                0.8780231335436383,
                0.0
            ],
            [
                0.0,
                0.0,
                0.0,
                0.0,
                0.0,
                1.0
            ]
        ],
        "confusion_matrix_labels": [
            "DoS/DDoS",
            "Info_Gathering",
            "Injection",
            "MITM",
            "Malware",
            "Normal"
        ],
        "round_time": 4.4642438888549805,
        "round_start_time": 1771785412.7651339,
        "round_end_time": 1771785417.2293777,
        "evaluate_time": 0.5190861225128174,
        "inference_time": 0.01337742805480957
    },
    "4": {
        "trees_by_client": 50,
        "first_server_serialise_trees_size": 37835,
        "fit_time": 0.38599276542663574,
        "client_serialise_trees_size": 878507,
        "final_server_serialise_trees_size": 4086166,
        "f1_score": 0.8712464699412442,
        "mcc": 0.8633055936401011,
        "accuracy": 0.9482108002602473,
        "precision": 0.8572577215544465,
        "recall": 0.961585392236498,
        "confusion_matrix": [
            [
                0.9580702606443258,
                0.004209163024121742,
                0.037720576331552534,
                0.0,
                0.0,
                0.0
            ],
            [
                0.01160092807424594,
                0.951276102088167,
                0.030162412993039442,
                0.0,
                0.0069605568445475635,
                0.0
            ],
            [
                0.017857142857142856,
                0.0,
                0.9821428571428571,
                0.0,
                0.0,
                0.0
            ],
            [
                0.0,
                0.0,
                0.0,
                1.0,
                0.0,
                0.0
            ],
            [
                0.0,
                0.016824395373291272,
                0.10515247108307045,
                0.0,
                0.8780231335436383,
                0.0
            ],
            [
                0.0,
                0.0,
                0.0,
                0.0,
                0.0,
                1.0
            ]
        ],
        "confusion_matrix_labels": [
            "DoS/DDoS",
            "Info_Gathering",
            "Injection",
            "MITM",
            "Malware",
            "Normal"
        ],
        "round_time": 5.554856777191162,
        "round_start_time": 1771785432.3019888,
        "round_end_time": 1771785437.8568456,
        "evaluate_time": 0.5659749507904053,
        "inference_time": 0.016281843185424805
    },
    "5": {
        "trees_by_client": 60,
        "first_server_serialise_trees_size": 47285,
        "fit_time": 0.44500017166137695,
        "client_serialise_trees_size": 1052416,
        "final_server_serialise_trees_size": 4957843,
        "f1_score": 0.8695124586267715,
        "mcc": 0.8595356409512772,
        "accuracy": 0.9463890696161353,
        "precision": 0.8541478645875055,
        "recall": 0.9621604518419734,
        "confusion_matrix": [
            [
                0.954994333819006,
                0.005504290108466894,
                0.039501376072527114,
                0.0,
                0.0,
                0.0
            ],
            [
                0.01160092807424594,
                0.9535962877030162,
                0.027842227378190254,
                0.0,
                0.0069605568445475635,
                0.0
            ],
            [
                0.017857142857142856,
                0.0,
                0.9821428571428571,
                0.0,
                0.0,
                0.0
            ],
            [
                0.0,
                0.0,
                0.0,
                1.0,
                0.0,
                0.0
            ],
            [
                0.0,
                0.016824395373291272,
                0.10094637223974763,
                0.0,
                0.882229232386961,
                0.0
            ],
            [
                0.0,
                0.0,
                0.0,
                0.0,
                0.0,
                1.0
            ]
        ],
        "confusion_matrix_labels": [
            "DoS/DDoS",
            "Info_Gathering",
            "Injection",
            "MITM",
            "Malware",
            "Normal"
        ],
        "round_time": 6.044519901275635,
        "round_start_time": 1771785452.9300303,
        "round_end_time": 1771785458.9745502,
        "evaluate_time": 0.7005164623260498,
        "inference_time": 0.019644975662231445
    },
    "6": {
        "trees_by_client": 70,
        "first_server_serialise_trees_size": 56954,
        "fit_time": 0.6020529270172119,
        "client_serialise_trees_size": 1228858,
        "final_server_serialise_trees_size": 5755380,
        "f1_score": 0.8696891451050622,
        "mcc": 0.8612660216240616,
        "accuracy": 0.9475601821730644,
        "precision": 0.8564102471373533,
        "recall": 0.9589514636118719,
        "confusion_matrix": [
            [
                0.9585559333009551,
                0.004371053909664886,
                0.03707301278937996,
                0.0,
                0.0,
                0.0
            ],
            [
                0.013921113689095127,
                0.951276102088167,
                0.027842227378190254,
                0.0,
                0.0069605568445475635,
                0.0
            ],
            [
                0.026785714285714284,
                0.0,
                0.9732142857142857,
                0.0,
                0.0,
                0.0
            ],
            [
                0.0,
                0.0,
                0.0,
                1.0,
                0.0,
                0.0
            ],
            [
                0.0,
                0.016824395373291272,
                0.11251314405888538,
                0.0,
                0.8706624605678234,
                0.0
            ],
            [
                0.0,
                0.0,
                0.0,
                0.0,
                0.0,
                1.0
            ]
        ],
        "confusion_matrix_labels": [
            "DoS/DDoS",
            "Info_Gathering",
            "Injection",
            "MITM",
            "Malware",
            "Normal"
        ],
        "round_time": 7.216125249862671,
        "round_start_time": 1771785474.0549724,
        "round_end_time": 1771785481.2710977,
        "evaluate_time": 0.6673364639282227,
        "inference_time": 0.025102615356445312
    },
    "7": {
        "trees_by_client": 80,
        "first_server_serialise_trees_size": 66398,
        "fit_time": 0.5688369274139404,
        "client_serialise_trees_size": 1388909,
        "final_server_serialise_trees_size": 6599468,
        "f1_score": 0.8694783409966659,
        "mcc": 0.8607609000129721,
        "accuracy": 0.9471698113207547,
        "precision": 0.8551219692198728,
        "recall": 0.9597601519943879,
        "confusion_matrix": [
            [
                0.9570989153310668,
                0.005018617451837462,
                0.03788246721709568,
                0.0,
                0.0,
                0.0
            ],
            [
                0.01160092807424594,
                0.951276102088167,
                0.030162412993039442,
                0.0,
                0.0069605568445475635,
                0.0
            ],
            [
                0.026785714285714284,
                0.0,
                0.9732142857142857,
                0.0,
                0.0,
                0.0
            ],
            [
                0.0,
                0.0,
                0.0,
                1.0,
                0.0,
                0.0
            ],
            [
                0.0,
                0.016824395373291272,
                0.10620399579390116,
                0.0,
                0.8769716088328076,
                0.0
            ],
            [
                0.0,
                0.0,
                0.0,
                0.0,
                0.0,
                1.0
            ]
        ],
        "confusion_matrix_labels": [
            "DoS/DDoS",
            "Info_Gathering",
            "Injection",
            "MITM",
            "Malware",
            "Normal"
        ],
        "round_time": 7.608010530471802,
        "round_start_time": 1771785496.397125,
        "round_end_time": 1771785504.0051355,
        "evaluate_time": 0.66062331199646,
        "inference_time": 0.026024580001831055
    },
    "8": {
        "trees_by_client": 90,
        "first_server_serialise_trees_size": 75950,
        "fit_time": 0.9135901927947998,
        "client_serialise_trees_size": 1583522,
        "final_server_serialise_trees_size": 7438105,
        "f1_score": 0.8692667895223766,
        "mcc": 0.8604251222996684,
        "accuracy": 0.9470396877033181,
        "precision": 0.8550344598880185,
        "recall": 0.9595848978759162,
        "confusion_matrix": [
            [
                0.9570989153310668,
                0.005018617451837462,
                0.03788246721709568,
                0.0,
                0.0,
                0.0
            ],
            [
                0.01160092807424594,
                0.951276102088167,
                0.030162412993039442,
                0.0,
                0.0069605568445475635,
                0.0
            ],
            [
                0.026785714285714284,
                0.0,
                0.9732142857142857,
                0.0,
                0.0,
                0.0
            ],
            [
                0.0,
                0.0,
                0.0,
                1.0,
                0.0,
                0.0
            ],
            [
                0.0,
                0.016824395373291272,
                0.10725552050473186,
                0.0,
                0.8759200841219769,
                0.0
            ],
            [
                0.0,
                0.0,
                0.0,
                0.0,
                0.0,
                1.0
            ]
        ],
        "confusion_matrix_labels": [
            "DoS/DDoS",
            "Info_Gathering",
            "Injection",
            "MITM",
            "Malware",
            "Normal"
        ],
        "round_time": 8.892974853515625,
        "round_start_time": 1771785519.0870357,
        "round_end_time": 1771785527.9800105,
        "evaluate_time": 0.48436450958251953,
        "inference_time": 0.02877020835876465
    },
    "9": {
        "trees_by_client": 100,
        "first_server_serialise_trees_size": 85074,
        "fit_time": 0.679786205291748,
        "client_serialise_trees_size": 1739554,
        "final_server_serialise_trees_size": 8220901,
        "f1_score": 0.870442534062794,
        "mcc": 0.8618046854070319,
        "accuracy": 0.9475601821730644,
        "precision": 0.8561199520808996,
        "recall": 0.9615136543450006,
        "confusion_matrix": [
            [
                0.9574226971021531,
                0.004694835680751174,
                0.03788246721709568,
                0.0,
                0.0,
                0.0
            ],
            [
                0.01160092807424594,
                0.9535962877030162,
                0.027842227378190254,
                0.0,
                0.0069605568445475635,
                0.0
            ],
            [
                0.017857142857142856,
                0.0,
                0.9821428571428571,
                0.0,
                0.0,
                0.0
            ],
            [
                0.0,
                0.0,
                0.0,
                1.0,
                0.0,
                0.0
            ],
            [
                0.0,
                0.016824395373291272,
                0.10725552050473186,
                0.0,
                0.8759200841219769,
                0.0
            ],
            [
                0.0,
                0.0,
                0.0,
                0.0,
                0.0,
                1.0
            ]
        ],
        "confusion_matrix_labels": [
            "DoS/DDoS",
            "Info_Gathering",
            "Injection",
            "MITM",
            "Malware",
            "Normal"
        ],
        "round_time": 8.498817682266235,
        "round_start_time": 1771785543.0599709,
        "round_end_time": 1771785551.5587885,
        "evaluate_time": 0.8240008354187012,
        "inference_time": 0.03294563293457031
    },
    "10": {
        "trees_by_client": 110,
        "first_server_serialise_trees_size": 94873,
        "fit_time": 1.0531973838806152,
        "client_serialise_trees_size": 1888387,
        "final_server_serialise_trees_size": 9082709,
        "f1_score": 0.8684865208835811,
        "mcc": 0.8591177073402144,
        "accuracy": 0.9465191932335719,
        "precision": 0.8542462389532001,
        "recall": 0.9592435971902465,
        "confusion_matrix": [
            [
                0.9569370244455238,
                0.005342399222923749,
                0.037720576331552534,
                0.0,
                0.0,
                0.0
            ],
            [
                0.01160092807424594,
                0.9535962877030162,
                0.027842227378190254,
                0.0,
                0.0069605568445475635,
                0.0
            ],
            [
                0.026785714285714284,
                0.0,
                0.9732142857142857,
                0.0,
                0.0,
                0.0
            ],
            [
                0.0,
                0.0,
                0.0,
                1.0,
                0.0,
                0.0
            ],
            [
                0.0,
                0.016824395373291272,
                0.11146161934805468,
                0.0,
                0.8717139852786541,
                0.0
            ],
            [
                0.0,
                0.0,
                0.0,
                0.0,
                0.0,
                1.0
            ]
        ],
        "confusion_matrix_labels": [
            "DoS/DDoS",
            "Info_Gathering",
            "Injection",
            "MITM",
            "Malware",
            "Normal"
        ],
        "round_time": 9.647966146469116,
        "round_start_time": 1771785566.6569982,
        "round_end_time": 1771785576.3049643,
        "evaluate_time": 0.8075318336486816,
        "inference_time": 0.04724001884460449
    },
    "11": {
        "trees_by_client": 120,
        "first_server_serialise_trees_size": 104484,
        "fit_time": 0.8724884986877441,
        "client_serialise_trees_size": 2059176,
        "final_server_serialise_trees_size": 9695901,
        "f1_score": 0.8665884999905727,
        "mcc": 0.8558145643459433,
        "accuracy": 0.9452179570592062,
        "precision": 0.8541310507987611,
        "recall": 0.9574910560055288,
        "confusion_matrix": [
            [
                0.9569370244455238,
                0.0048567265662943174,
                0.038206248988181965,
                0.0,
                0.0,
                0.0
            ],
            [
                0.01160092807424594,
                0.9535962877030162,
                0.027842227378190254,
                0.0,
                0.0069605568445475635,
                0.0
            ],
            [
                0.026785714285714284,
                0.0,
                0.9732142857142857,
                0.0,
                0.0,
                0.0
            ],
            [
                0.0,
                0.0,
                0.0,
                1.0,
                0.0,
                0.0
            ],
            [
                0.0,
                0.016824395373291272,
                0.12197686645636173,
                0.0,
                0.861198738170347,
                0.0
            ],
            [
                0.0,
                0.0,
                0.0,
                0.0,
                0.0,
                1.0
            ]
        ],
        "confusion_matrix_labels": [
            "DoS/DDoS",
            "Info_Gathering",
            "Injection",
            "MITM",
            "Malware",
            "Normal"
        ],
        "round_time": 10.803398609161377,
        "round_start_time": 1771785591.4039776,
        "round_end_time": 1771785602.2073762,
        "evaluate_time": 1.086237907409668,
        "inference_time": 0.04108762741088867
    },
    "12": {
        "trees_by_client": 130,
        "first_server_serialise_trees_size": 113543,
        "fit_time": 1.2066688537597656,
        "client_serialise_trees_size": 2318349,
        "final_server_serialise_trees_size": 10607381,
        "f1_score": 0.8692523761706816,
        "mcc": 0.8595074169418874,
        "accuracy": 0.9465191932335719,
        "precision": 0.8552161131975314,
        "recall": 0.9601332310155342,
        "confusion_matrix": [
            [
                0.9559656791322648,
                0.004694835680751174,
                0.03933948518698397,
                0.0,
                0.0,
                0.0
            ],
            [
                0.01160092807424594,
                0.9535962877030162,
                0.027842227378190254,
                0.0,
                0.0069605568445475635,
                0.0
            ],
            [
                0.026785714285714284,
                0.0,
                0.9732142857142857,
                0.0,
                0.0,
                0.0
            ],
            [
                0.0,
                0.0,
                0.0,
                1.0,
                0.0,
                0.0
            ],
            [
                0.0,
                0.016824395373291272,
                0.10515247108307045,
                0.0,
                0.8780231335436383,
                0.0
            ],
            [
                0.0,
                0.0,
                0.0,
                0.0,
                0.0,
                1.0
            ]
        ],
        "confusion_matrix_labels": [
            "DoS/DDoS",
            "Info_Gathering",
            "Injection",
            "MITM",
            "Malware",
            "Normal"
        ],
        "round_time": 11.374445915222168,
        "round_start_time": 1771785617.3050566,
        "round_end_time": 1771785628.6795025,
        "evaluate_time": 0.9738376140594482,
        "inference_time": 0.05556368827819824
    },
    "13": {
        "trees_by_client": 140,
        "first_server_serialise_trees_size": 122908,
        "fit_time": 1.0571374893188477,
        "client_serialise_trees_size": 2422474,
        "final_server_serialise_trees_size": 11476550,
        "f1_score": 0.8718030236966388,
        "mcc": 0.8651562284465455,
        "accuracy": 0.9491216655823032,
        "precision": 0.856980490390478,
        "recall": 0.960672867300678,
        "confusion_matrix": [
            [
                0.9592034968431278,
                0.004694835680751174,
                0.03610166747612109,
                0.0,
                0.0,
                0.0
            ],
            [
                0.01160092807424594,
                0.9535962877030162,
                0.027842227378190254,
                0.0,
                0.0069605568445475635,
                0.0
            ],
            [
                0.026785714285714284,
                0.0,
                0.9732142857142857,
                0.0,
                0.0,
                0.0
            ],
            [
                0.0,
                0.0,
                0.0,
                1.0,
                0.0,
                0.0
            ],
            [
                0.0,
                0.016824395373291272,
                0.10515247108307045,
                0.0,
                0.8780231335436383,
                0.0
            ],
            [
                0.0,
                0.0,
                0.0,
                0.0,
                0.0,
                1.0
            ]
        ],
        "confusion_matrix_labels": [
            "DoS/DDoS",
            "Info_Gathering",
            "Injection",
            "MITM",
            "Malware",
            "Normal"
        ],
        "round_time": 12.804851531982422,
        "round_start_time": 1771785643.7910733,
        "round_end_time": 1771785656.5959249,
        "evaluate_time": 1.006417989730835,
        "inference_time": 0.04357266426086426
    },
    "14": {
        "trees_by_client": 150,
        "first_server_serialise_trees_size": 132858,
        "fit_time": 1.1460607051849365,
        "client_serialise_trees_size": 2659165,
        "final_server_serialise_trees_size": 11048648,
        "f1_score": 0.8459653501313832,
        "mcc": 0.8109147855113796,
        "accuracy": 0.9228366948601171,
        "precision": 0.8327029646851797,
        "recall": 0.9556241384967534,
        "confusion_matrix": [
            [
                0.9289299012465598,
                0.012303707301278938,
                0.05876639145216124,
                0.0,
                0.0,
                0.0
            ],
            [
                0.0069605568445475635,
                0.9535962877030162,
                0.03248259860788863,
                0.0,
                0.0069605568445475635,
                0.0
            ],
            [
                0.008928571428571428,
                0.0,
                0.9910714285714286,
                0.0,
                0.0,
                0.0
            ],
            [
                0.0,
                0.0,
                0.0,
                1.0,
                0.0,
                0.0
            ],
            [
                0.0,
                0.016824395373291272,
                0.12302839116719243,
                0.0,
                0.8601472134595163,
                0.0
            ],
            [
                0.0,
                0.0,
                0.0,
                0.0,
                0.0,
                1.0
            ]
        ],
        "confusion_matrix_labels": [
            "DoS/DDoS",
            "Info_Gathering",
            "Injection",
            "MITM",
            "Malware",
            "Normal"
        ],
        "round_time": 12.577959060668945,
        "round_start_time": 1771785671.6969974,
        "round_end_time": 1771785684.2749565,
        "evaluate_time": 1.025542974472046,
        "inference_time": 0.04660296440124512
    },
    "15": {
        "trees_by_client": 160,
        "first_server_serialise_trees_size": 141656,
        "fit_time": 1.1543474197387695,
        "client_serialise_trees_size": 2778502,
        "final_server_serialise_trees_size": 13037283,
        "f1_score": 0.8671515799245837,
        "mcc": 0.8551729176444857,
        "accuracy": 0.9445673389720234,
        "precision": 0.854203802434022,
        "recall": 0.9590722434050294,
        "confusion_matrix": [
            [
                0.9540229885057471,
                0.00453294479520803,
                0.041444066699044844,
                0.0,
                0.0,
                0.0
            ],
            [
                0.01160092807424594,
                0.951276102088167,
                0.030162412993039442,
                0.0,
                0.0069605568445475635,
                0.0
            ],
            [
                0.026785714285714284,
                0.0,
                0.9732142857142857,
                0.0,
                0.0,
                0.0
            ],
            [
                0.0,
                0.0,
                0.0,
                1.0,
                0.0,
                0.0
            ],
            [
                0.0,
                0.016824395373291272,
                0.10725552050473186,
                0.0,
                0.8759200841219769,
                0.0
            ],
            [
                0.0,
                0.0,
                0.0,
                0.0,
                0.0,
                1.0
            ]
        ],
        "confusion_matrix_labels": [
            "DoS/DDoS",
            "Info_Gathering",
            "Injection",
            "MITM",
            "Malware",
            "Normal"
        ],
        "round_time": 13.871119022369385,
        "round_start_time": 1771785699.373006,
        "round_end_time": 1771785713.2441251,
        "evaluate_time": 1.2234303951263428,
        "inference_time": 0.05258655548095703
    },
    "16": {
        "trees_by_client": 170,
        "first_server_serialise_trees_size": 152193,
        "fit_time": 1.157658338546753,
        "client_serialise_trees_size": 2955967,
        "final_server_serialise_trees_size": 13830546,
        "f1_score": 0.8706694912307507,
        "mcc": 0.8620916786486686,
        "accuracy": 0.947690305790501,
        "precision": 0.8567575214668482,
        "recall": 0.960587510827852,
        "confusion_matrix": [
            [
                0.9574226971021531,
                0.004209163024121742,
                0.03836813987372511,
                0.0,
                0.0,
                0.0
            ],
            [
                0.01160092807424594,
                0.9559164733178654,
                0.025522041763341066,
                0.0,
                0.0069605568445475635,
                0.0
            ],
            [
                0.026785714285714284,
                0.0,
                0.9732142857142857,
                0.0,
                0.0,
                0.0
            ],
            [
                0.0,
                0.0,
                0.0,
                1.0,
                0.0,
                0.0
            ],
            [
                0.0,
                0.016824395373291272,
                0.10620399579390116,
                0.0,
                0.8769716088328076,
                0.0
            ],
            [
                0.0,
                0.0,
                0.0,
                0.0,
                0.0,
                1.0
            ]
        ],
        "confusion_matrix_labels": [
            "DoS/DDoS",
            "Info_Gathering",
            "Injection",
            "MITM",
            "Malware",
            "Normal"
        ],
        "round_time": 14.821805238723755,
        "round_start_time": 1771785728.3689566,
        "round_end_time": 1771785743.1907618,
        "evaluate_time": 1.1580617427825928,
        "inference_time": 0.05571937561035156
    },
    "17": {
        "trees_by_client": 180,
        "first_server_serialise_trees_size": 161007,
        "fit_time": 1.280801773071289,
        "client_serialise_trees_size": 3156471,
        "final_server_serialise_trees_size": 14876272,
        "f1_score": 0.8719062173625535,
        "mcc": 0.8649303464086162,
        "accuracy": 0.9489915419648666,
        "precision": 0.8578541930190616,
        "recall": 0.9606458854864207,
        "confusion_matrix": [
            [
                0.9590416059575846,
                0.0040472721385785984,
                0.036911121903836816,
                0.0,
                0.0,
                0.0
            ],
            [
                0.01160092807424594,
                0.9535962877030162,
                0.027842227378190254,
                0.0,
                0.0069605568445475635,
                0.0
            ],
            [
                0.026785714285714284,
                0.0,
                0.9732142857142857,
                0.0,
                0.0,
                0.0
            ],
            [
                0.0,
                0.0,
                0.0,
                1.0,
                0.0,
                0.0
            ],
            [
                0.0,
                0.016824395373291272,
                0.10515247108307045,
                0.0,
                0.8780231335436383,
                0.0
            ],
            [
                0.0,
                0.0,
                0.0,
                0.0,
                0.0,
                1.0
            ]
        ],
        "confusion_matrix_labels": [
            "DoS/DDoS",
            "Info_Gathering",
            "Injection",
            "MITM",
            "Malware",
            "Normal"
        ],
        "round_time": 15.611968040466309,
        "round_start_time": 1771785758.3119872,
        "round_end_time": 1771785773.9239552,
        "evaluate_time": 1.253169298171997,
        "inference_time": 0.06224513053894043
    },
    "18": {
        "trees_by_client": 190,
        "first_server_serialise_trees_size": 170020,
        "fit_time": 1.2985315322875977,
        "client_serialise_trees_size": 3296550,
        "final_server_serialise_trees_size": 15486032,
        "f1_score": 0.8706460841063537,
        "mcc": 0.8624507179035183,
        "accuracy": 0.9479505530253741,
        "precision": 0.8569228969018351,
        "recall": 0.959922042879931,
        "confusion_matrix": [
            [
                0.9580702606443258,
                0.004209163024121742,
                0.037720576331552534,
                0.0,
                0.0,
                0.0
            ],
            [
                0.013921113689095127,
                0.951276102088167,
                0.027842227378190254,
                0.0,
                0.0069605568445475635,
                0.0
            ],
            [
                0.026785714285714284,
                0.0,
                0.9732142857142857,
                0.0,
                0.0,
                0.0
            ],
            [
                0.0,
                0.0,
                0.0,
                1.0,
                0.0,
                0.0
            ],
            [
                0.0,
                0.016824395373291272,
                0.10620399579390116,
                0.0,
                0.8769716088328076,
                0.0
            ],
            [
                0.0,
                0.0,
                0.0,
                0.0,
                0.0,
                1.0
            ]
        ],
        "confusion_matrix_labels": [
            "DoS/DDoS",
            "Info_Gathering",
            "Injection",
            "MITM",
            "Malware",
            "Normal"
        ],
        "round_time": 16.5509512424469,
        "round_start_time": 1771785789.0380518,
        "round_end_time": 1771785805.589003,
        "evaluate_time": 1.2313752174377441,
        "inference_time": 0.058866024017333984
    },
    "19": {
        "trees_by_client": 200,
        "first_server_serialise_trees_size": 178721,
        "fit_time": 1.9597384929656982,
        "client_serialise_trees_size": 3458257,
        "final_server_serialise_trees_size": 16444667,
        "f1_score": 0.8699961298235602,
        "mcc": 0.8613406644458297,
        "accuracy": 0.9474300585556279,
        "precision": 0.8563026048723051,
        "recall": 0.9598772868026907,
        "confusion_matrix": [
            [
                0.9575845879876963,
                0.004371053909664886,
                0.03804435810263882,
                0.0,
                0.0,
                0.0
            ],
            [
                0.01160092807424594,
                0.9535962877030162,
                0.027842227378190254,
                0.0,
                0.0069605568445475635,
                0.0
            ],
            [
                0.026785714285714284,
                0.0,
                0.9732142857142857,
                0.0,
                0.0,
                0.0
            ],
            [
                0.0,
                0.0,
                0.0,
                1.0,
                0.0,
                0.0
            ],
            [
                0.0,
                0.016824395373291272,
                0.10830704521556257,
                0.0,
                0.8748685594111462,
                0.0
            ],
            [
                0.0,
                0.0,
                0.0,
                0.0,
                0.0,
                1.0
            ]
        ],
        "confusion_matrix_labels": [
            "DoS/DDoS",
            "Info_Gathering",
            "Injection",
            "MITM",
