{
    "0": {
        "trees_by_client": 10,
        "first_server_serialise_trees_size": 10420,
        "fit_time": 0.06877827644348145,
        "client_serialise_trees_size": 317811,
        "final_server_serialise_trees_size": 1676451,
        "f1_score": 0.9341704842369849,
        "mcc": 0.9719625336599957,
        "accuracy": 0.9753280839895013,
        "precision": 0.9250899685566196,
        "recall": 0.9482769635960905,
        "confusion_matrix": [
            [
                1.0,
                0.0,
                0.0,
                0.0,
                0.0,
                0.0,
                0.0,
                0.0,
                0.0,
                0.0
            ],
            [
                0.0,
                0.9631449631449631,
                0.0,
                0.009828009828009828,
                0.0,
                0.002457002457002457,
                0.002457002457002457,
                0.004914004914004914,
                0.0,
                0.0171990171990172
            ],
            [
                0.0,
                0.0024096385542168677,
                0.9734939759036144,
                0.0,
                0.012048192771084338,
                0.004819277108433735,
                0.0,
                0.0,
                0.004819277108433735,
                0.0024096385542168677
            ],
            [
                0.0,
                0.0072992700729927005,
                0.0,
                0.9635036496350365,
                0.0024330900243309003,
                0.0,
                0.0,
                0.0,
                0.0,
                0.0267639902676399
            ],
            [
                0.0,
                0.0,
                0.05555555555555555,
                0.0,
                0.7222222222222222,
                0.1111111111111111,
                0.05555555555555555,
                0.0,
                0.0,
                0.05555555555555555
            ],
            [
                0.0,
                0.0026041666666666665,
                0.0,
                0.0013020833333333333,
                0.0013020833333333333,
                0.9921875,
                0.0013020833333333333,
                0.0,
                0.0013020833333333333,
                0.0
            ],
            [
                0.0,
                0.0,
                0.0,
                0.0,
                0.01272264631043257,
                0.005089058524173028,
                0.9770992366412213,
                0.005089058524173028,
                0.0,
                0.0
            ],
            [
                0.0,
                0.0,
                0.0,
                0.0,
                0.0,
                0.0,
                0.0,
                0.9632107023411371,
                0.0,
                0.03678929765886288
            ],
            [
                0.0,
                0.0,
                0.006696428571428571,
                0.0,
                0.004464285714285714,
                0.0,
                0.0,
                0.0,
                0.9888392857142857,
                0.0
            ],
            [
                0.0,
                0.0,
                0.0,
                0.0035842293906810036,
                0.0,
                0.007168458781362007,
                0.0,
                0.05017921146953405,
                0.0,
                0.9390681003584229
            ]
        ],
        "confusion_matrix_labels": [
            "backdoor",
            "ddos",
            "dos",
            "injection",
            "mitm",
            "normal",
            "password",
            "ransomware",
            "scanning",
            "xss"
        ],
        "round_time": 47.95657992362976,
        "round_start_time": 1771800794.2831497,
        "round_end_time": 1771800842.2397296,
        "evaluate_time": 0.41086769104003906,
        "inference_time": 0.010213136672973633
    },
    "1": {
        "trees_by_client": 20,
        "first_server_serialise_trees_size": 10972,
        "fit_time": 0.38794445991516113,
        "client_serialise_trees_size": 638127,
        "final_server_serialise_trees_size": 3394828,
        "f1_score": 0.932939418301072,
        "mcc": 0.9719658291886094,
        "accuracy": 0.9753280839895013,
        "precision": 0.9234389067301153,
        "recall": 0.9482620293416378,
        "confusion_matrix": [
            [
                1.0,
                0.0,
                0.0,
                0.0,
                0.0,
                0.0,
                0.0,
                0.0,
                0.0,
                0.0
            ],
            [
                0.0,
                0.9705159705159705,
                0.0,
                0.007371007371007371,
                0.0,
                0.002457002457002457,
                0.0,
                0.004914004914004914,
                0.0,
                0.014742014742014743
            ],
            [
                0.0,
                0.0024096385542168677,
                0.9734939759036144,
                0.0,
                0.012048192771084338,
                0.004819277108433735,
                0.0,
                0.0,
                0.004819277108433735,
                0.0024096385542168677
            ],
            [
                0.0,
                0.0072992700729927005,
                0.0,
                0.9586374695863747,
                0.0024330900243309003,
                0.0,
                0.0,
                0.0,
                0.0,
                0.031630170316301706
            ],
            [
                0.0,
                0.0,
                0.0,
                0.0,
                0.7222222222222222,
                0.1111111111111111,
                0.1111111111111111,
                0.0,
                0.0,
                0.05555555555555555
            ],
            [
                0.0,
                0.0026041666666666665,
                0.0013020833333333333,
                0.0013020833333333333,
                0.0026041666666666665,
                0.9908854166666666,
                0.0,
                0.0,
                0.0013020833333333333,
                0.0
            ],
            [
                0.0,
                0.0,
                0.0,
                0.0,
                0.01272264631043257,
                0.002544529262086514,
                0.9770992366412213,
                0.005089058524173028,
                0.002544529262086514,
                0.0
            ],
            [
                0.0,
                0.0,
                0.0,
                0.0,
                0.0,
                0.0,
                0.0,
                0.9632107023411371,
                0.0,
                0.03678929765886288
            ],
            [
                0.0,
                0.0,
                0.002232142857142857,
                0.0,
                0.004464285714285714,
                0.002232142857142857,
                0.0,
                0.0,
                0.9910714285714286,
                0.0
            ],
            [
                0.0,
                0.0,
                0.0,
                0.010752688172043012,
                0.0,
                0.0035842293906810036,
                0.0,
                0.05017921146953405,
                0.0,
                0.9354838709677419
            ]
        ],
        "confusion_matrix_labels": [
            "backdoor",
            "ddos",
            "dos",
            "injection",
            "mitm",
            "normal",
            "password",
            "ransomware",
            "scanning",
            "xss"
        ],
        "round_time": 4.589949369430542,
        "round_start_time": 1771800858.346426,
        "round_end_time": 1771800862.9363754,
        "evaluate_time": 0.4228181838989258,
        "inference_time": 0.02138686180114746
    },
    "2": {
        "trees_by_client": 30,
        "first_server_serialise_trees_size": 21600,
        "fit_time": 0.5909037590026855,
        "client_serialise_trees_size": 966646,
        "final_server_serialise_trees_size": 5059531,
        "f1_score": 0.9429853450282014,
        "mcc": 0.974046789224821,
        "accuracy": 0.9771653543307086,
        "precision": 0.9322323116034819,
        "recall": 0.9603521420905045,
        "confusion_matrix": [
            [
                1.0,
                0.0,
                0.0,
                0.0,
                0.0,
                0.0,
                0.0,
                0.0,
                0.0,
                0.0
            ],
            [
                0.0,
                0.9680589680589681,
                0.0,
                0.009828009828009828,
                0.0,
                0.002457002457002457,
                0.002457002457002457,
                0.004914004914004914,
                0.0,
                0.012285012285012284
            ],
            [
                0.0,
                0.0024096385542168677,
                0.9734939759036144,
                0.0,
                0.012048192771084338,
                0.007228915662650603,
                0.0,
                0.0,
                0.004819277108433735,
                0.0
            ],
            [
                0.0,
                0.009732360097323601,
                0.0,
                0.9635036496350365,
                0.0024330900243309003,
                0.0,
                0.0,
                0.0,
                0.0,
                0.024330900243309004
            ],
            [
                0.0,
                0.0,
                0.0,
                0.0,
                0.8333333333333334,
                0.1111111111111111,
                0.05555555555555555,
                0.0,
                0.0,
                0.0
            ],
            [
                0.0,
                0.0026041666666666665,
                0.0,
                0.0,
                0.0013020833333333333,
                0.9934895833333334,
                0.0,
                0.0,
                0.0013020833333333333,
                0.0013020833333333333
            ],
            [
                0.0,
                0.0,
                0.0,
                0.0,
                0.01272264631043257,
                0.002544529262086514,
                0.9796437659033079,
                0.005089058524173028,
                0.0,
                0.0
            ],
            [
                0.0,
                0.0,
                0.0,
                0.0,
                0.0,
                0.0,
                0.0,
                0.9632107023411371,
                0.0,
                0.03678929765886288
            ],
            [
                0.0,
                0.0,
                0.002232142857142857,
                0.0,
                0.002232142857142857,
                0.002232142857142857,
                0.0,
                0.0,
                0.9933035714285714,
                0.0
            ],
            [
                0.0,
                0.0,
                0.0,
                0.010752688172043012,
                0.0,
                0.0035842293906810036,
                0.0,
                0.05017921146953405,
                0.0,
                0.9354838709677419
            ]
        ],
        "confusion_matrix_labels": [
            "backdoor",
            "ddos",
            "dos",
            "injection",
            "mitm",
            "normal",
            "password",
            "ransomware",
            "scanning",
            "xss"
        ],
        "round_time": 5.751231670379639,
        "round_start_time": 1771800878.1046991,
        "round_end_time": 1771800883.8559308,
        "evaluate_time": 0.48968076705932617,
        "inference_time": 0.04707527160644531
    },
    "3": {
        "trees_by_client": 40,
        "first_server_serialise_trees_size": 31873,
        "fit_time": 0.8584544658660889,
        "client_serialise_trees_size": 1258532,
        "final_server_serialise_trees_size": 6794536,
        "f1_score": 0.935213745735281,
        "mcc": 0.9734574370353691,
        "accuracy": 0.9766404199475066,
        "precision": 0.9243117387090173,
        "recall": 0.9549256976808034,
        "confusion_matrix": [
            [
                1.0,
                0.0,
                0.0,
                0.0,
                0.0,
                0.0,
                0.0,
                0.0,
                0.0,
                0.0
            ],
            [
                0.0,
                0.9705159705159705,
                0.0,
                0.009828009828009828,
                0.0,
                0.002457002457002457,
                0.002457002457002457,
                0.004914004914004914,
                0.0,
                0.009828009828009828
            ],
            [
                0.0,
                0.0024096385542168677,
                0.9759036144578314,
                0.0,
                0.012048192771084338,
                0.004819277108433735,
                0.0,
                0.0,
                0.004819277108433735,
                0.0
            ],
            [
                0.0,
                0.009732360097323601,
                0.0,
                0.9610705596107056,
                0.0024330900243309003,
                0.0,
                0.0,
                0.0,
                0.0,
                0.0267639902676399
            ],
            [
                0.0,
                0.0,
                0.0,
                0.0,
                0.7777777777777778,
                0.1111111111111111,
                0.1111111111111111,
                0.0,
                0.0,
                0.0
            ],
            [
                0.0,
                0.0026041666666666665,
                0.0,
                0.0013020833333333333,
                0.0026041666666666665,
                0.9921875,
                0.0,
                0.0,
                0.0013020833333333333,
                0.0
            ],
            [
                0.0,
                0.0,
                0.0,
                0.0,
                0.015267175572519083,
                0.002544529262086514,
                0.9770992366412213,
                0.005089058524173028,
                0.0,
                0.0
            ],
            [
                0.0,
                0.0,
                0.0,
                0.0,
                0.0,
                0.0,
                0.0,
                0.9632107023411371,
                0.0,
                0.03678929765886288
            ],
            [
                0.0,
                0.0,
                0.002232142857142857,
                0.0,
                0.006696428571428571,
                0.002232142857142857,
                0.0,
                0.0,
                0.9888392857142857,
                0.0
            ],
            [
                0.0,
                0.0,
                0.0,
                0.0035842293906810036,
                0.0,
                0.0035842293906810036,
                0.0,
                0.05017921146953405,
                0.0,
                0.942652329749104
            ]
        ],
        "confusion_matrix_labels": [
            "backdoor",
            "ddos",
            "dos",
            "injection",
            "mitm",
            "normal",
            "password",
            "ransomware",
            "scanning",
            "xss"
        ],
        "round_time": 8.04239821434021,
        "round_start_time": 1771800899.0430415,
        "round_end_time": 1771800907.0854397,
        "evaluate_time": 0.1852281093597412,
        "inference_time": 0.010825634002685547
    },
    "4": {
        "trees_by_client": 50,
        "first_server_serialise_trees_size": 42990,
        "fit_time": 0.8435344696044922,
        "client_serialise_trees_size": 1643745,
        "final_server_serialise_trees_size": 8463970,
        "f1_score": 0.9298518957648938,
        "mcc": 0.971956226476184,
        "accuracy": 0.9753280839895013,
        "precision": 0.9215674435812259,
        "recall": 0.9427215681827805,
        "confusion_matrix": [
            [
                1.0,
                0.0,
                0.0,
                0.0,
                0.0,
                0.0,
                0.0,
                0.0,
                0.0,
                0.0
            ],
            [
                0.0,
                0.9705159705159705,
                0.0,
                0.007371007371007371,
                0.0,
                0.002457002457002457,
                0.002457002457002457,
                0.004914004914004914,
                0.0,
                0.012285012285012284
            ],
            [
                0.0,
                0.0024096385542168677,
                0.9734939759036144,
                0.0,
                0.00963855421686747,
                0.004819277108433735,
                0.0024096385542168677,
                0.0,
                0.004819277108433735,
                0.0024096385542168677
            ],
            [
                0.0,
                0.009732360097323601,
                0.0,
                0.9610705596107056,
                0.0024330900243309003,
                0.0,
                0.0,
                0.0,
                0.0,
                0.0267639902676399
            ],
            [
                0.0,
                0.0,
                0.05555555555555555,
                0.0,
                0.6666666666666666,
                0.1111111111111111,
                0.1111111111111111,
                0.0,
                0.0,
                0.05555555555555555
            ],
            [
                0.0,
                0.0026041666666666665,
                0.0,
                0.0013020833333333333,
                0.0026041666666666665,
                0.9921875,
                0.0,
                0.0,
                0.0013020833333333333,
                0.0
            ],
            [
                0.0,
                0.0,
                0.0,
                0.0,
                0.015267175572519083,
                0.002544529262086514,
                0.9770992366412213,
                0.005089058524173028,
                0.0,
                0.0
            ],
            [
                0.0,
                0.0,
                0.0,
                0.0,
                0.0,
                0.0,
                0.0,
                0.9632107023411371,
                0.0,
                0.03678929765886288
            ],
            [
                0.0,
                0.0,
                0.002232142857142857,
                0.0,
                0.004464285714285714,
                0.002232142857142857,
                0.0,
                0.0,
                0.9910714285714286,
                0.0
            ],
            [
                0.0,
                0.0,
                0.0,
                0.014336917562724014,
                0.0,
                0.0035842293906810036,
                0.0,
                0.05017921146953405,
                0.0,
                0.931899641577061
            ]
        ],
        "confusion_matrix_labels": [
            "backdoor",
            "ddos",
            "dos",
            "injection",
            "mitm",
            "normal",
            "password",
            "ransomware",
            "scanning",
            "xss"
        ],
        "round_time": 7.349712371826172,
        "round_start_time": 1771800922.154528,
        "round_end_time": 1771800929.5042403,
        "evaluate_time": 0.7195334434509277,
        "inference_time": 0.04090142250061035
    },
    "5": {
        "trees_by_client": 60,
        "first_server_serialise_trees_size": 53993,
        "fit_time": 1.2743480205535889,
        "client_serialise_trees_size": 1930859,
        "final_server_serialise_trees_size": 10203952,
        "f1_score": 0.9374725297094637,
        "mcc": 0.973757098198149,
        "accuracy": 0.9769028871391076,
        "precision": 0.9269019132167052,
        "recall": 0.9551489119665175,
        "confusion_matrix": [
            [
                1.0,
                0.0,
                0.0,
                0.0,
                0.0,
                0.0,
                0.0,
                0.0,
                0.0,
                0.0
            ],
            [
                0.0,
                0.9705159705159705,
                0.0,
                0.009828009828009828,
                0.0,
                0.002457002457002457,
                0.002457002457002457,
                0.004914004914004914,
                0.0,
                0.009828009828009828
            ],
            [
                0.0,
                0.0024096385542168677,
                0.9759036144578314,
                0.0,
                0.012048192771084338,
                0.0024096385542168677,
                0.0,
                0.0,
                0.004819277108433735,
                0.0024096385542168677
            ],
            [
                0.0,
                0.0072992700729927005,
                0.0,
                0.9610705596107056,
                0.0024330900243309003,
                0.0,
                0.0,
                0.0,
                0.0,
                0.029197080291970802
            ],
            [
                0.0,
                0.0,
                0.0,
                0.0,
                0.7777777777777778,
                0.1111111111111111,
                0.05555555555555555,
                0.0,
                0.0,
                0.05555555555555555
            ],
            [
                0.0,
                0.0026041666666666665,
                0.0,
                0.0013020833333333333,
                0.0026041666666666665,
                0.9921875,
                0.0,
                0.0,
                0.0013020833333333333,
                0.0
            ],
            [
                0.0,
                0.0,
                0.0,
                0.0,
                0.01272264631043257,
                0.002544529262086514,
                0.9770992366412213,
                0.005089058524173028,
                0.002544529262086514,
                0.0
            ],
            [
                0.0,
                0.0,
                0.0,
                0.0,
                0.0,
                0.0,
                0.0,
                0.9632107023411371,
                0.0,
                0.03678929765886288
            ],
            [
                0.0,
                0.0,
                0.002232142857142857,
                0.0,
                0.004464285714285714,
                0.002232142857142857,
                0.0,
                0.0,
                0.9910714285714286,
                0.0
            ],
            [
                0.0,
                0.0,
                0.0,
                0.0035842293906810036,
                0.0,
                0.0035842293906810036,
                0.0,
                0.05017921146953405,
                0.0,
                0.942652329749104
            ]
        ],
        "confusion_matrix_labels": [
            "backdoor",
            "ddos",
            "dos",
            "injection",
            "mitm",
            "normal",
            "password",
            "ransomware",
            "scanning",
            "xss"
        ],
        "round_time": 9.570859432220459,
        "round_start_time": 1771800944.6833966,
        "round_end_time": 1771800954.254256,
        "evaluate_time": 0.7468717098236084,
        "inference_time": 0.04275798797607422
    },
    "6": {
        "trees_by_client": 70,
        "first_server_serialise_trees_size": 64330,
        "fit_time": 1.5145859718322754,
        "client_serialise_trees_size": 2263989,
        "final_server_serialise_trees_size": 11934799,
        "f1_score": 0.936218757569069,
        "mcc": 0.9722570618255486,
        "accuracy": 0.9755905511811024,
        "precision": 0.9258725376618491,
        "recall": 0.9536070737649103,
        "confusion_matrix": [
            [
                1.0,
                0.0,
                0.0,
                0.0,
                0.0,
                0.0,
                0.0,
                0.0,
                0.0,
                0.0
            ],
            [
                0.0,
                0.9680589680589681,
                0.0,
                0.009828009828009828,
                0.0,
                0.002457002457002457,
                0.002457002457002457,
                0.004914004914004914,
                0.0,
                0.012285012285012284
            ],
            [
                0.0,
                0.0024096385542168677,
                0.9734939759036144,
                0.0,
                0.012048192771084338,
                0.004819277108433735,
                0.0,
                0.0,
                0.004819277108433735,
                0.0024096385542168677
            ],
            [
                0.0,
                0.009732360097323601,
                0.0,
                0.9635036496350365,
                0.0024330900243309003,
                0.0,
                0.0,
                0.0,
                0.0,
                0.024330900243309004
            ],
            [
                0.0,
                0.0,
                0.0,
                0.0,
                0.7777777777777778,
                0.1111111111111111,
                0.05555555555555555,
                0.0,
                0.0,
                0.05555555555555555
            ],
            [
                0.0,
                0.0026041666666666665,
                0.0,
                0.0013020833333333333,
                0.0026041666666666665,
                0.9921875,
                0.0,
                0.0,
                0.0013020833333333333,
                0.0
            ],
            [
                0.0,
                0.0,
                0.0,
                0.0,
                0.01272264631043257,
                0.002544529262086514,
                0.9770992366412213,
                0.005089058524173028,
                0.002544529262086514,
                0.0
            ],
            [
                0.0,
                0.0,
                0.0,
                0.0,
                0.0,
                0.0,
                0.0,
                0.9632107023411371,
                0.0,
                0.03678929765886288
            ],
            [
                0.0,
                0.0,
                0.004464285714285714,
                0.0,
                0.004464285714285714,
                0.002232142857142857,
                0.0,
                0.0,
                0.9888392857142857,
                0.0
            ],
            [
                0.0,
                0.0,
                0.0,
                0.010752688172043012,
                0.0,
                0.007168458781362007,
                0.0,
                0.05017921146953405,
                0.0,
                0.931899641577061
            ]
        ],
        "confusion_matrix_labels": [
            "backdoor",
            "ddos",
            "dos",
            "injection",
            "mitm",
            "normal",
            "password",
            "ransomware",
            "scanning",
            "xss"
        ],
        "round_time": 11.053917646408081,
        "round_start_time": 1771800969.4482934,
        "round_end_time": 1771800980.502211,
        "evaluate_time": 0.9115133285522461,
        "inference_time": 0.08503437042236328
    },
    "7": {
        "trees_by_client": 80,
        "first_server_serialise_trees_size": 74961,
        "fit_time": 1.6796069145202637,
        "client_serialise_trees_size": 2572823,
        "final_server_serialise_trees_size": 13569522,
        "f1_score": 0.9323355960605284,
        "mcc": 0.9722566686980859,
        "accuracy": 0.9755905511811024,
        "precision": 0.9226735925494237,
        "recall": 0.9485278243040568,
        "confusion_matrix": [
            [
                1.0,
                0.0,
                0.0,
                0.0,
                0.0,
                0.0,
                0.0,
                0.0,
                0.0,
                0.0
            ],
            [
                0.0,
                0.972972972972973,
                0.0,
                0.007371007371007371,
                0.0,
                0.002457002457002457,
                0.002457002457002457,
                0.004914004914004914,
                0.0,
                0.009828009828009828
            ],
            [
                0.0,
                0.0024096385542168677,
                0.9734939759036144,
                0.0,
                0.00963855421686747,
                0.004819277108433735,
                0.0024096385542168677,
                0.0,
                0.004819277108433735,
                0.0024096385542168677
            ],
            [
                0.0,
                0.012165450121654502,
                0.0,
                0.9610705596107056,
                0.0024330900243309003,
                0.0,
                0.0,
                0.0,
                0.0,
                0.024330900243309004
            ],
            [
                0.0,
                0.0,
                0.0,
                0.0,
                0.7222222222222222,
                0.1111111111111111,
                0.16666666666666666,
                0.0,
                0.0,
                0.0
            ],
            [
                0.0,
                0.0026041666666666665,
                0.0013020833333333333,
                0.0013020833333333333,
                0.0026041666666666665,
                0.9908854166666666,
                0.0,
                0.0,
                0.0013020833333333333,
                0.0
            ],
            [
                0.0,
                0.0,
                0.0,
                0.0,
                0.015267175572519083,
                0.002544529262086514,
                0.9770992366412213,
                0.005089058524173028,
                0.0,
                0.0
            ],
            [
                0.0,
                0.0,
                0.0,
                0.0,
                0.0,
                0.0,
                0.0,
                0.9632107023411371,
                0.0,
                0.03678929765886288
            ],
            [
                0.0,
                0.0,
                0.002232142857142857,
                0.0,
                0.006696428571428571,
                0.002232142857142857,
                0.0,
                0.0,
                0.9888392857142857,
                0.0
            ],
            [
                0.0,
                0.0,
                0.0,
                0.010752688172043012,
                0.0,
                0.0035842293906810036,
                0.0,
                0.05017921146953405,
                0.0,
                0.9354838709677419
            ]
        ],
        "confusion_matrix_labels": [
            "backdoor",
            "ddos",
            "dos",
            "injection",
            "mitm",
            "normal",
            "password",
            "ransomware",
            "scanning",
            "xss"
        ],
        "round_time": 13.578676700592041,
        "round_start_time": 1771800995.7324114,
        "round_end_time": 1771801009.311088,
        "evaluate_time": 1.0723059177398682,
        "inference_time": 0.08406400680541992
    },
    "8": {
        "trees_by_client": 90,
        "first_server_serialise_trees_size": 86122,
        "fit_time": 2.008333444595337,
        "client_serialise_trees_size": 2877411,
        "final_server_serialise_trees_size": 15299490,
        "f1_score": 0.9319603079086061,
        "mcc": 0.971963231924326,
        "accuracy": 0.9753280839895013,
        "precision": 0.9222357775768047,
        "recall": 0.948264420584905,
        "confusion_matrix": [
            [
                1.0,
                0.0,
                0.0,
                0.0,
                0.0,
                0.0,
                0.0,
                0.0,
                0.0,
                0.0
            ],
            [
                0.0,
                0.972972972972973,
                0.0,
                0.007371007371007371,
                0.0,
                0.002457002457002457,
                0.002457002457002457,
                0.004914004914004914,
                0.0,
                0.009828009828009828
            ],
            [
                0.0,
                0.0024096385542168677,
                0.9734939759036144,
                0.0,
                0.012048192771084338,
                0.004819277108433735,
                0.0,
                0.0,
                0.004819277108433735,
                0.0024096385542168677
            ],
            [
                0.0,
                0.012165450121654502,
                0.0,
                0.9562043795620438,
                0.0024330900243309003,
                0.0,
                0.0,
                0.0,
                0.0,
                0.029197080291970802
            ],
            [
                0.0,
                0.0,
                0.0,
                0.0,
                0.7222222222222222,
                0.1111111111111111,
                0.1111111111111111,
                0.0,
                0.0,
                0.05555555555555555
            ],
            [
                0.0,
                0.0026041666666666665,
                0.0013020833333333333,
                0.0013020833333333333,
                0.0026041666666666665,
                0.9908854166666666,
                0.0,
                0.0,
                0.0013020833333333333,
                0.0
            ],
            [
                0.0,
                0.0,
                0.0,
                0.0,
                0.015267175572519083,
                0.002544529262086514,
                0.9770992366412213,
                0.005089058524173028,
                0.0,
                0.0
            ],
            [
                0.0,
                0.0,
                0.0,
                0.0,
                0.0,
                0.0,
                0.0,
                0.9632107023411371,
                0.0,
                0.03678929765886288
            ],
            [
                0.0,
                0.0,
                0.002232142857142857,
                0.0,
                0.004464285714285714,
                0.002232142857142857,
                0.0,
                0.0,
                0.9910714285714286,
                0.0
            ],
            [
                0.0,
                0.0,
                0.0,
                0.010752688172043012,
                0.0,
                0.0035842293906810036,
                0.0,
                0.05017921146953405,
                0.0,
                0.9354838709677419
            ]
        ],
        "confusion_matrix_labels": [
            "backdoor",
            "ddos",
            "dos",
            "injection",
            "mitm",
            "normal",
            "password",
            "ransomware",
            "scanning",
            "xss"
        ],
        "round_time": 15.501909971237183,
        "round_start_time": 1771801024.5472045,
        "round_end_time": 1771801040.0491145,
        "evaluate_time": 0.3454933166503906,
        "inference_time": 0.025361299514770508
    },
    "9": {
        "trees_by_client": 100,
        "first_server_serialise_trees_size": 96092,
        "fit_time": 2.1403002738952637,
        "client_serialise_trees_size": 3209059,
        "final_server_serialise_trees_size": 17038467,
        "f1_score": 0.9371811806350901,
        "mcc": 0.9731569881823788,
        "accuracy": 0.9763779527559056,
        "precision": 0.9266578784971014,
        "recall": 0.9547777397777626,
        "confusion_matrix": [
            [
                1.0,
                0.0,
                0.0,
                0.0,
                0.0,
                0.0,
                0.0,
                0.0,
                0.0,
                0.0
            ],
            [
                0.0,
                0.9705159705159705,
                0.0,
                0.009828009828009828,
                0.0,
                0.002457002457002457,
                0.002457002457002457,
                0.004914004914004914,
                0.0,
                0.009828009828009828
            ],
            [
                0.0,
                0.0024096385542168677,
                0.9734939759036144,
                0.0,
                0.012048192771084338,
                0.004819277108433735,
                0.0,
                0.0,
                0.004819277108433735,
                0.0024096385542168677
            ],
            [
                0.0,
                0.012165450121654502,
                0.0,
                0.9610705596107056,
                0.0024330900243309003,
                0.0,
                0.0,
                0.0,
                0.0,
                0.024330900243309004
            ],
            [
                0.0,
                0.0,
                0.0,
                0.0,
                0.7777777777777778,
                0.1111111111111111,
                0.05555555555555555,
                0.0,
                0.0,
                0.05555555555555555
            ],
            [
                0.0,
                0.0026041666666666665,
                0.0013020833333333333,
                0.0013020833333333333,
                0.0026041666666666665,
                0.9908854166666666,
                0.0,
                0.0,
                0.0013020833333333333,
                0.0
            ],
            [
                0.0,
                0.0,
                0.0,
                0.0,
                0.01272264631043257,
                0.002544529262086514,
                0.9770992366412213,
