{
    "0": {
        "trees_by_client": 10,
        "first_server_serialise_trees_size": 10271,
        "fit_time": 0.06789970397949219,
        "client_serialise_trees_size": 192487,
        "final_server_serialise_trees_size": 1119898,
        "f1_score": 0.8317552511519027,
        "mcc": 0.9679954219272067,
        "accuracy": 0.9744506221869208,
        "precision": 0.7889352420114181,
        "recall": 0.9391947606585174,
        "confusion_matrix": [
            [
                0.9992094861660079,
                0.0,
                0.0,
                0.0007905138339920949,
                0.0,
                0.0,
                0.0,
                0.0,
                0.0,
                0.0
            ],
            [
                0.0,
                0.9593023255813954,
                0.0,
                0.011627906976744186,
                0.0,
                0.001937984496124031,
                0.001937984496124031,
                0.009689922480620155,
                0.0,
                0.015503875968992248
            ],
            [
                0.0,
                0.0013360053440213762,
                0.9712758851035405,
                0.0026720106880427524,
                0.01002004008016032,
                0.0006680026720106881,
                0.0013360053440213762,
                0.0,
                0.01068804275217101,
                0.002004008016032064
            ],
            [
                0.0,
                0.0,
                0.0,
                0.9302325581395349,
                0.0,
                0.0,
                0.0,
                0.0,
                0.023255813953488372,
                0.046511627906976744
            ],
            [
                0.0,
                0.0,
                0.0,
                0.0,
                0.7,
                0.0,
                0.3,
                0.0,
                0.0,
                0.0
            ],
            [
                0.0003883495145631068,
                0.013980582524271845,
                0.0011650485436893205,
                0.002330097087378641,
                0.001941747572815534,
                0.9712621359223301,
                0.003495145631067961,
                0.0007766990291262136,
                0.0003883495145631068,
                0.004271844660194175
            ],
            [
                0.0,
                0.0,
                0.0011025358324145535,
                0.0,
                0.008820286659316428,
                0.0,
                0.9823594266813671,
                0.0011025358324145535,
                0.0011025358324145535,
                0.005512679162072767
            ],
            [
                0.0,
                0.0,
                0.0,
                0.0,
                0.0,
                0.0,
                0.0,
                0.9773156899810964,
                0.0,
                0.022684310018903593
            ],
            [
                0.0,
                0.0,
                0.0,
                0.0,
                0.0,
                0.0,
                0.0,
                0.0,
                1.0,
                0.0
            ],
            [
                0.0,
                0.0049504950495049506,
                0.0,
                0.01485148514851485,
                0.0,
                0.0,
                0.0,
                0.07920792079207921,
                0.0,
                0.900990099009901
            ]
        ],
        "confusion_matrix_labels": [
            "backdoor",
            "ddos",
            "dos",
            "injection",
            "mitm",
            "normal",
            "password",
            "ransomware",
            "scanning",
            "xss"
        ],
        "round_time": 4.284252166748047,
        "round_start_time": 1771803857.096804,
        "round_end_time": 1771803861.381056,
        "evaluate_time": 0.18474078178405762,
        "inference_time": 0.003402233123779297
    },
    "1": {
        "trees_by_client": 20,
        "first_server_serialise_trees_size": 10723,
        "fit_time": 0.15293669700622559,
        "client_serialise_trees_size": 376719,
        "final_server_serialise_trees_size": 2241897,
        "f1_score": 0.8355385397862276,
        "mcc": 0.9645501374512464,
        "accuracy": 0.971803018268467,
        "precision": 0.8076188264759756,
        "recall": 0.9148674634460578,
        "confusion_matrix": [
            [
                0.991304347826087,
                0.0,
                0.0,
                0.0,
                0.0,
                0.0071146245059288534,
                0.0015810276679841897,
                0.0,
                0.0,
                0.0
            ],
            [
                0.0,
                0.8972868217054264,
                0.0,
                0.009689922480620155,
                0.007751937984496124,
                0.03294573643410853,
                0.0,
                0.009689922480620155,
                0.0,
                0.04263565891472868
            ],
            [
                0.0,
                0.0,
                0.9438877755511023,
                0.002004008016032064,
                0.01068804275217101,
                0.03072812291249165,
                0.0013360053440213762,
                0.0,
                0.007348029392117568,
                0.004008016032064128
            ],
            [
                0.0,
                0.0,
                0.0,
                0.8604651162790697,
                0.0,
                0.0,
                0.0,
                0.0,
                0.023255813953488372,
                0.11627906976744186
            ],
            [
                0.0,
                0.0,
                0.0,
                0.0,
                0.8,
                0.2,
                0.0,
                0.0,
                0.0,
                0.0
            ],
            [
                0.0,
                0.0,
                0.0,
                0.0,
                0.0007766990291262136,
                0.9980582524271845,
                0.0003883495145631068,
                0.0003883495145631068,
                0.0,
                0.0003883495145631068
            ],
            [
                0.0,
                0.0,
                0.0,
                0.0,
                0.011025358324145534,
                0.002205071664829107,
                0.9812568908489526,
                0.0011025358324145535,
                0.0,
                0.004410143329658214
            ],
            [
                0.0,
                0.0,
                0.0,
                0.0,
                0.0,
                0.001890359168241966,
                0.0,
                0.9754253308128544,
                0.0,
                0.022684310018903593
            ],
            [
                0.0,
                0.0,
                0.2,
                0.0,
                0.0,
                0.0,
                0.0,
                0.0,
                0.8,
                0.0
            ],
            [
                0.0,
                0.0,
                0.0,
                0.01485148514851485,
                0.0,
                0.0049504950495049506,
                0.0,
                0.07920792079207921,
                0.0,
                0.900990099009901
            ]
        ],
        "confusion_matrix_labels": [
            "backdoor",
            "ddos",
            "dos",
            "injection",
            "mitm",
            "normal",
            "password",
            "ransomware",
            "scanning",
            "xss"
        ],
        "round_time": 3.645202159881592,
        "round_start_time": 1771803876.7860324,
        "round_end_time": 1771803880.4312346,
        "evaluate_time": 0.629117488861084,
        "inference_time": 0.00638580322265625
    },
    "2": {
        "trees_by_client": 30,
        "first_server_serialise_trees_size": 21373,
        "fit_time": 0.524590015411377,
        "client_serialise_trees_size": 579154,
        "final_server_serialise_trees_size": 3340440,
        "f1_score": 0.8450579793377628,
        "mcc": 0.9694803646612999,
        "accuracy": 0.975642043950225,
        "precision": 0.7963636953297429,
        "recall": 0.9614836539879714,
        "confusion_matrix": [
            [
                0.9984189723320158,
                0.0,
                0.0,
                0.0,
                0.0,
                0.0007905138339920949,
                0.0,
                0.0,
                0.0,
                0.0007905138339920949
            ],
            [
                0.0,
                0.9593023255813954,
                0.0,
                0.013565891472868217,
                0.0,
                0.001937984496124031,
                0.001937984496124031,
                0.009689922480620155,
                0.0,
                0.013565891472868217
            ],
            [
                0.0,
                0.0013360053440213762,
                0.9732798931195725,
                0.0033400133600534404,
                0.009352037408149633,
                0.0,
                0.0013360053440213762,
                0.0,
                0.009352037408149633,
                0.002004008016032064
            ],
            [
                0.0,
                0.0,
                0.0,
                0.9534883720930233,
                0.0,
                0.0,
                0.0,
                0.0,
                0.023255813953488372,
                0.023255813953488372
            ],
            [
                0.0,
                0.0,
                0.0,
                0.0,
                0.9,
                0.0,
                0.1,
                0.0,
                0.0,
                0.0
            ],
            [
                0.0,
                0.011262135922330097,
                0.0011650485436893205,
                0.003495145631067961,
                0.0011650485436893205,
                0.9724271844660194,
                0.0027184466019417475,
                0.0031067961165048546,
                0.0,
                0.004660194174757282
            ],
            [
                0.0,
                0.0,
                0.0011025358324145535,
                0.0,
                0.006615214994487321,
                0.0,
                0.9845644983461963,
                0.0011025358324145535,
                0.0011025358324145535,
                0.005512679162072767
            ],
            [
                0.0,
                0.0,
                0.0,
                0.0,
                0.0,
                0.0,
                0.0,
                0.9773156899810964,
                0.0,
                0.022684310018903593
            ],
            [
                0.0,
                0.0,
                0.0,
                0.0,
                0.0,
                0.0,
                0.0,
                0.0,
                1.0,
                0.0
            ],
            [
                0.0,
                0.0,
                0.0,
                0.024752475247524754,
                0.0,
                0.0,
                0.0,
                0.07920792079207921,
                0.0,
                0.8960396039603961
            ]
        ],
        "confusion_matrix_labels": [
            "backdoor",
            "ddos",
            "dos",
            "injection",
            "mitm",
            "normal",
            "password",
            "ransomware",
            "scanning",
            "xss"
        ],
        "round_time": 5.668440103530884,
        "round_start_time": 1771803895.526254,
        "round_end_time": 1771803901.194694,
        "evaluate_time": 0.7719688415527344,
        "inference_time": 0.016068458557128906
    },
    "3": {
        "trees_by_client": 40,
        "first_server_serialise_trees_size": 32299,
        "fit_time": 0.7325503826141357,
        "client_serialise_trees_size": 775062,
        "final_server_serialise_trees_size": 4471751,
        "f1_score": 0.8418572965800711,
        "mcc": 0.9675290860759982,
        "accuracy": 0.9741858617950755,
        "precision": 0.8162354569791542,
        "recall": 0.9094622649760561,
        "confusion_matrix": [
            [
                0.9920948616600791,
                0.0,
                0.0,
                0.0,
                0.0,
                0.0071146245059288534,
                0.0007905138339920949,
                0.0,
                0.0,
                0.0
            ],
            [
                0.0,
                0.9011627906976745,
                0.0,
                0.005813953488372093,
                0.001937984496124031,
                0.03488372093023256,
                0.0,
                0.009689922480620155,
                0.0,
                0.046511627906976744
            ],
            [
                0.0,
                0.0,
                0.9512358049432198,
                0.002004008016032064,
                0.01002004008016032,
                0.02404809619238477,
                0.0013360053440213762,
                0.0,
                0.007348029392117568,
                0.004008016032064128
            ],
            [
                0.0,
                0.0,
                0.0,
                0.8837209302325582,
                0.0,
                0.023255813953488372,
                0.0,
                0.0,
                0.023255813953488372,
                0.06976744186046512
            ],
            [
                0.0,
                0.0,
                0.0,
                0.0,
                0.7,
                0.3,
                0.0,
                0.0,
                0.0,
                0.0
            ],
            [
                0.0,
                0.0,
                0.0,
                0.0,
                0.0003883495145631068,
                0.9988349514563106,
                0.0,
                0.0003883495145631068,
                0.0,
                0.0003883495145631068
            ],
            [
                0.0,
                0.0,
                0.0,
                0.0,
                0.011025358324145534,
                0.002205071664829107,
                0.9812568908489526,
                0.0011025358324145535,
                0.0,
                0.004410143329658214
            ],
            [
                0.0,
                0.0,
                0.0,
                0.0,
                0.0,
                0.001890359168241966,
                0.0,
                0.9754253308128544,
                0.0,
                0.022684310018903593
            ],
            [
                0.0,
                0.0,
                0.2,
                0.0,
                0.0,
                0.0,
                0.0,
                0.0,
                0.8,
                0.0
            ],
            [
                0.0,
                0.0,
                0.0,
                0.0049504950495049506,
                0.0,
                0.0049504950495049506,
                0.0,
                0.07920792079207921,
                0.0,
                0.9108910891089109
            ]
        ],
        "confusion_matrix_labels": [
            "backdoor",
            "ddos",
            "dos",
            "injection",
            "mitm",
            "normal",
            "password",
            "ransomware",
            "scanning",
            "xss"
        ],
        "round_time": 6.687897205352783,
        "round_start_time": 1771803916.2940881,
        "round_end_time": 1771803922.9819853,
        "evaluate_time": 0.893134593963623,
        "inference_time": 0.005898714065551758
    },
    "4": {
        "trees_by_client": 50,
        "first_server_serialise_trees_size": 42929,
        "fit_time": 0.9094252586364746,
        "client_serialise_trees_size": 968626,
        "final_server_serialise_trees_size": 5616378,
        "f1_score": 0.8371281569531351,
        "mcc": 0.9681727489120087,
        "accuracy": 0.9745830023828436,
        "precision": 0.7913754290250256,
        "recall": 0.95110918849615,
        "confusion_matrix": [
            [
                0.9992094861660079,
                0.0,
                0.0,
                0.0007905138339920949,
                0.0,
                0.0,
                0.0,
                0.0,
                0.0,
                0.0
            ],
            [
                0.0,
                0.9593023255813954,
                0.0,
                0.013565891472868217,
                0.0,
                0.001937984496124031,
                0.001937984496124031,
                0.009689922480620155,
                0.0,
                0.013565891472868217
            ],
            [
                0.0,
                0.0013360053440213762,
                0.9732798931195725,
                0.0026720106880427524,
                0.009352037408149633,
                0.0,
                0.002004008016032064,
                0.0,
                0.01002004008016032,
                0.0013360053440213762
            ],
            [
                0.0,
                0.0,
                0.0,
                0.9534883720930233,
                0.0,
                0.0,
                0.0,
                0.0,
                0.023255813953488372,
                0.023255813953488372
            ],
            [
                0.0,
                0.0,
                0.1,
                0.0,
                0.8,
                0.0,
                0.1,
                0.0,
                0.0,
                0.0
            ],
            [
                0.0,
                0.011650485436893204,
                0.0003883495145631068,
                0.002330097087378641,
                0.002330097087378641,
                0.9700970873786408,
                0.004660194174757282,
                0.003495145631067961,
                0.0,
                0.005048543689320388
            ],
            [
                0.0,
                0.0,
                0.0011025358324145535,
                0.0,
                0.008820286659316428,
                0.0,
                0.9823594266813671,
                0.0011025358324145535,
                0.0011025358324145535,
                0.005512679162072767
            ],
            [
                0.0,
                0.0,
                0.0,
                0.0,
                0.0,
                0.0,
                0.0,
                0.9773156899810964,
                0.0,
                0.022684310018903593
            ],
            [
                0.0,
                0.0,
                0.0,
                0.0,
                0.0,
                0.0,
                0.0,
                0.0,
                1.0,
                0.0
            ],
            [
                0.0,
                0.0,
                0.0,
                0.024752475247524754,
                0.0,
                0.0,
                0.0,
                0.07920792079207921,
                0.0,
                0.8960396039603961
            ]
        ],
        "confusion_matrix_labels": [
            "backdoor",
            "ddos",
            "dos",
            "injection",
            "mitm",
            "normal",
            "password",
            "ransomware",
            "scanning",
            "xss"
        ],
        "round_time": 7.796409606933594,
        "round_start_time": 1771803938.077828,
        "round_end_time": 1771803945.8742375,
        "evaluate_time": 0.9776425361633301,
        "inference_time": 0.01386117935180664
    },
    "5": {
        "trees_by_client": 60,
        "first_server_serialise_trees_size": 53775,
        "fit_time": 1.1181871891021729,
        "client_serialise_trees_size": 1169880,
        "final_server_serialise_trees_size": 6772078,
        "f1_score": 0.83722913422661,
        "mcc": 0.964723669737001,
        "accuracy": 0.9719353984643897,
        "precision": 0.8105746643726672,
        "recall": 0.9080726640688151,
        "confusion_matrix": [
            [
                0.9920948616600791,
                0.0,
                0.0,
                0.0,
                0.0,
                0.0071146245059288534,
                0.0007905138339920949,
                0.0,
                0.0,
                0.0
            ],
            [
                0.0,
                0.8972868217054264,
                0.0,
                0.009689922480620155,
                0.001937984496124031,
                0.031007751937984496,
                0.0,
                0.009689922480620155,
                0.0,
                0.050387596899224806
            ],
            [
                0.0,
                0.0,
                0.9412157648630595,
                0.002004008016032064,
                0.01002004008016032,
                0.03406813627254509,
                0.0013360053440213762,
                0.0,
                0.007348029392117568,
                0.004008016032064128
            ],
            [
                0.0,
                0.0,
                0.0,
                0.8837209302325582,
                0.0,
                0.023255813953488372,
                0.0,
                0.0,
                0.023255813953488372,
                0.06976744186046512
            ],
            [
                0.0,
                0.0,
                0.0,
                0.0,
                0.8,
                0.2,
                0.0,
                0.0,
                0.0,
                0.0
            ],
            [
                0.0,
                0.0,
                0.0,
                0.0,
                0.0003883495145631068,
                0.9988349514563106,
                0.0,
                0.0003883495145631068,
                0.0,
                0.0003883495145631068
            ],
            [
                0.0,
                0.0,
                0.0,
                0.0,
                0.011025358324145534,
                0.002205071664829107,
                0.9812568908489526,
                0.0011025358324145535,
                0.0,
                0.004410143329658214
            ],
            [
                0.0,
                0.0,
                0.0,
                0.0,
                0.0,
                0.001890359168241966,
                0.0,
                0.9754253308128544,
                0.0,
                0.022684310018903593
            ],
            [
                0.0,
                0.0,
                0.3,
                0.0,
                0.0,
                0.0,
                0.0,
                0.0,
                0.7,
                0.0
            ],
            [
                0.0,
                0.0,
                0.0,
                0.0049504950495049506,
                0.0,
                0.0049504950495049506,
                0.0,
                0.07920792079207921,
                0.0,
                0.9108910891089109
            ]
        ],
        "confusion_matrix_labels": [
            "backdoor",
            "ddos",
            "dos",
            "injection",
            "mitm",
            "normal",
            "password",
            "ransomware",
            "scanning",
            "xss"
        ],
        "round_time": 9.097492218017578,
        "round_start_time": 1771803960.9539316,
        "round_end_time": 1771803970.0514238,
        "evaluate_time": 1.1013250350952148,
        "inference_time": 0.008252143859863281
    },
    "6": {
        "trees_by_client": 70,
        "first_server_serialise_trees_size": 64288,
        "fit_time": 1.222930669784546,
        "client_serialise_trees_size": 1354995,
        "final_server_serialise_trees_size": 7887889,
        "f1_score": 0.835963343086082,
        "mcc": 0.9629041454836581,
        "accuracy": 0.9704792163092402,
        "precision": 0.8100940285081922,
        "recall": 0.906932364349973,
        "confusion_matrix": [
            [
                0.9905138339920949,
                0.0,
                0.0,
                0.0,
                0.0,
                0.0071146245059288534,
                0.0023715415019762848,
                0.0,
                0.0,
                0.0
            ],
            [
                0.0,
                0.8914728682170543,
                0.0,
                0.009689922480620155,
                0.001937984496124031,
                0.040697674418604654,
                0.0,
                0.009689922480620155,
                0.0,
                0.046511627906976744
            ],
            [
                0.0,
                0.0,
                0.9372077488309953,
                0.002004008016032064,
                0.01068804275217101,
                0.03807615230460922,
                0.0006680026720106881,
                0.0,
                0.007348029392117568,
                0.004008016032064128
            ],
            [
                0.0,
                0.0,
                0.0,
                0.8837209302325582,
                0.0,
                0.023255813953488372,
                0.0,
                0.0,
                0.023255813953488372,
                0.06976744186046512
            ],
            [
                0.0,
                0.0,
                0.0,
                0.0,
                0.8,
                0.2,
                0.0,
                0.0,
                0.0,
                0.0
            ],
            [
                0.0,
                0.0,
                0.0,
                0.0,
                0.0003883495145631068,
                0.9988349514563106,
                0.0,
                0.0003883495145631068,
                0.0,
                0.0003883495145631068
            ],
            [
                0.0,
                0.0,
                0.0,
                0.0,
                0.011025358324145534,
                0.002205071664829107,
                0.9812568908489526,
                0.0011025358324145535,
                0.0,
                0.004410143329658214
            ],
            [
                0.0,
                0.0,
                0.0,
                0.0,
                0.0,
                0.001890359168241966,
                0.0,
                0.9754253308128544,
                0.0,
                0.022684310018903593
            ],
            [
                0.0,
                0.0,
                0.3,
                0.0,
                0.0,
                0.0,
                0.0,
                0.0,
                0.7,
                0.0
            ],
            [
                0.0,
                0.0,
                0.0,
                0.0049504950495049506,
                0.0,
                0.0049504950495049506,
                0.0,
                0.07920792079207921,
                0.0,
                0.9108910891089109
            ]
        ],
        "confusion_matrix_labels": [
            "backdoor",
            "ddos",
            "dos",
            "injection",
            "mitm",
            "normal",
            "password",
            "ransomware",
            "scanning",
            "xss"
        ],
        "round_time": 10.251583099365234,
        "round_start_time": 1771803985.133774,
        "round_end_time": 1771803995.3853571,
        "evaluate_time": 1.2592928409576416,
        "inference_time": 0.010936737060546875
    },
    "7": {
        "trees_by_client": 80,
        "first_server_serialise_trees_size": 75098,
        "fit_time": 1.4842610359191895,
        "client_serialise_trees_size": 1560091,
        "final_server_serialise_trees_size": 9020724,
        "f1_score": 0.8379602937763696,
        "mcc": 0.9639086102549814,
        "accuracy": 0.9712734974847763,
        "precision": 0.8121974690232838,
        "recall": 0.9079926590976324,
        "confusion_matrix": [
            [
                0.9920948616600791,
                0.0,
                0.0,
                0.0,
                0.0,
                0.0023715415019762848,
                0.0007905138339920949,
                0.0,
                0.0,
                0.0047430830039525695
            ],
            [
                0.0,
                0.9011627906976745,
                0.0,
                0.005813953488372093,
                0.001937984496124031,
                0.03294573643410853,
                0.0,
                0.009689922480620155,
                0.0,
                0.04844961240310078
            ],
            [
                0.0,
                0.0,
                0.9365397461589846,
                0.002004008016032064,
                0.01002004008016032,
                0.03807615230460922,
                0.0013360053440213762,
                0.0,
                0.007348029392117568,
                0.004676018704074816
            ],
            [
                0.0,
                0.0,
                0.0,
                0.8837209302325582,
                0.0,
                0.023255813953488372,
                0.0,
                0.0,
                0.023255813953488372,
                0.06976744186046512
            ],
            [
                0.0,
                0.0,
                0.0,
                0.0,
                0.8,
                0.2,
                0.0,
                0.0,
                0.0,
                0.0
            ],
            [
                0.0,
                0.0,
                0.0,
                0.0,
                0.0003883495145631068,
                0.9988349514563106,
                0.0,
                0.0003883495145631068,
                0.0,
                0.0003883495145631068
            ],
            [
                0.0,
                0.0,
                0.0,
                0.0,
                0.011025358324145534,
                0.002205071664829107,
                0.9812568908489526,
                0.0011025358324145535,
                0.0,
                0.004410143329658214
            ],
            [
                0.0,
                0.0,
                0.0,
                0.0,
                0.0,
                0.001890359168241966,
                0.0,
                0.9754253308128544,
                0.0,
                0.022684310018903593
            ],
            [
                0.0,
                0.0,
                0.3,
                0.0,
                0.0,
                0.0,
                0.0,
                0.0,
                0.7,
                0.0
            ],
            [
                0.0,
                0.0,
                0.0,
                0.0049504950495049506,
                0.0,
                0.0049504950495049506,
                0.0,
                0.07920792079207921,
                0.0,
                0.9108910891089109
            ]
        ],
        "confusion_matrix_labels": [
            "backdoor",
            "ddos",
            "dos",
            "injection",
            "mitm",
            "normal",
            "password",
            "ransomware",
            "scanning",
            "xss"
        ],
        "round_time": 11.423425197601318,
        "round_start_time": 1771804010.48741,
        "round_end_time": 1771804021.9108353,
        "evaluate_time": 1.3814220428466797,
        "inference_time": 0.013237953186035156
    },
    "8": {
        "trees_by_client": 90,
        "first_server_serialise_trees_size": 85566,
        "fit_time": 1.5588250160217285,
        "client_serialise_trees_size": 1735583,
        "final_server_serialise_trees_size": 10096837,
        "f1_score": 0.8376074707546056,
        "mcc": 0.9711113425527688,
        "accuracy": 0.9769658459094519,
        "precision": 0.792989479284434,
        "recall": 0.9519821194144269,
        "confusion_matrix": [
            [
                0.9992094861660079,
                0.0,
                0.0,
                0.0007905138339920949,
                0.0,
                0.0,
                0.0,
                0.0,
                0.0,
                0.0
            ],
            [
                0.0,
                0.9573643410852714,
                0.0,
                0.013565891472868217,
                0.0,
                0.001937984496124031,
                0.001937984496124031,
                0.009689922480620155,
                0.0,
                0.015503875968992248
            ],
            [
                0.0,
                0.0013360053440213762,
                0.9719438877755511,
                0.0026720106880427524,
                0.01068804275217101,
                0.0006680026720106881,
                0.0013360053440213762,
                0.0,
                0.009352037408149633,
                0.002004008016032064
            ],
            [
                0.0,
                0.0,
                0.0,
                0.9534883720930233,
                0.0,
                0.0,
                0.0,
                0.0,
                0.023255813953488372,
                0.023255813953488372
            ],
            [
                0.0,
                0.0,
                0.1,
                0.0,
                0.8,
                0.0,
                0.1,
                0.0,
                0.0,
                0.0
            ],
            [
                0.0,
                0.006213592233009709,
                0.0007766990291262136,
                0.0031067961165048546,
                0.002330097087378641,
                0.978252427184466,
                0.002330097087378641,
                0.0011650485436893205,
                0.0,
                0.005825242718446602
            ],
            [
                0.0,
                0.0,
                0.0011025358324145535,
                0.0,
                0.009922822491730982,
                0.0,
                0.9812568908489526,
                0.0011025358324145535,
                0.0011025358324145535,
                0.005512679162072767
            ],
            [
                0.0,
                0.0,
                0.0,
                0.0,
                0.0,
                0.0,
                0.0,
                0.9773156899810964,
                0.0,
                0.022684310018903593
            ],
            [
                0.0,
                0.0,
                0.0,
                0.0,
                0.0,
                0.0,
                0.0,
                0.0,
                1.0,
                0.0
            ],
            [
                0.0,
                0.0,
                0.0,
                0.019801980198019802,
                0.0,
                0.0,
                0.0,
                0.07920792079207921,
                0.0,
                0.900990099009901
            ]
        ],
        "confusion_matrix_labels": [
            "backdoor",
            "ddos",
            "dos",
            "injection",
            "mitm",
            "normal",
            "password",
            "ransomware",
            "scanning",
            "xss"
        ],
        "round_time": 12.75616979598999,
        "round_start_time": 1771804037.007782,
        "round_end_time": 1771804049.7639518,
        "evaluate_time": 1.5667994022369385,
        "inference_time": 0.05138564109802246
    },
    "9": {
        "trees_by_client": 100,
        "first_server_serialise_trees_size": 97220,
        "fit_time": 1.9239444732666016,
        "client_serialise_trees_size": 1927855,
        "final_server_serialise_trees_size": 11300362,
        "f1_score": 0.8407341372582182,
        "mcc": 0.9706128812292457,
        "accuracy": 0.9765687053216838,
        "precision": 0.7944424211793255,
        "recall": 0.9514097510874272,
        "confusion_matrix": [
            [
                0.9992094861660079,
                0.0,
                0.0,
                0.0007905138339920949,
                0.0,
                0.0,
                0.0,
                0.0,
                0.0,
                0.0
            ],
            [
                0.0,
                0.9554263565891473,
                0.0,
                0.013565891472868217,
                0.0,
                0.005813953488372093,
                0.001937984496124031,
                0.009689922480620155,
                0.0,
                0.013565891472868217
            ],
            [
                0.0,
                0.0013360053440213762,
                0.9739478957915831,
                0.0033400133600534404,
                0.009352037408149633,
                0.0,
                0.0013360053440213762,
                0.0,
                0.008684034736138945,
                0.002004008016032064
            ],
            [
                0.0,
                0.0,
                0.0,
                0.9534883720930233,
                0.0,
                0.0,
                0.0,
                0.0,
                0.023255813953488372,
                0.023255813953488372
            ],
            [
                0.0,
                0.0,
                0.1,
                0.0,
                0.8,
                0.0,
                0.1,
                0.0,
                0.0,
                0.0
            ],
            [
                0.0,
                0.005436893203883495,
                0.0003883495145631068,
                0.003883495145631068,
                0.0011650485436893205,
                0.9763106796116505,
                0.004271844660194175,
                0.003495145631067961,
                0.0,
                0.005048543689320388
            ],
            [
                0.0,
                0.0,
                0.0,
                0.0,
                0.008820286659316428,
                0.0011025358324145535,
                0.9823594266813671,
                0.0011025358324145535,
                0.0011025358324145535,
                0.005512679162072767
            ],
            [
                0.0,
                0.0,
                0.0,
                0.0,
