{
    "0": {
        "trees_by_client": 10,
        "first_server_serialise_trees_size": 9232,
        "fit_time": 0.051064252853393555,
        "client_serialise_trees_size": 213303,
        "final_server_serialise_trees_size": 762523,
        "f1_score": 0.957588970667339,
        "mcc": 0.9392631260973076,
        "accuracy": 0.9542639352072415,
        "precision": 0.9692603198391422,
        "recall": 0.9479637924048555,
        "confusion_matrix": [
            [
                0.8888888888888888,
                0.044444444444444446,
                0.06666666666666667,
                0.0,
                0.0,
                0.0
            ],
            [
                0.0,
                0.9748427672955975,
                0.016771488469601678,
                0.0,
                0.008385744234800839,
                0.0
            ],
            [
                0.0014245014245014246,
                0.009971509971509971,
                0.9729344729344729,
                0.0,
                0.01566951566951567,
                0.0
            ],
            [
                0.0,
                0.0,
                0.0,
                1.0,
                0.0,
                0.0
            ],
            [
                0.0,
                0.01488833746898263,
                0.13399503722084366,
                0.0,
                0.8511166253101737,
                0.0
            ],
            [
                0.0,
                0.0,
                0.0,
                0.0,
                0.0,
                1.0
            ]
        ],
        "confusion_matrix_labels": [
            "DoS/DDoS",
            "Info_Gathering",
            "Injection",
            "MITM",
            "Malware",
            "Normal"
        ],
        "round_time": 36.83852767944336,
        "round_start_time": 1770730494.4189878,
        "round_end_time": 1770730531.2575154,
        "evaluate_time": 0.1770155429840088,
        "inference_time": 0.009694099426269531
    },
    "1": {
        "trees_by_client": 20,
        "first_server_serialise_trees_size": 9497,
        "fit_time": 0.13635897636413574,
        "client_serialise_trees_size": 414292,
        "final_server_serialise_trees_size": 1542122,
        "f1_score": 0.9611843948706861,
        "mcc": 0.9430136763224397,
        "accuracy": 0.957122439256789,
        "precision": 0.9744469760398294,
        "recall": 0.950157044851709,
        "confusion_matrix": [
            [
                0.8888888888888888,
                0.06666666666666667,
                0.044444444444444446,
                0.0,
                0.0,
                0.0
            ],
            [
                0.0,
                0.9727463312368972,
                0.016771488469601678,
                0.0,
                0.010482180293501049,
                0.0
            ],
            [
                0.0,
                0.011396011396011397,
                0.9757834757834758,
                0.0,
                0.01282051282051282,
                0.0
            ],
            [
                0.0,
                0.0,
                0.0,
                1.0,
                0.0,
                0.0
            ],
            [
                0.0,
                0.01488833746898263,
                0.12158808933002481,
                0.0,
                0.8635235732009926,
                0.0
            ],
            [
                0.0,
                0.0,
                0.0,
                0.0,
                0.0,
                1.0
            ]
        ],
        "confusion_matrix_labels": [
            "DoS/DDoS",
            "Info_Gathering",
            "Injection",
            "MITM",
            "Malware",
            "Normal"
        ],
        "round_time": 5.727139949798584,
        "round_start_time": 1770730546.8004472,
        "round_end_time": 1770730552.5275872,
        "evaluate_time": 0.1650242805480957,
        "inference_time": 0.003583669662475586
    },
    "2": {
        "trees_by_client": 30,
        "first_server_serialise_trees_size": 18851,
        "fit_time": 0.18162107467651367,
        "client_serialise_trees_size": 629160,
        "final_server_serialise_trees_size": 2319221,
        "f1_score": 0.9604731185013752,
        "mcc": 0.9415888448147003,
        "accuracy": 0.9561696045736064,
        "precision": 0.9726486575362071,
        "recall": 0.9500345070947628,
        "confusion_matrix": [
            [
                0.8888888888888888,
                0.06666666666666667,
                0.044444444444444446,
                0.0,
                0.0,
                0.0
            ],
            [
                0.0,
                0.9727463312368972,
                0.016771488469601678,
                0.0,
                0.010482180293501049,
                0.0
            ],
            [
                0.0,
                0.004273504273504274,
                0.9700854700854701,
                0.0,
                0.02564102564102564,
                0.0
            ],
            [
                0.0,
                0.0,
                0.0,
                1.0,
                0.0,
                0.0
            ],
            [
                0.0,
                0.01488833746898263,
                0.11662531017369727,
                0.0,
                0.8684863523573201,
                0.0
            ],
            [
                0.0,
                0.0,
                0.0,
                0.0,
                0.0,
                1.0
            ]
        ],
        "confusion_matrix_labels": [
            "DoS/DDoS",
            "Info_Gathering",
            "Injection",
            "MITM",
            "Malware",
            "Normal"
        ],
        "round_time": 7.425127744674683,
        "round_start_time": 1770730567.611562,
        "round_end_time": 1770730575.0366898,
        "evaluate_time": 0.22546839714050293,
        "inference_time": 0.00724482536315918
    },
    "3": {
        "trees_by_client": 40,
        "first_server_serialise_trees_size": 28319,
        "fit_time": 0.2535417079925537,
        "client_serialise_trees_size": 820941,
        "final_server_serialise_trees_size": 3112509,
        "f1_score": 0.9590131571375197,
        "mcc": 0.939213331755464,
        "accuracy": 0.9542639352072415,
        "precision": 0.9724254181383877,
        "recall": 0.9478996334849449,
        "confusion_matrix": [
            [
                0.8888888888888888,
                0.06666666666666667,
                0.044444444444444446,
                0.0,
                0.0,
                0.0
            ],
            [
                0.0,
                0.9769392033542977,
                0.014675052410901468,
                0.0,
                0.008385744234800839,
                0.0
            ],
            [
                0.0,
                0.005698005698005698,
                0.9729344729344729,
                0.0,
                0.021367521367521368,
                0.0
            ],
            [
                0.0,
                0.0,
                0.0,
                1.0,
                0.0,
                0.0
            ],
            [
                0.0,
                0.01488833746898263,
                0.13647642679900746,
                0.0,
                0.8486352357320099,
                0.0
            ],
            [
                0.0,
                0.0,
                0.0,
                0.0,
                0.0,
                1.0
            ]
        ],
        "confusion_matrix_labels": [
            "DoS/DDoS",
            "Info_Gathering",
            "Injection",
            "MITM",
            "Malware",
            "Normal"
        ],
        "round_time": 9.430055856704712,
        "round_start_time": 1770730590.130464,
        "round_end_time": 1770730599.56052,
        "evaluate_time": 0.20543527603149414,
        "inference_time": 0.022552490234375
    },
    "4": {
        "trees_by_client": 50,
        "first_server_serialise_trees_size": 37911,
        "fit_time": 0.32727932929992676,
        "client_serialise_trees_size": 1042191,
        "final_server_serialise_trees_size": 3854509,
        "f1_score": 0.9616831397551363,
        "mcc": 0.9444250580764985,
        "accuracy": 0.9580752739399714,
        "precision": 0.9758019546931594,
        "recall": 0.950103434583045,
        "confusion_matrix": [
            [
                0.8888888888888888,
                0.06666666666666667,
                0.044444444444444446,
                0.0,
                0.0,
                0.0
            ],
            [
                0.0,
                0.9727463312368972,
                0.018867924528301886,
                0.0,
                0.008385744234800839,
                0.0
            ],
            [
                0.0,
                0.004273504273504274,
                0.9829059829059829,
                0.0,
                0.01282051282051282,
                0.0
            ],
            [
                0.0,
                0.0,
                0.0,
                1.0,
                0.0,
                0.0
            ],
            [
                0.0,
                0.01488833746898263,
                0.12903225806451613,
                0.0,
                0.8560794044665012,
                0.0
            ],
            [
                0.0,
                0.0,
                0.0,
                0.0,
                0.0,
                1.0
            ]
        ],
        "confusion_matrix_labels": [
            "DoS/DDoS",
            "Info_Gathering",
            "Injection",
            "MITM",
            "Malware",
            "Normal"
        ],
        "round_time": 11.857879638671875,
        "round_start_time": 1770730614.679366,
        "round_end_time": 1770730626.5372458,
        "evaluate_time": 0.2415177822113037,
        "inference_time": 0.005565643310546875
    },
    "5": {
        "trees_by_client": 60,
        "first_server_serialise_trees_size": 47022,
        "fit_time": 0.4028451442718506,
        "client_serialise_trees_size": 1243868,
        "final_server_serialise_trees_size": 4676265,
        "f1_score": 0.9644522578802003,
        "mcc": 0.9462930039026648,
        "accuracy": 0.9595045259647451,
        "precision": 0.9763336445689387,
        "recall": 0.9545701092262261,
        "confusion_matrix": [
            [
                0.9111111111111111,
                0.044444444444444446,
                0.044444444444444446,
                0.0,
                0.0,
                0.0
            ],
            [
                0.0,
                0.9748427672955975,
                0.014675052410901468,
                0.0,
                0.010482180293501049,
                0.0
            ],
            [
                0.0,
                0.004273504273504274,
                0.9829059829059829,
                0.0,
                0.01282051282051282,
                0.0
            ],
            [
                0.0,
                0.0,
                0.0,
                1.0,
                0.0,
                0.0
            ],
            [
                0.0,
                0.01488833746898263,
                0.12655086848635236,
                0.0,
                0.858560794044665,
                0.0
            ],
            [
                0.0,
                0.0,
                0.0,
                0.0,
                0.0,
                1.0
            ]
        ],
        "confusion_matrix_labels": [
            "DoS/DDoS",
            "Info_Gathering",
            "Injection",
            "MITM",
            "Malware",
            "Normal"
        ],
        "round_time": 13.031332015991211,
        "round_start_time": 1770730641.6254888,
        "round_end_time": 1770730654.6568208,
        "evaluate_time": 0.3007051944732666,
        "inference_time": 0.009691715240478516
    },
    "6": {
        "trees_by_client": 70,
        "first_server_serialise_trees_size": 56690,
        "fit_time": 0.4277150630950928,
        "client_serialise_trees_size": 1446080,
        "final_server_serialise_trees_size": 5469885,
        "f1_score": 0.9616230828301093,
        "mcc": 0.9443580274056284,
        "accuracy": 0.9580752739399714,
        "precision": 0.9753175560159429,
        "recall": 0.9502795826086555,
        "confusion_matrix": [
            [
                0.8888888888888888,
                0.06666666666666667,
                0.044444444444444446,
                0.0,
                0.0,
                0.0
            ],
            [
                0.0,
                0.9727463312368972,
                0.016771488469601678,
                0.0,
                0.010482180293501049,
                0.0
            ],
            [
                0.0,
                0.004273504273504274,
                0.9814814814814815,
                0.0,
                0.014245014245014245,
                0.0
            ],
            [
                0.0,
                0.0,
                0.0,
                1.0,
                0.0,
                0.0
            ],
            [
                0.0,
                0.01488833746898263,
                0.12655086848635236,
                0.0,
                0.858560794044665,
                0.0
            ],
            [
                0.0,
                0.0,
                0.0,
                0.0,
                0.0,
                1.0
            ]
        ],
        "confusion_matrix_labels": [
            "DoS/DDoS",
            "Info_Gathering",
            "Injection",
            "MITM",
            "Malware",
            "Normal"
        ],
        "round_time": 13.693094730377197,
        "round_start_time": 1770730669.734446,
        "round_end_time": 1770730683.4275408,
        "evaluate_time": 0.28647303581237793,
        "inference_time": 0.023827791213989258
    },
    "7": {
        "trees_by_client": 80,
        "first_server_serialise_trees_size": 66424,
        "fit_time": 0.4936394691467285,
        "client_serialise_trees_size": 1677165,
        "final_server_serialise_trees_size": 6256525,
        "f1_score": 0.9611840708464373,
        "mcc": 0.9437971518140055,
        "accuracy": 0.9575988565983802,
        "precision": 0.9753269570626116,
        "recall": 0.9496257107334406,
        "confusion_matrix": [
            [
                0.8888888888888888,
                0.06666666666666667,
                0.044444444444444446,
                0.0,
                0.0,
                0.0
            ],
            [
                0.0,
                0.9748427672955975,
                0.014675052410901468,
                0.0,
                0.010482180293501049,
                0.0
            ],
            [
                0.0,
                0.004273504273504274,
                0.9829059829059829,
                0.0,
                0.01282051282051282,
                0.0
            ],
            [
                0.0,
                0.0,
                0.0,
                1.0,
                0.0,
                0.0
            ],
            [
                0.0,
                0.01488833746898263,
                0.13399503722084366,
                0.0,
                0.8511166253101737,
                0.0
            ],
            [
                0.0,
                0.0,
                0.0,
                0.0,
                0.0,
                1.0
            ]
        ],
        "confusion_matrix_labels": [
            "DoS/DDoS",
            "Info_Gathering",
            "Injection",
            "MITM",
            "Malware",
            "Normal"
        ],
        "round_time": 15.261260509490967,
        "round_start_time": 1770730698.623396,
        "round_end_time": 1770730713.8846564,
        "evaluate_time": 0.2659337520599365,
        "inference_time": 0.009529829025268555
    },
    "8": {
        "trees_by_client": 90,
        "first_server_serialise_trees_size": 75386,
        "fit_time": 0.4987640380859375,
        "client_serialise_trees_size": 1877241,
        "final_server_serialise_trees_size": 6968937,
        "f1_score": 0.9613877839469532,
        "mcc": 0.9436120029900281,
        "accuracy": 0.9575988565983802,
        "precision": 0.9743558648253408,
        "recall": 0.9505064508614924,
        "confusion_matrix": [
            [
                0.8888888888888888,
                0.06666666666666667,
                0.044444444444444446,
                0.0,
                0.0,
                0.0
            ],
            [
                0.0,
                0.9748427672955975,
                0.014675052410901468,
                0.0,
                0.010482180293501049,
                0.0
            ],
            [
                0.0,
                0.007122507122507123,
                0.9757834757834758,
                0.0,
                0.017094017094017096,
                0.0
            ],
            [
                0.0,
                0.0,
                0.0,
                1.0,
                0.0,
                0.0
            ],
            [
                0.0,
                0.01488833746898263,
                0.12158808933002481,
                0.0,
                0.8635235732009926,
                0.0
            ],
            [
                0.0,
                0.0,
                0.0,
                0.0,
                0.0,
                1.0
            ]
        ],
        "confusion_matrix_labels": [
            "DoS/DDoS",
            "Info_Gathering",
            "Injection",
            "MITM",
            "Malware",
            "Normal"
        ],
        "round_time": 18.58791995048523,
        "round_start_time": 1770730728.9604018,
        "round_end_time": 1770730747.5483217,
        "evaluate_time": 0.3660852909088135,
        "inference_time": 0.010400533676147461
    },
    "9": {
        "trees_by_client": 100,
        "first_server_serialise_trees_size": 85014,
        "fit_time": 0.6723670959472656,
        "client_serialise_trees_size": 2110068,
        "final_server_serialise_trees_size": 7817371,
        "f1_score": 0.9613033781846373,
        "mcc": 0.9436983097454903,
        "accuracy": 0.9575988565983802,
        "precision": 0.9748372109517689,
        "recall": 0.950089995890361,
        "confusion_matrix": [
            [
                0.8888888888888888,
                0.06666666666666667,
                0.044444444444444446,
                0.0,
                0.0,
                0.0
            ],
            [
                0.0,
                0.9769392033542977,
                0.014675052410901468,
                0.0,
                0.008385744234800839,
                0.0
            ],
            [
                0.0,
                0.004273504273504274,
                0.9786324786324786,
                0.0,
                0.017094017094017096,
                0.0
            ],
            [
                0.0,
                0.0,
                0.0,
                1.0,
                0.0,
                0.0
            ],
            [
                0.0,
                0.01488833746898263,
                0.12903225806451613,
                0.0,
                0.8560794044665012,
                0.0
            ],
            [
                0.0,
                0.0,
                0.0,
                0.0,
                0.0,
                1.0
            ]
        ],
        "confusion_matrix_labels": [
            "DoS/DDoS",
            "Info_Gathering",
            "Injection",
            "MITM",
            "Malware",
            "Normal"
        ],
        "round_time": 21.64034152030945,
        "round_start_time": 1770730762.657383,
        "round_end_time": 1770730784.2977245,
        "evaluate_time": 0.18183636665344238,
        "inference_time": 0.0076923370361328125
    },
    "10": {
        "trees_by_client": 110,
        "first_server_serialise_trees_size": 94921,
        "fit_time": 0.6062455177307129,
        "client_serialise_trees_size": 2331221,
        "final_server_serialise_trees_size": 8527797,
        "f1_score": 0.9652323466593798,
        "mcc": 0.9474787009648592,
        "accuracy": 0.9604573606479276,
        "precision": 0.9765564513582977,
        "recall": 0.9556375460311349,
        "confusion_matrix": [
            [
                0.9111111111111111,
                0.044444444444444446,
                0.044444444444444446,
                0.0,
                0.0,
                0.0
            ],
            [
                0.0,
                0.9727463312368972,
                0.016771488469601678,
                0.0,
                0.010482180293501049,
                0.0
            ],
            [
                0.0,
                0.004273504273504274,
                0.9814814814814815,
                0.0,
                0.014245014245014245,
                0.0
            ],
            [
                0.0,
                0.0,
                0.0,
                1.0,
                0.0,
                0.0
            ],
            [
                0.0,
                0.01488833746898263,
                0.11662531017369727,
                0.0,
                0.8684863523573201,
                0.0
            ],
            [
                0.0,
                0.0,
                0.0,
                0.0,
                0.0,
                1.0
            ]
        ],
        "confusion_matrix_labels": [
            "DoS/DDoS",
            "Info_Gathering",
            "Injection",
            "MITM",
            "Malware",
            "Normal"
        ],
        "round_time": 21.886380672454834,
        "round_start_time": 1770730799.368368,
        "round_end_time": 1770730821.2547486,
        "evaluate_time": 0.3393824100494385,
        "inference_time": 0.009141683578491211
    },
    "11": {
        "trees_by_client": 120,
        "first_server_serialise_trees_size": 104013,
        "fit_time": 0.7296607494354248,
        "client_serialise_trees_size": 2542090,
        "final_server_serialise_trees_size": 9372421,
        "f1_score": 0.9620711579671433,
        "mcc": 0.941883492515718,
        "accuracy": 0.9561696045736064,
        "precision": 0.9742919079982592,
        "recall": 0.9520274507695891,
        "confusion_matrix": [
            [
                0.9111111111111111,
                0.044444444444444446,
                0.044444444444444446,
                0.0,
                0.0,
                0.0
            ],
            [
                0.0,
                0.9748427672955975,
                0.014675052410901468,
                0.0,
                0.010482180293501049,
                0.0
            ],
            [
                0.0,
                0.004273504273504274,
                0.98005698005698,
                0.0,
                0.01566951566951567,
                0.0
            ],
            [
                0.0,
                0.0,
                0.0,
                1.0,
                0.0,
                0.0
            ],
            [
                0.0,
                0.01488833746898263,
                0.13895781637717122,
                0.0,
                0.8461538461538461,
                0.0
            ],
            [
                0.0,
                0.0,
                0.0,
                0.0,
                0.0,
                1.0
            ]
        ],
        "confusion_matrix_labels": [
            "DoS/DDoS",
            "Info_Gathering",
            "Injection",
            "MITM",
            "Malware",
            "Normal"
        ],
        "round_time": 23.55719304084778,
        "round_start_time": 1770730836.325415,
        "round_end_time": 1770730859.882608,
        "evaluate_time": 0.34300661087036133,
        "inference_time": 0.017415285110473633
    },
    "12": {
        "trees_by_client": 130,
        "first_server_serialise_trees_size": 114107,
        "fit_time": 0.8753225803375244,
        "client_serialise_trees_size": 2735896,
        "final_server_serialise_trees_size": 10084256,
        "f1_score": 0.9608969068123431,
        "mcc": 0.9430898864864072,
        "accuracy": 0.957122439256789,
        "precision": 0.9746219426974144,
        "recall": 0.9495644418549674,
        "confusion_matrix": [
            [
                0.8888888888888888,
                0.06666666666666667,
                0.044444444444444446,
                0.0,
                0.0,
                0.0
            ],
            [
                0.0,
                0.9748427672955975,
                0.014675052410901468,
                0.0,
                0.010482180293501049,
                0.0
            ],
            [
                0.0,
                0.004273504273504274,
                0.98005698005698,
                0.0,
                0.01566951566951567,
                0.0
            ],
            [
                0.0,
                0.0,
                0.0,
                1.0,
                0.0,
                0.0
            ],
            [
                0.0,
                0.01488833746898263,
                0.1315136476426799,
                0.0,
                0.8535980148883374,
                0.0
            ],
            [
                0.0,
                0.0,
                0.0,
                0.0,
                0.0,
                1.0
            ]
        ],
        "confusion_matrix_labels": [
            "DoS/DDoS",
            "Info_Gathering",
            "Injection",
            "MITM",
            "Malware",
            "Normal"
        ],
        "round_time": 24.31239914894104,
        "round_start_time": 1770730875.0134494,
        "round_end_time": 1770730899.3258486,
        "evaluate_time": 0.43174219131469727,
        "inference_time": 0.019523143768310547
    },
    "13": {
        "trees_by_client": 140,
        "first_server_serialise_trees_size": 123264,
        "fit_time": 0.8160214424133301,
        "client_serialise_trees_size": 2936940,
        "final_server_serialise_trees_size": 10821266,
        "f1_score": 0.9621566822019388,
        "mcc": 0.9418618581915972,
        "accuracy": 0.9561696045736064,
        "precision": 0.9742611389167314,
        "recall": 0.9522035987951996,
        "confusion_matrix": [
            [
                0.9111111111111111,
                0.044444444444444446,
                0.044444444444444446,
                0.0,
                0.0,
                0.0
            ],
            [
                0.0,
                0.9748427672955975,
                0.014675052410901468,
                0.0,
                0.010482180293501049,
                0.0
            ],
            [
                0.0,
                0.007122507122507123,
                0.9786324786324786,
                0.0,
                0.014245014245014245,
                0.0
            ],
            [
                0.0,
                0.0,
                0.0,
                1.0,
                0.0,
                0.0
            ],
            [
                0.0,
                0.01488833746898263,
                0.13647642679900746,
                0.0,
                0.8486352357320099,
                0.0
            ],
            [
                0.0,
                0.0,
                0.0,
                0.0,
                0.0,
                1.0
            ]
        ],
        "confusion_matrix_labels": [
            "DoS/DDoS",
            "Info_Gathering",
            "Injection",
            "MITM",
            "Malware",
            "Normal"
        ],
        "round_time": 26.327228784561157,
        "round_start_time": 1770730914.4898798,
        "round_end_time": 1770730940.8171086,
        "evaluate_time": 0.4563775062561035,
        "inference_time": 0.016325712203979492
    },
    "14": {
        "trees_by_client": 150,
        "first_server_serialise_trees_size": 132704,
        "fit_time": 0.8729491233825684,
        "client_serialise_trees_size": 3126142,
        "final_server_serialise_trees_size": 11770913,
        "f1_score": 0.9638455127650563,
        "mcc": 0.9449315875268687,
        "accuracy": 0.9585516912815627,
        "precision": 0.9751831646248931,
        "recall": 0.9542714234436693,
        "confusion_matrix": [
            [
                0.9111111111111111,
                0.044444444444444446,
                0.044444444444444446,
                0.0,
                0.0,
                0.0
            ],
            [
                0.0,
                0.9748427672955975,
                0.014675052410901468,
                0.0,
                0.010482180293501049,
                0.0
            ],
            [
                0.0,
                0.004273504273504274,
                0.9786324786324786,
                0.0,
                0.017094017094017096,
                0.0
            ],
            [
                0.0,
                0.0,
                0.0,
                1.0,
                0.0,
                0.0
            ],
            [
                0.0,
                0.01488833746898263,
                0.12406947890818859,
                0.0,
                0.8610421836228288,
                0.0
            ],
            [
                0.0,
                0.0,
                0.0,
                0.0,
                0.0,
                1.0
            ]
        ],
        "confusion_matrix_labels": [
            "DoS/DDoS",
            "Info_Gathering",
            "Injection",
            "MITM",
            "Malware",
            "Normal"
        ],
        "round_time": 28.068304777145386,
        "round_start_time": 1770730955.9663458,
        "round_end_time": 1770730984.0346506,
        "evaluate_time": 0.43730783462524414,
        "inference_time": 0.011996984481811523
    },
    "15": {
        "trees_by_client": 160,
        "first_server_serialise_trees_size": 141705,
        "fit_time": 0.877371072769165,
        "client_serialise_trees_size": 3343998,
        "final_server_serialise_trees_size": 12683451,
        "f1_score": 0.9622589213828857,
        "mcc": 0.9456823348889726,
        "accuracy": 0.9590281086231539,
        "precision": 0.97622625250643,
        "recall": 0.9508022466026117,
        "confusion_matrix": [
            [
                0.8888888888888888,
                0.06666666666666667,
                0.044444444444444446,
                0.0,
                0.0,
                0.0
            ],
            [
                0.0,
                0.9769392033542977,
                0.014675052410901468,
                0.0,
                0.008385744234800839,
                0.0
            ],
            [
                0.0,
                0.004273504273504274,
                0.9829059829059829,
                0.0,
                0.01282051282051282,
                0.0
            ],
            [
                0.0,
                0.0,
                0.0,
                1.0,
                0.0,
                0.0
            ],
            [
                0.0,
                0.01488833746898263,
                0.12903225806451613,
                0.0,
                0.8560794044665012,
                0.0
            ],
            [
                0.0,
                0.0,
                0.0,
                0.0,
                0.0,
                1.0
            ]
        ],
        "confusion_matrix_labels": [
            "DoS/DDoS",
            "Info_Gathering",
            "Injection",
            "MITM",
            "Malware",
            "Normal"
        ],
        "round_time": 27.42798662185669,
        "round_start_time": 1770730999.1223834,
        "round_end_time": 1770731026.55037,
        "evaluate_time": 0.4764530658721924,
        "inference_time": 0.019646883010864258
    },
    "16": {
        "trees_by_client": 170,
        "first_server_serialise_trees_size": 151648,
        "fit_time": 0.9468960762023926,
        "client_serialise_trees_size": 3588237,
        "final_server_serialise_trees_size": 13110586,
        "f1_score": 0.9635864057094482,
        "mcc": 0.9442641068996155,
        "accuracy": 0.9580752739399714,
        "precision": 0.9747445244203036,
        "recall": 0.9540981654594963,
        "confusion_matrix": [
            [
                0.9111111111111111,
                0.044444444444444446,
                0.044444444444444446,
                0.0,
                0.0,
                0.0
            ],
            [
                0.0,
                0.9727463312368972,
                0.016771488469601678,
                0.0,
                0.010482180293501049,
                0.0
            ],
            [
                0.0,
                0.004273504273504274,
                0.9772079772079773,
                0.0,
                0.018518518518518517,
                0.0
            ],
            [
                0.0,
                0.0,
                0.0,
                1.0,
                0.0,
                0.0
            ],
            [
                0.0,
                0.01488833746898263,
                0.12158808933002481,
                0.0,
                0.8635235732009926,
                0.0
            ],
            [
                0.0,
                0.0,
                0.0,
                0.0,
                0.0,
                1.0
            ]
        ],
        "confusion_matrix_labels": [
            "DoS/DDoS",
            "Info_Gathering",
            "Injection",
            "MITM",
            "Malware",
            "Normal"
        ],
        "round_time": 31.262989282608032,
        "round_start_time": 1770731041.673343,
        "round_end_time": 1770731072.9363322,
        "evaluate_time": 0.4284648895263672,
        "inference_time": 0.014095544815063477
    },
    "17": {
        "trees_by_client": 180,
        "first_server_serialise_trees_size": 160428,
        "fit_time": 0.9959328174591064,
        "client_serialise_trees_size": 3789786,
        "final_server_serialise_trees_size": 13911897,
        "f1_score": 0.9622294571044145,
        "mcc": 0.9457291134977736,
        "accuracy": 0.9590281086231539,
        "precision": 0.9764750358206536,
        "recall": 0.9506260985770014,
        "confusion_matrix": [
            [
                0.8888888888888888,
                0.06666666666666667,
                0.044444444444444446,
                0.0,
                0.0,
                0.0
            ],
            [
                0.0,
                0.9769392033542977,
                0.014675052410901468,
                0.0,
                0.008385744234800839,
                0.0
            ],
            [
                0.0,
                0.004273504273504274,
                0.9843304843304843,
                0.0,
                0.011396011396011397,
                0.0
            ],
            [
                0.0,
                0.0,
                0.0,
                1.0,
                0.0,
                0.0
            ],
            [
                0.0,
                0.01488833746898263,
                0.1315136476426799,
                0.0,
                0.8535980148883374,
                0.0
            ],
            [
                0.0,
                0.0,
                0.0,
                0.0,
                0.0,
                1.0
            ]
        ],
        "confusion_matrix_labels": [
            "DoS/DDoS",
            "Info_Gathering",
            "Injection",
            "MITM",
            "Malware",
            "Normal"
        ],
        "round_time": 33.08928656578064,
        "round_start_time": 1770731088.0153394,
        "round_end_time": 1770731121.104626,
        "evaluate_time": 0.45873475074768066,
        "inference_time": 0.013892412185668945
    },
    "18": {
        "trees_by_client": 190,
        "first_server_serialise_trees_size": 169689,
        "fit_time": 1.028433084487915,
        "client_serialise_trees_size": 3957935,
        "final_server_serialise_trees_size": 14786751,
        "f1_score": 0.9637858174723087,
        "mcc": 0.9450140175422489,
        "accuracy": 0.9585516912815627,
        "precision": 0.9756484593837534,
        "recall": 0.9539191273924486,
        "confusion_matrix": [
            [
                0.9111111111111111,
                0.044444444444444446,
                0.044444444444444446,
                0.0,
                0.0,
                0.0
            ],
            [
                0.0,
                0.9748427672955975,
                0.014675052410901468,
                0.0,
                0.010482180293501049,
                0.0
            ],
            [
                0.0,
                0.004273504273504274,
                0.9814814814814815,
                0.0,
                0.014245014245014245,
                0.0
            ],
            [
                0.0,
                0.0,
                0.0,
                1.0,
                0.0,
                0.0
            ],
            [
                0.0,
                0.01488833746898263,
                0.12903225806451613,
                0.0,
                0.8560794044665012,
                0.0
            ],
            [
                0.0,
                0.0,
                0.0,
                0.0,
                0.0,
                1.0
            ]
        ],
        "confusion_matrix_labels": [
            "DoS/DDoS",
            "Info_Gathering",
            "Injection",
            "MITM",
            "Malware",
            "Normal"
        ],
        "round_time": 38.503353118896484,
        "round_start_time": 1770731136.1784117,
        "round_end_time": 1770731174.6817648,
        "evaluate_time": 0.43800854682922363,
        "inference_time": 0.014074325561523438
    },
    "19": {
        "trees_by_client": 200,
        "first_server_serialise_trees_size": 180481,
        "fit_time": 1.1183133125305176,
        "client_serialise_trees_size": 4231237,
        "final_server_serialise_trees_size": 15492827,
        "f1_score": 0.9632097918051059,
        "mcc": 0.9436828176339652,
        "accuracy": 0.9575988565983802,
        "precision": 0.9747432245335426,
        "recall": 0.953508452504192,
        "confusion_matrix": [
            [
                0.9111111111111111,
                0.044444444444444446,
                0.044444444444444446,
                0.0,
                0.0,
                0.0
            ],
            [
                0.0,
                0.9727463312368972,
                0.016771488469601678,
                0.0,
                0.010482180293501049,
                0.0
            ],
            [
                0.0,
                0.004273504273504274,
                0.9786324786324786,
                0.0,
                0.017094017094017096,
                0.0
            ],
            [
                0.0,
                0.0,
                0.0,
                1.0,
                0.0,
                0.0
            ],
            [
                0.0,
                0.01488833746898263,
                0.12655086848635236,
                0.0,
                0.858560794044665,
                0.0
            ],
            [
                0.0,
                0.0,
                0.0,
                0.0,
                0.0,
                1.0
            ]
        ],
        "confusion_matrix_labels": [
            "DoS/DDoS",
            "Info_Gathering",
            "Injection",
            "MITM",
