{
    "1": {
        "fit_time": 1.0879647731781006,
        "train_loss": 2.275854978648299,
        "num_train_samples": 12175,
        "model_param_count": 7078,
        "model_size_bytes": 28312,
        "epochs": 5,
        "batch_size": 64,
        "learning_rate": 0.001,
        "round_start_time": 1772052407.4693482,
        "target_labels": [
            "0",
            "1",
            "2",
            "3",
            "4",
            "5"
        ],
        "input_features": 74,
        "output_classes": 6,
        "evaluate_time": 0.02277207374572754,
        "inference_time": 0.022769689559936523,
        "test_loss": 0.35699710629772735,
        "accuracy": 0.8324572930354797,
        "precision": 0.8502433184888256,
        "recall": 0.8324572930354797,
        "f1_score": 0.8331662661410543,
        "mcc": 0.7904363881751906,
        "confusion_matrix": [
            [
                0.8364978902953587,
                0.08122362869198312,
                0.07911392405063292,
                0.0,
                0.0031645569620253164,
                0.0
            ],
            [
                0.25853658536585367,
                0.6463414634146342,
                0.07560975609756097,
                0.0,
                0.01951219512195122,
                0.0
            ],
            [
                0.020202020202020204,
                0.04040404040404041,
                0.9343434343434344,
                0.0,
                0.005050505050505051,
                0.0
            ],
            [
                0.0,
                0.0,
                0.0,
                1.0,
                0.0,
                0.0
            ],
            [
                0.0,
                0.01697792869269949,
                0.2733446519524618,
                0.0,
                0.7096774193548387,
                0.0
            ],
            [
                0.0,
                0.0,
                0.0,
                0.0,
                0.0,
                1.0
            ]
        ],
        "confusion_matrix_labels": [
            "0",
            "1",
            "2",
            "3",
            "4",
            "5"
        ],
        "num_test_samples": 3044,
        "round_end_time": 1772052411.39148,
        "round_time": 0.02277207374572754
    },
    "2": {
        "fit_time": 1.195939302444458,
        "train_loss": 1.751488737161644,
        "num_train_samples": 12175,
        "model_param_count": 7078,
        "model_size_bytes": 28312,
        "epochs": 5,
        "batch_size": 64,
        "learning_rate": 0.001,
        "round_start_time": 1772052411.931818,
        "target_labels": [
            "0",
            "1",
            "2",
            "3",
            "4",
            "5"
        ],
        "input_features": 74,
        "output_classes": 6,
        "evaluate_time": 0.026774883270263672,
        "inference_time": 0.026773929595947266,
        "test_loss": 0.33230488666097063,
        "accuracy": 0.8630091984231275,
        "precision": 0.8884562272322946,
        "recall": 0.8630091984231275,
        "f1_score": 0.8661295305180235,
        "mcc": 0.8316302958194651,
        "confusion_matrix": [
            [
                0.8354430379746836,
                0.08438818565400844,
                0.07911392405063292,
                0.0,
                0.0010548523206751054,
                0.0
            ],
            [
                0.036585365853658534,
                0.8707317073170732,
                0.07560975609756097,
                0.0,
                0.01707317073170732,
                0.0
            ],
            [
                0.020202020202020204,
                0.04040404040404041,
                0.930976430976431,
                0.0,
                0.008417508417508417,
                0.0
            ],
            [
                0.0,
                0.0,
                0.0,
                1.0,
                0.0,
                0.0
            ],
            [
                0.0,
                0.01697792869269949,
                0.266553480475382,
                0.0,
                0.7164685908319185,
                0.0
            ],
            [
                0.0,
                0.0,
                0.0,
                0.0,
                0.0,
                1.0
            ]
        ],
        "confusion_matrix_labels": [
            "0",
            "1",
            "2",
            "3",
            "4",
            "5"
        ],
        "num_test_samples": 3044,
        "round_end_time": 1772052416.0219173,
        "round_time": 0.026774883270263672
    },
    "3": {
        "fit_time": 1.1956779956817627,
        "train_loss": 1.6133323763087546,
        "num_train_samples": 12175,
        "model_param_count": 7078,
        "model_size_bytes": 28312,
        "epochs": 5,
        "batch_size": 64,
        "learning_rate": 0.001,
        "round_start_time": 1772052416.3666131,
        "target_labels": [
            "0",
            "1",
            "2",
            "3",
            "4",
            "5"
        ],
        "input_features": 74,
        "output_classes": 6,
        "evaluate_time": 0.025335311889648438,
        "inference_time": 0.02533435821533203,
        "test_loss": 0.29822874922946624,
        "accuracy": 0.8659658344283837,
        "precision": 0.8939320910816184,
        "recall": 0.8659658344283837,
        "f1_score": 0.8691342131588468,
        "mcc": 0.8360495330782821,
        "confusion_matrix": [
            [
                0.8375527426160337,
                0.08333333333333333,
                0.07911392405063292,
                0.0,
                0.0,
                0.0
            ],
            [
                0.01951219512195122,
                0.8878048780487805,
                0.07560975609756097,
                0.0,
                0.01707317073170732,
                0.0
            ],
            [
                0.020202020202020204,
                0.04040404040404041,
                0.9393939393939394,
                0.0,
                0.0,
                0.0
            ],
            [
                0.0,
                0.0,
                0.0,
                1.0,
                0.0,
                0.0
            ],
            [
                0.0,
                0.01697792869269949,
                0.27504244482173174,
                0.0,
                0.7079796264855688,
                0.0
            ],
            [
                0.0,
                0.0,
                0.0,
                0.0,
                0.0,
                1.0
            ]
        ],
        "confusion_matrix_labels": [
            "0",
            "1",
            "2",
            "3",
            "4",
            "5"
        ],
        "num_test_samples": 3044,
        "round_end_time": 1772052420.2057078,
        "round_time": 0.025335311889648438
    },
    "4": {
        "fit_time": 1.228302240371704,
        "train_loss": 1.4983800756882348,
        "num_train_samples": 12175,
        "model_param_count": 7078,
        "model_size_bytes": 28312,
        "epochs": 5,
        "batch_size": 64,
        "learning_rate": 0.001,
        "round_start_time": 1772052420.7366362,
        "target_labels": [
            "0",
            "1",
            "2",
            "3",
            "4",
            "5"
        ],
        "input_features": 74,
        "output_classes": 6,
        "evaluate_time": 0.017766475677490234,
        "inference_time": 0.01776576042175293,
        "test_loss": 0.2837463283076706,
        "accuracy": 0.8702365308804205,
        "precision": 0.8961479418883169,
        "recall": 0.8702365308804205,
        "f1_score": 0.8729765741430056,
        "mcc": 0.8412273846424383,
        "confusion_matrix": [
            [
                0.8386075949367089,
                0.08227848101265822,
                0.07911392405063292,
                0.0,
                0.0,
                0.0
            ],
            [
                0.024390243902439025,
                0.8829268292682927,
                0.07560975609756097,
                0.0,
                0.01707317073170732,
                0.0
            ],
            [
                0.020202020202020204,
                0.020202020202020204,
                0.9545454545454546,
                0.0,
                0.005050505050505051,
                0.0
            ],
            [
                0.0,
                0.0,
                0.0,
                1.0,
                0.0,
                0.0
            ],
            [
                0.0,
                0.01697792869269949,
                0.266553480475382,
                0.0,
                0.7164685908319185,
                0.0
            ],
            [
                0.0,
                0.0,
                0.0,
                0.0,
                0.0,
                1.0
            ]
        ],
        "confusion_matrix_labels": [
            "0",
            "1",
            "2",
            "3",
            "4",
            "5"
        ],
        "num_test_samples": 3044,
        "round_end_time": 1772052424.9009874,
        "round_time": 0.017766475677490234
    },
    "5": {
        "fit_time": 1.2003443241119385,
        "train_loss": 1.455972467102799,
        "num_train_samples": 12175,
        "model_param_count": 7078,
        "model_size_bytes": 28312,
        "epochs": 5,
        "batch_size": 64,
        "learning_rate": 0.001,
        "round_start_time": 1772052426.3770494,
        "target_labels": [
            "0",
            "1",
            "2",
            "3",
            "4",
            "5"
        ],
        "input_features": 74,
        "output_classes": 6,
        "evaluate_time": 0.02466726303100586,
        "inference_time": 0.024666786193847656,
        "test_loss": 0.2802294319625283,
        "accuracy": 0.8702365308804205,
        "precision": 0.8951281755236535,
        "recall": 0.8702365308804205,
        "f1_score": 0.8727621294733896,
        "mcc": 0.8409767544694378,
        "confusion_matrix": [
            [
                0.8407172995780591,
                0.08016877637130802,
                0.07911392405063292,
                0.0,
                0.0,
                0.0
            ],
            [
                0.03414634146341464,
                0.8731707317073171,
                0.07560975609756097,
                0.0,
                0.01707317073170732,
                0.0
            ],
            [
                0.020202020202020204,
                0.016835016835016835,
                0.9579124579124579,
                0.0,
                0.005050505050505051,
                0.0
            ],
            [
                0.0,
                0.0,
                0.0,
                1.0,
                0.0,
                0.0
            ],
            [
                0.0050933786078098476,
                0.011884550084889643,
                0.266553480475382,
                0.0,
                0.7164685908319185,
                0.0
            ],
            [
                0.0,
                0.0,
                0.0,
                0.0,
                0.0,
                1.0
            ]
        ],
        "confusion_matrix_labels": [
            "0",
            "1",
            "2",
            "3",
            "4",
            "5"
        ],
        "num_test_samples": 3044,
        "round_end_time": 1772052429.115123,
        "round_time": 0.02466726303100586
    },
    "6": {
        "fit_time": 1.2044267654418945,
        "train_loss": 1.4455800675954174,
        "num_train_samples": 12175,
        "model_param_count": 7078,
        "model_size_bytes": 28312,
        "epochs": 5,
        "batch_size": 64,
        "learning_rate": 0.001,
        "round_start_time": 1772052430.7326517,
        "target_labels": [
            "0",
            "1",
            "2",
            "3",
            "4",
            "5"
        ],
        "input_features": 74,
        "output_classes": 6,
        "evaluate_time": 0.023985862731933594,
        "inference_time": 0.023984909057617188,
        "test_loss": 0.2786573470030445,
        "accuracy": 0.8705650459921156,
        "precision": 0.8975272966603769,
        "recall": 0.8705650459921156,
        "f1_score": 0.8733212088020323,
        "mcc": 0.8420561405584857,
        "confusion_matrix": [
            [
                0.8322784810126582,
                0.08860759493670886,
                0.07911392405063292,
                0.0,
                0.0,
                0.0
            ],
            [
                0.012195121951219513,
                0.8951219512195122,
                0.07560975609756097,
                0.0,
                0.01707317073170732,
                0.0
            ],
            [
                0.020202020202020204,
                0.016835016835016835,
                0.9579124579124579,
                0.0,
                0.005050505050505051,
                0.0
            ],
            [
                0.0,
                0.0,
                0.0,
                1.0,
                0.0,
                0.0
            ],
            [
                0.0,
                0.01697792869269949,
                0.266553480475382,
                0.0,
                0.7164685908319185,
                0.0
            ],
            [
                0.0,
                0.0,
                0.0,
                0.0,
                0.0,
                1.0
            ]
        ],
        "confusion_matrix_labels": [
            "0",
            "1",
            "2",
            "3",
            "4",
            "5"
        ],
        "num_test_samples": 3044,
        "round_end_time": 1772052433.509081,
        "round_time": 0.023985862731933594
    },
    "7": {
        "fit_time": 0.9132583141326904,
        "train_loss": 1.4325850020462239,
        "num_train_samples": 12175,
        "model_param_count": 7078,
        "model_size_bytes": 28312,
        "epochs": 5,
        "batch_size": 64,
        "learning_rate": 0.001,
        "round_start_time": 1772052436.4456804,
        "target_labels": [
            "0",
            "1",
            "2",
            "3",
            "4",
            "5"
        ],
        "input_features": 74,
        "output_classes": 6,
        "evaluate_time": 0.019834041595458984,
        "inference_time": 0.01983189582824707,
        "test_loss": 0.27592523595741636,
        "accuracy": 0.8722076215505913,
        "precision": 0.8988096880434825,
        "recall": 0.8722076215505913,
        "f1_score": 0.874916990665752,
        "mcc": 0.8440080725993656,
        "confusion_matrix": [
            [
                0.8364978902953587,
                0.08438818565400844,
                0.07911392405063292,
                0.0,
                0.0,
                0.0
            ],
            [
                0.012195121951219513,
                0.8975609756097561,
                0.07560975609756097,
                0.0,
                0.014634146341463415,
                0.0
            ],
            [
                0.020202020202020204,
                0.016835016835016835,
                0.9579124579124579,
                0.0,
                0.005050505050505051,
                0.0
            ],
            [
                0.0,
                0.0,
                0.0,
                1.0,
                0.0,
                0.0
            ],
            [
                0.001697792869269949,
                0.015280135823429542,
                0.266553480475382,
                0.0,
                0.7164685908319185,
                0.0
            ],
            [
                0.0,
                0.0,
                0.0,
                0.0,
                0.0,
                1.0
            ]
        ],
        "confusion_matrix_labels": [
            "0",
            "1",
            "2",
            "3",
            "4",
            "5"
        ],
        "num_test_samples": 3044,
        "round_end_time": 1772052437.5134592,
        "round_time": 0.019834041595458984
    },
    "8": {
        "fit_time": 1.206516981124878,
        "train_loss": 1.4210756717986395,
        "num_train_samples": 12175,
        "model_param_count": 7078,
        "model_size_bytes": 28312,
        "epochs": 5,
        "batch_size": 64,
        "learning_rate": 0.001,
        "round_start_time": 1772052439.4686322,
        "target_labels": [
            "0",
            "1",
            "2",
            "3",
            "4",
            "5"
        ],
        "input_features": 74,
        "output_classes": 6,
        "evaluate_time": 0.023845672607421875,
        "inference_time": 0.023845434188842773,
        "test_loss": 0.2762122025784306,
        "accuracy": 0.8705650459921156,
        "precision": 0.8975897731625953,
        "recall": 0.8705650459921156,
        "f1_score": 0.8732674708381,
        "mcc": 0.8420155707185815,
        "confusion_matrix": [
            [
                0.8354430379746836,
                0.08544303797468354,
                0.07911392405063292,
                0.0,
                0.0,
                0.0
            ],
            [
                0.01951219512195122,
                0.8902439024390244,
                0.07560975609756097,
                0.0,
                0.014634146341463415,
                0.0
            ],
            [
                0.020202020202020204,
                0.016835016835016835,
                0.9595959595959596,
                0.0,
                0.003367003367003367,
                0.0
            ],
            [
                0.0,
                0.0,
                0.0,
                1.0,
                0.0,
                0.0
            ],
            [
                0.0,
                0.01697792869269949,
                0.2699490662139219,
                0.0,
                0.7130730050933786,
                0.0
            ],
            [
                0.0,
                0.0,
                0.0,
                0.0,
                0.0,
                1.0
            ]
        ],
        "confusion_matrix_labels": [
            "0",
            "1",
            "2",
            "3",
            "4",
            "5"
        ],
        "num_test_samples": 3044,
        "round_end_time": 1772052442.176285,
        "round_time": 0.023845672607421875
    },
    "9": {
        "fit_time": 1.2541265487670898,
        "train_loss": 1.411717952232831,
        "num_train_samples": 12175,
        "model_param_count": 7078,
        "model_size_bytes": 28312,
        "epochs": 5,
        "batch_size": 64,
        "learning_rate": 0.001,
        "round_start_time": 1772052442.3856637,
        "target_labels": [
            "0",
            "1",
            "2",
            "3",
            "4",
            "5"
        ],
        "input_features": 74,
        "output_classes": 6,
        "evaluate_time": 0.020879745483398438,
        "inference_time": 0.020878314971923828,
        "test_loss": 0.27223811068531717,
        "accuracy": 0.8722076215505913,
        "precision": 0.8988895977559717,
        "recall": 0.8722076215505913,
        "f1_score": 0.8748943916240284,
        "mcc": 0.8440374644239428,
        "confusion_matrix": [
            [
                0.8375527426160337,
                0.08333333333333333,
                0.07911392405063292,
                0.0,
                0.0,
                0.0
            ],
            [
                0.012195121951219513,
                0.8951219512195122,
                0.07560975609756097,
                0.0,
                0.01707317073170732,
                0.0
            ],
            [
                0.020202020202020204,
                0.016835016835016835,
                0.9595959595959596,
                0.0,
                0.003367003367003367,
                0.0
            ],
            [
                0.0,
                0.0,
                0.0,
                1.0,
                0.0,
                0.0
            ],
            [
                0.001697792869269949,
                0.015280135823429542,
                0.26825127334465193,
                0.0,
                0.7147707979626485,
                0.0
            ],
            [
                0.0,
                0.0,
                0.0,
                0.0,
                0.0,
                1.0
            ]
        ],
        "confusion_matrix_labels": [
            "0",
            "1",
            "2",
            "3",
            "4",
            "5"
        ],
        "num_test_samples": 3044,
        "round_end_time": 1772052446.1424136,
        "round_time": 0.020879745483398438
    },
    "10": {
        "fit_time": 1.2269055843353271,
        "train_loss": 1.4039179449380057,
        "num_train_samples": 12175,
        "model_param_count": 7078,
        "model_size_bytes": 28312,
        "epochs": 5,
        "batch_size": 64,
        "learning_rate": 0.001,
        "round_start_time": 1772052447.9953818,
        "target_labels": [
            "0",
            "1",
            "2",
            "3",
            "4",
            "5"
        ],
        "input_features": 74,
        "output_classes": 6,
        "evaluate_time": 0.026111602783203125,
        "inference_time": 0.026108264923095703,
        "test_loss": 0.27212927558027333,
        "accuracy": 0.8725361366622865,
        "precision": 0.8992466503303357,
        "recall": 0.8725361366622865,
        "f1_score": 0.8752547899420491,
        "mcc": 0.8444616808825185,
        "confusion_matrix": [
            [
                0.8364978902953587,
                0.08438818565400844,
                0.07911392405063292,
                0.0,
                0.0,
                0.0
            ],
            [
                0.00975609756097561,
                0.9,
                0.07560975609756097,
                0.0,
                0.014634146341463415,
                0.0
            ],
            [
                0.020202020202020204,
                0.016835016835016835,
                0.9579124579124579,
                0.0,
                0.005050505050505051,
                0.0
            ],
            [
                0.0,
                0.0,
                0.0,
                1.0,
                0.0,
                0.0
            ],
            [
                0.001697792869269949,
                0.015280135823429542,
                0.266553480475382,
                0.0,
                0.7164685908319185,
                0.0
            ],
            [
                0.0,
                0.0,
                0.0,
                0.0,
                0.0,
                1.0
            ]
        ],
        "confusion_matrix_labels": [
            "0",
            "1",
            "2",
            "3",
            "4",
            "5"
        ],
        "num_test_samples": 3044,
        "round_end_time": 1772052450.4277115,
        "round_time": 0.026111602783203125
    },
    "11": {
        "fit_time": 1.6003899574279785,
        "train_loss": 1.3924404312636574,
        "num_train_samples": 12175,
        "model_param_count": 7078,
        "model_size_bytes": 28312,
        "epochs": 5,
        "batch_size": 64,
        "learning_rate": 0.001,
        "round_start_time": 1772052452.951251,
        "target_labels": [
            "0",
            "1",
            "2",
            "3",
            "4",
            "5"
        ],
        "input_features": 74,
        "output_classes": 6,
        "evaluate_time": 0.018486499786376953,
        "inference_time": 0.018485069274902344,
        "test_loss": 0.2721395348828976,
        "accuracy": 0.8679369250985546,
        "precision": 0.8903612119940663,
        "recall": 0.8679369250985546,
        "f1_score": 0.8700443160151605,
        "mcc": 0.8371251110193376,
        "confusion_matrix": [
            [
                0.8586497890295358,
                0.06223628691983123,
                0.07911392405063292,
                0.0,
                0.0,
                0.0
            ],
            [
                0.08780487804878048,
                0.8195121951219512,
                0.07560975609756097,
                0.0,
                0.01707317073170732,
                0.0
            ],
            [
                0.020202020202020204,
                0.016835016835016835,
                0.9579124579124579,
                0.0,
                0.005050505050505051,
                0.0
            ],
            [
                0.0,
                0.0,
                0.0,
                1.0,
                0.0,
                0.0
            ],
            [
                0.003395585738539898,
                0.013582342954159592,
                0.2699490662139219,
                0.0,
                0.7130730050933786,
                0.0
            ],
            [
                0.0,
                0.0,
                0.0,
                0.0,
                0.0,
                1.0
            ]
        ],
        "confusion_matrix_labels": [
            "0",
            "1",
            "2",
            "3",
            "4",
            "5"
        ],
        "num_test_samples": 3044,
        "round_end_time": 1772052455.9220076,
        "round_time": 0.018486499786376953
    },
    "12": {
        "fit_time": 1.1956732273101807,
        "train_loss": 1.383420133852616,
        "num_train_samples": 12175,
        "model_param_count": 7078,
        "model_size_bytes": 28312,
        "epochs": 5,
        "batch_size": 64,
        "learning_rate": 0.001,
        "round_start_time": 1772052456.1406314,
        "target_labels": [
            "0",
            "1",
            "2",
            "3",
            "4",
            "5"
        ],
        "input_features": 74,
        "output_classes": 6,
        "evaluate_time": 0.02741098403930664,
        "inference_time": 0.02740955352783203,
        "test_loss": 0.2722673604898791,
        "accuracy": 0.8718791064388962,
        "precision": 0.898988024559922,
        "recall": 0.8718791064388962,
        "f1_score": 0.8745681776593837,
        "mcc": 0.8437449312594221,
        "confusion_matrix": [
            [
                0.8375527426160337,
                0.08333333333333333,
                0.07911392405063292,
                0.0,
                0.0,
                0.0
            ],
            [
                0.00975609756097561,
                0.8975609756097561,
                0.07560975609756097,
                0.0,
                0.01707317073170732,
                0.0
            ],
            [
                0.020202020202020204,
                0.016835016835016835,
                0.9595959595959596,
                0.0,
                0.003367003367003367,
                0.0
            ],
            [
                0.0,
                0.0,
                0.0,
                1.0,
                0.0,
                0.0
            ],
            [
                0.001697792869269949,
                0.015280135823429542,
                0.27164685908319186,
                0.0,
                0.7113752122241087,
                0.0
            ],
            [
                0.0,
                0.0,
                0.0,
                0.0,
                0.0,
                1.0
            ]
        ],
        "confusion_matrix_labels": [
            "0",
            "1",
            "2",
            "3",
            "4",
            "5"
        ],
        "num_test_samples": 3044,
        "round_end_time": 1772052459.9663265,
        "round_time": 0.02741098403930664
    },
    "13": {
        "fit_time": 1.275787591934204,
        "train_loss": 1.373925954043498,
        "num_train_samples": 12175,
        "model_param_count": 7078,
        "model_size_bytes": 28312,
        "epochs": 5,
        "batch_size": 64,
        "learning_rate": 0.001,
        "round_start_time": 1772052460.475974,
        "target_labels": [
            "0",
            "1",
            "2",
            "3",
            "4",
            "5"
        ],
        "input_features": 74,
        "output_classes": 6,
        "evaluate_time": 0.02184128761291504,
        "inference_time": 0.021840333938598633,
        "test_loss": 0.26832363168059137,
        "accuracy": 0.8725361366622865,
        "precision": 0.898982908868843,
        "recall": 0.8725361366622865,
        "f1_score": 0.8752433141053203,
        "mcc": 0.8443987028929006,
        "confusion_matrix": [
            [
                0.8375527426160337,
                0.08333333333333333,
                0.07911392405063292,
                0.0,
                0.0,
                0.0
            ],
            [
                0.00975609756097561,
                0.8975609756097561,
                0.07560975609756097,
                0.0,
                0.01707317073170732,
                0.0
            ],
            [
                0.020202020202020204,
                0.016835016835016835,
                0.9579124579124579,
                0.0,
                0.005050505050505051,
                0.0
            ],
            [
                0.0,
                0.0,
                0.0,
                1.0,
                0.0,
                0.0
            ],
            [
                0.001697792869269949,
                0.015280135823429542,
                0.266553480475382,
                0.0,
                0.7164685908319185,
                0.0
            ],
            [
                0.0,
                0.0,
                0.0,
                0.0,
                0.0,
                1.0
            ]
        ],
        "confusion_matrix_labels": [
            "0",
            "1",
            "2",
            "3",
            "4",
            "5"
        ],
        "num_test_samples": 3044,
        "round_end_time": 1772052464.5066817,
        "round_time": 0.02184128761291504
    },
    "14": {
        "fit_time": 1.2423505783081055,
        "train_loss": 1.361700008657189,
        "num_train_samples": 12175,
        "model_param_count": 7078,
        "model_size_bytes": 28312,
        "epochs": 5,
        "batch_size": 64,
        "learning_rate": 0.001,
        "round_start_time": 1772052466.2458415,
        "target_labels": [
            "0",
            "1",
            "2",
            "3",
            "4",
            "5"
        ],
        "input_features": 74,
        "output_classes": 6,
        "evaluate_time": 0.021440505981445312,
        "inference_time": 0.021439552307128906,
        "test_loss": 0.2695822170231878,
        "accuracy": 0.871550591327201,
        "precision": 0.898511199996703,
        "recall": 0.871550591327201,
        "f1_score": 0.8741948625002025,
        "mcc": 0.8432335872856576,
        "confusion_matrix": [
            [
                0.8386075949367089,
                0.08227848101265822,
                0.07911392405063292,
                0.0,
                0.0,
                0.0
            ],
            [
                0.01951219512195122,
                0.8902439024390244,
                0.07560975609756097,
                0.0,
                0.014634146341463415,
                0.0
            ],
            [
                0.020202020202020204,
                0.016835016835016835,
                0.9612794612794613,
                0.0,
                0.0016835016835016834,
                0.0
            ],
            [
                0.0,
                0.0,
                0.0,
                1.0,
                0.0,
                0.0
            ],
            [
                0.001697792869269949,
                0.015280135823429542,
                0.27164685908319186,
                0.0,
                0.7113752122241087,
                0.0
            ],
            [
                0.0,
                0.0,
                0.0,
                0.0,
                0.0,
                1.0
            ]
        ],
        "confusion_matrix_labels": [
            "0",
            "1",
            "2",
            "3",
            "4",
            "5"
        ],
        "num_test_samples": 3044,
        "round_end_time": 1772052468.8174746,
        "round_time": 0.021440505981445312
    },
    "15": {
        "fit_time": 1.4770677089691162,
        "train_loss": 1.3492203184172848,
        "num_train_samples": 12175,
        "model_param_count": 7078,
        "model_size_bytes": 28312,
        "epochs": 5,
        "batch_size": 64,
        "learning_rate": 0.001,
        "round_start_time": 1772052469.1354716,
        "target_labels": [
            "0",
            "1",
            "2",
            "3",
            "4",
            "5"
        ],
        "input_features": 74,
        "output_classes": 6,
        "evaluate_time": 0.018613576889038086,
        "inference_time": 0.018613100051879883,
        "test_loss": 0.2698367278185843,
        "accuracy": 0.8722076215505913,
        "precision": 0.8991432464837895,
        "recall": 0.8722076215505913,
        "f1_score": 0.8749144080578842,
        "mcc": 0.8441003458225538,
        "confusion_matrix": [
            [
                0.8375527426160337,
                0.08333333333333333,
                0.07911392405063292,
                0.0,
                0.0,
                0.0
            ],
            [
                0.00975609756097561,
                0.9,
                0.07560975609756097,
                0.0,
                0.014634146341463415,
                0.0
            ],
            [
                0.020202020202020204,
                0.016835016835016835,
                0.9579124579124579,
                0.0,
                0.005050505050505051,
                0.0
            ],
            [
                0.0,
                0.0,
                0.0,
                1.0,
                0.0,
                0.0
            ],
            [
                0.001697792869269949,
                0.015280135823429542,
                0.2699490662139219,
                0.0,
                0.7130730050933786,
                0.0
            ],
            [
                0.0,
                0.0,
                0.0,
                0.0,
                0.0,
                1.0
            ]
        ],
        "confusion_matrix_labels": [
            "0",
            "1",
            "2",
            "3",
            "4",
            "5"
        ],
        "num_test_samples": 3044,
        "round_end_time": 1772052473.3669589,
        "round_time": 0.018613576889038086
    },
    "16": {
        "fit_time": 0.9358489513397217,
        "train_loss": 1.3460182018544395,
        "num_train_samples": 12175,
        "model_param_count": 7078,
        "model_size_bytes": 28312,
        "epochs": 5,
        "batch_size": 64,
        "learning_rate": 0.001,
        "round_start_time": 1772052476.4347878,
        "target_labels": [
            "0",
            "1",
            "2",
            "3",
            "4",
            "5"
        ],
        "input_features": 74,
        "output_classes": 6,
        "evaluate_time": 0.01751255989074707,
        "inference_time": 0.017511844635009766,
        "test_loss": 0.26882316250447064,
        "accuracy": 0.8725361366622865,
        "precision": 0.8991343103029223,
        "recall": 0.8725361366622865,
        "f1_score": 0.8753019667597368,
        "mcc": 0.8444384794815737,
        "confusion_matrix": [
            [
                0.8364978902953587,
                0.08438818565400844,
                0.07911392405063292,
                0.0,
                0.0,
                0.0
            ],
            [
                0.00975609756097561,
                0.8975609756097561,
                0.07560975609756097,
                0.0,
                0.01707317073170732,
                0.0
            ],
            [
                0.020202020202020204,
                0.016835016835016835,
                0.9579124579124579,
                0.0,
                0.005050505050505051,
                0.0
            ],
            [
                0.0,
                0.0,
                0.0,
                1.0,
                0.0,
                0.0
            ],
            [
                0.0,
                0.015280135823429542,
                0.266553480475382,
                0.0,
                0.7181663837011885,
                0.0
            ],
            [
                0.0,
                0.0,
                0.0,
                0.0,
                0.0,
                1.0
            ]
        ],
        "confusion_matrix_labels": [
            "0",
            "1",
            "2",
            "3",
            "4",
            "5"
        ],
        "num_test_samples": 3044,
        "round_end_time": 1772052477.933459,
        "round_time": 0.01751255989074707
    },
    "17": {
        "fit_time": 1.2230520248413086,
        "train_loss": 1.3381676967432856,
        "num_train_samples": 12175,
        "model_param_count": 7078,
        "model_size_bytes": 28312,
        "epochs": 5,
        "batch_size": 64,
        "learning_rate": 0.001,
        "round_start_time": 1772052478.1514797,
        "target_labels": [
            "0",
            "1",
            "2",
            "3",
            "4",
            "5"
        ],
        "input_features": 74,
        "output_classes": 6,
        "evaluate_time": 0.024840354919433594,
        "inference_time": 0.02483963966369629,
        "test_loss": 0.2714605866766164,
        "accuracy": 0.8748357424441524,
        "precision": 0.9007855491618798,
        "recall": 0.8748357424441524,
        "f1_score": 0.877606541490242,
        "mcc": 0.8471522701306267,
        "confusion_matrix": [
            [
                0.8386075949367089,
                0.08227848101265822,
                0.07911392405063292,
                0.0,
                0.0,
                0.0
            ],
            [
                0.00975609756097561,
                0.9,
                0.07560975609756097,
                0.0,
                0.014634146341463415,
                0.0
            ],
            [
                0.020202020202020204,
                0.016835016835016835,
                0.9579124579124579,
                0.0,
                0.005050505050505051,
                0.0
            ],
            [
                0.0,
                0.0,
                0.0,
                1.0,
                0.0,
                0.0
            ],
            [
                0.0,
                0.015280135823429542,
                0.2597623089983022,
                0.0,
                0.7249575551782682,
                0.0
            ],
            [
                0.0,
                0.0,
                0.0,
                0.0,
                0.0,
                1.0
            ]
        ],
        "confusion_matrix_labels": [
            "0",
            "1",
            "2",
            "3",
            "4",
            "5"
        ],
        "num_test_samples": 3044,
        "round_end_time": 1772052482.2448401,
        "round_time": 0.024840354919433594
    },
    "18": {
        "fit_time": 1.2630062103271484,
        "train_loss": 1.33222572426348,
        "num_train_samples": 12175,
        "model_param_count": 7078,
        "model_size_bytes": 28312,
        "epochs": 5,
        "batch_size": 64,
        "learning_rate": 0.001,
        "round_start_time": 1772052484.4006116,
        "target_labels": [
            "0",
            "1",
            "2",
            "3",
            "4",
            "5"
