{
    "0": {
        "trees_by_client": 10,
        "first_server_serialise_trees_size": 9443,
        "fit_time": 0.05393695831298828,
        "client_serialise_trees_size": 190803,
        "final_server_serialise_trees_size": 1008920,
        "f1_score": 0.9725853205161537,
        "mcc": 0.9597514444635452,
        "accuracy": 0.9681340341655716,
        "precision": 0.9754769027064132,
        "recall": 0.9715260251648674,
        "confusion_matrix": [
            [
                0.9905857740585774,
                0.0,
                0.009414225941422594,
                0.0,
                0.0,
                0.0
            ],
            [
                0.015,
                0.9625,
                0.02,
                0.0,
                0.0025,
                0.0
            ],
            [
                0.014900662251655629,
                0.0,
                0.9850993377483444,
                0.0,
                0.0,
                0.0
            ],
            [
                0.0,
                0.0,
                0.0,
                1.0,
                0.0,
                0.0
            ],
            [
                0.0,
                0.013628620102214651,
                0.09540034071550256,
                0.0,
                0.8909710391822828,
                0.0
            ],
            [
                0.0,
                0.0,
                0.0,
                0.0,
                0.0,
                1.0
            ]
        ],
        "confusion_matrix_labels": [
            "DoS/DDoS",
            "Info_Gathering",
            "Injection",
            "MITM",
            "Malware",
            "Normal"
        ],
        "round_time": 7.017263412475586,
        "round_start_time": 1764807400.0520277,
        "round_end_time": 1764807407.069291,
        "evaluate_time": 0.2336289882659912,
        "inference_time": 0.013916254043579102
    },
    "1": {
        "trees_by_client": 20,
        "first_server_serialise_trees_size": 9569,
        "fit_time": 0.17719388008117676,
        "client_serialise_trees_size": 383220,
        "final_server_serialise_trees_size": 1958004,
        "f1_score": 0.9726766550998208,
        "mcc": 0.9597627319005525,
        "accuracy": 0.9681340341655716,
        "precision": 0.9754318076974515,
        "recall": 0.9717683543141004,
        "confusion_matrix": [
            [
                0.9895397489539749,
                0.0,
                0.010460251046025104,
                0.0,
                0.0,
                0.0
            ],
            [
                0.0125,
                0.965,
                0.02,
                0.0,
                0.0025,
                0.0
            ],
            [
                0.014900662251655629,
                0.0,
                0.9850993377483444,
                0.0,
                0.0,
                0.0
            ],
            [
                0.0,
                0.0,
                0.0,
                1.0,
                0.0,
                0.0
            ],
            [
                0.0,
                0.013628620102214651,
                0.09540034071550256,
                0.0,
                0.8909710391822828,
                0.0
            ],
            [
                0.0,
                0.0,
                0.0,
                0.0,
                0.0,
                1.0
            ]
        ],
        "confusion_matrix_labels": [
            "DoS/DDoS",
            "Info_Gathering",
            "Injection",
            "MITM",
            "Malware",
            "Normal"
        ],
        "round_time": 3.0466973781585693,
        "round_start_time": 1764807425.0309033,
        "round_end_time": 1764807428.0776007,
        "evaluate_time": 0.1322011947631836,
        "inference_time": 0.010226249694824219
    },
    "2": {
        "trees_by_client": 30,
        "first_server_serialise_trees_size": 18985,
        "fit_time": 0.21515798568725586,
        "client_serialise_trees_size": 576742,
        "final_server_serialise_trees_size": 2968095,
        "f1_score": 0.9731689770715191,
        "mcc": 0.9605451181215111,
        "accuracy": 0.9687910643889619,
        "precision": 0.9757608815994353,
        "recall": 0.9722346128126143,
        "confusion_matrix": [
            [
                0.9905857740585774,
                0.0,
                0.009414225941422594,
                0.0,
                0.0,
                0.0
            ],
            [
                0.0125,
                0.965,
                0.02,
                0.0,
                0.0025,
                0.0
            ],
            [
                0.014900662251655629,
                0.0,
                0.9834437086092715,
                0.0,
                0.0016556291390728477,
                0.0
            ],
            [
                0.0,
                0.0,
                0.0,
                1.0,
                0.0,
                0.0
            ],
            [
                0.0,
                0.013628620102214651,
                0.0919931856899489,
                0.0,
                0.8943781942078365,
                0.0
            ],
            [
                0.0,
                0.0,
                0.0,
                0.0,
                0.0,
                1.0
            ]
        ],
        "confusion_matrix_labels": [
            "DoS/DDoS",
            "Info_Gathering",
            "Injection",
            "MITM",
            "Malware",
            "Normal"
        ],
        "round_time": 4.3969316482543945,
        "round_start_time": 1764807443.342648,
        "round_end_time": 1764807447.7395797,
        "evaluate_time": 0.29332995414733887,
        "inference_time": 0.023302793502807617
    },
    "3": {
        "trees_by_client": 40,
        "first_server_serialise_trees_size": 28176,
        "fit_time": 0.32932329177856445,
        "client_serialise_trees_size": 749102,
        "final_server_serialise_trees_size": 3915415,
        "f1_score": 0.9734292690505334,
        "mcc": 0.9609330187621631,
        "accuracy": 0.9691195795006571,
        "precision": 0.9760330222973771,
        "recall": 0.9723858053168732,
        "confusion_matrix": [
            [
                0.9905857740585774,
                0.0,
                0.009414225941422594,
                0.0,
                0.0,
                0.0
            ],
            [
                0.015,
                0.9625,
                0.02,
                0.0,
                0.0025,
                0.0
            ],
            [
                0.014900662251655629,
                0.0,
                0.9834437086092715,
                0.0,
                0.0016556291390728477,
                0.0
            ],
            [
                0.0,
                0.0,
                0.0,
                1.0,
                0.0,
                0.0
            ],
            [
                0.0,
                0.013628620102214651,
                0.08858603066439523,
                0.0,
                0.8977853492333902,
                0.0
            ],
            [
                0.0,
                0.0,
                0.0,
                0.0,
                0.0,
                1.0
            ]
        ],
        "confusion_matrix_labels": [
            "DoS/DDoS",
            "Info_Gathering",
            "Injection",
            "MITM",
            "Malware",
            "Normal"
        ],
        "round_time": 5.863184928894043,
        "round_start_time": 1764807463.0275018,
        "round_end_time": 1764807468.8906868,
        "evaluate_time": 0.14214849472045898,
        "inference_time": 0.013536691665649414
    },
    "4": {
        "trees_by_client": 50,
        "first_server_serialise_trees_size": 37782,
        "fit_time": 0.3296079635620117,
        "client_serialise_trees_size": 965630,
        "final_server_serialise_trees_size": 4906528,
        "f1_score": 0.9715316367942507,
        "mcc": 0.9580952674931961,
        "accuracy": 0.966819973718791,
        "precision": 0.9744630162348847,
        "recall": 0.9705078902866626,
        "confusion_matrix": [
            [
                0.9895397489539749,
                0.0,
                0.010460251046025104,
                0.0,
                0.0,
                0.0
            ],
            [
                0.015,
                0.9625,
                0.02,
                0.0,
                0.0025,
                0.0
            ],
            [
                0.014900662251655629,
                0.0,
                0.9834437086092715,
                0.0,
                0.0016556291390728477,
                0.0
            ],
            [
                0.0,
                0.0,
                0.0,
                1.0,
                0.0,
                0.0
            ],
            [
                0.0,
                0.013628620102214651,
                0.09880749574105621,
                0.0,
                0.8875638841567292,
                0.0
            ],
            [
                0.0,
                0.0,
                0.0,
                0.0,
                0.0,
                1.0
            ]
        ],
        "confusion_matrix_labels": [
            "DoS/DDoS",
            "Info_Gathering",
            "Injection",
            "MITM",
            "Malware",
            "Normal"
        ],
        "round_time": 5.296370267868042,
        "round_start_time": 1764807483.9868603,
        "round_end_time": 1764807489.2832305,
        "evaluate_time": 0.3493175506591797,
        "inference_time": 0.04454541206359863
    },
    "5": {
        "trees_by_client": 60,
        "first_server_serialise_trees_size": 47362,
        "fit_time": 0.6701009273529053,
        "client_serialise_trees_size": 1157233,
        "final_server_serialise_trees_size": 5831340,
        "f1_score": 0.9721147764453412,
        "mcc": 0.9589213365504164,
        "accuracy": 0.9674770039421814,
        "precision": 0.9748646134878721,
        "recall": 0.9712084865387921,
        "confusion_matrix": [
            [
                0.9895397489539749,
                0.0,
                0.010460251046025104,
                0.0,
                0.0,
                0.0
            ],
            [
                0.0125,
                0.965,
                0.02,
                0.0,
                0.0025,
                0.0
            ],
            [
                0.014900662251655629,
                0.0,
                0.9834437086092715,
                0.0,
                0.0016556291390728477,
                0.0
            ],
            [
                0.0,
                0.0,
                0.0,
                1.0,
                0.0,
                0.0
            ],
            [
                0.0,
                0.013628620102214651,
                0.09710391822827939,
                0.0,
                0.889267461669506,
                0.0
            ],
            [
                0.0,
                0.0,
                0.0,
                0.0,
                0.0,
                1.0
            ]
        ],
        "confusion_matrix_labels": [
            "DoS/DDoS",
            "Info_Gathering",
            "Injection",
            "MITM",
            "Malware",
            "Normal"
        ],
        "round_time": 6.638567686080933,
        "round_start_time": 1764807504.534654,
        "round_end_time": 1764807511.1732216,
        "evaluate_time": 0.2568075656890869,
        "inference_time": 0.02305316925048828
    },
    "6": {
        "trees_by_client": 70,
        "first_server_serialise_trees_size": 56173,
        "fit_time": 0.7847325801849365,
        "client_serialise_trees_size": 1338229,
        "final_server_serialise_trees_size": 6855329,
        "f1_score": 0.972093580213337,
        "mcc": 0.9589367458569041,
        "accuracy": 0.9674770039421814,
        "precision": 0.9750304467686405,
        "recall": 0.9710677580619708,
        "confusion_matrix": [
            [
                0.9895397489539749,
                0.0,
                0.010460251046025104,
                0.0,
                0.0,
                0.0
            ],
            [
                0.015,
                0.9625,
                0.02,
                0.0,
                0.0025,
                0.0
            ],
            [
                0.014900662251655629,
                0.0,
                0.9850993377483444,
                0.0,
                0.0,
                0.0
            ],
            [
                0.0,
                0.0,
                0.0,
                1.0,
                0.0,
                0.0
            ],
            [
                0.0,
                0.013628620102214651,
                0.09710391822827939,
                0.0,
                0.889267461669506,
                0.0
            ],
            [
                0.0,
                0.0,
                0.0,
                0.0,
                0.0,
                1.0
            ]
        ],
        "confusion_matrix_labels": [
            "DoS/DDoS",
            "Info_Gathering",
            "Injection",
            "MITM",
            "Malware",
            "Normal"
        ],
        "round_time": 7.39679479598999,
        "round_start_time": 1764807526.3476737,
        "round_end_time": 1764807533.7444685,
        "evaluate_time": 0.4182596206665039,
        "inference_time": 0.05966901779174805
    },
    "7": {
        "trees_by_client": 80,
        "first_server_serialise_trees_size": 66130,
        "fit_time": 0.5797333717346191,
        "client_serialise_trees_size": 1551983,
        "final_server_serialise_trees_size": 7767179,
        "f1_score": 0.9740599655927076,
        "mcc": 0.9617377870772221,
        "accuracy": 0.9697766097240473,
        "precision": 0.9764856755230816,
        "recall": 0.9730632565558279,
        "confusion_matrix": [
            [
                0.9895397489539749,
                0.0,
                0.010460251046025104,
                0.0,
                0.0,
                0.0
            ],
            [
                0.015,
                0.9625,
                0.02,
                0.0,
                0.0025,
                0.0
            ],
            [
                0.014900662251655629,
                0.0,
                0.9834437086092715,
                0.0,
                0.0016556291390728477,
                0.0
            ],
            [
                0.0,
                0.0,
                0.0,
                1.0,
                0.0,
                0.0
            ],
            [
                0.0,
                0.013628620102214651,
                0.08347529812606473,
                0.0,
                0.9028960817717206,
                0.0
            ],
            [
                0.0,
                0.0,
                0.0,
                0.0,
                0.0,
                1.0
            ]
        ],
        "confusion_matrix_labels": [
            "DoS/DDoS",
            "Info_Gathering",
            "Injection",
            "MITM",
            "Malware",
            "Normal"
        ],
        "round_time": 8.46976351737976,
        "round_start_time": 1764807548.973455,
        "round_end_time": 1764807557.4432185,
        "evaluate_time": 0.49901652336120605,
        "inference_time": 0.06347441673278809
    },
    "8": {
        "trees_by_client": 90,
        "first_server_serialise_trees_size": 75661,
        "fit_time": 0.7578620910644531,
        "client_serialise_trees_size": 1720456,
        "final_server_serialise_trees_size": 8827254,
        "f1_score": 0.9718122586515826,
        "mcc": 0.9585332884836187,
        "accuracy": 0.9671484888304862,
        "precision": 0.9748092551335356,
        "recall": 0.9707838284765081,
        "confusion_matrix": [
            [
                0.9895397489539749,
                0.0,
                0.010460251046025104,
                0.0,
                0.0,
                0.0
            ],
            [
                0.015,
                0.9625,
                0.02,
                0.0,
                0.0025,
                0.0
            ],
            [
                0.014900662251655629,
                0.0,
                0.9850993377483444,
                0.0,
                0.0,
                0.0
            ],
            [
                0.0,
                0.0,
                0.0,
                1.0,
                0.0,
                0.0
            ],
            [
                0.0,
                0.013628620102214651,
                0.09880749574105621,
                0.0,
                0.8875638841567292,
                0.0
            ],
            [
                0.0,
                0.0,
                0.0,
                0.0,
                0.0,
                1.0
            ]
        ],
        "confusion_matrix_labels": [
            "DoS/DDoS",
            "Info_Gathering",
            "Injection",
            "MITM",
            "Malware",
            "Normal"
        ],
        "round_time": 8.595833539962769,
        "round_start_time": 1764807572.661013,
        "round_end_time": 1764807581.2568464,
        "evaluate_time": 0.2853677272796631,
        "inference_time": 0.0454716682434082
    },
    "9": {
        "trees_by_client": 100,
        "first_server_serialise_trees_size": 85124,
        "fit_time": 0.7438099384307861,
        "client_serialise_trees_size": 1898617,
        "final_server_serialise_trees_size": 9768733,
        "f1_score": 0.9740814098264257,
        "mcc": 0.9617848247674994,
        "accuracy": 0.9697766097240473,
        "precision": 0.9765510127199839,
        "recall": 0.9731880022414144,
        "confusion_matrix": [
            [
                0.9895397489539749,
                0.0,
                0.010460251046025104,
                0.0,
                0.0,
                0.0
            ],
            [
                0.0125,
                0.965,
                0.02,
                0.0,
                0.0025,
                0.0
            ],
            [
                0.014900662251655629,
                0.0,
                0.9850993377483444,
                0.0,
                0.0,
                0.0
            ],
            [
                0.0,
                0.0,
                0.0,
                1.0,
                0.0,
                0.0
            ],
            [
                0.0,
                0.013628620102214651,
                0.0868824531516184,
                0.0,
                0.899488926746167,
                0.0
            ],
            [
                0.0,
                0.0,
                0.0,
                0.0,
                0.0,
                1.0
            ]
        ],
        "confusion_matrix_labels": [
            "DoS/DDoS",
            "Info_Gathering",
            "Injection",
            "MITM",
            "Malware",
            "Normal"
        ],
        "round_time": 10.168479204177856,
        "round_start_time": 1764807596.5395625,
        "round_end_time": 1764807606.7080417,
        "evaluate_time": 0.5809218883514404,
        "inference_time": 0.0767364501953125
    },
    "10": {
        "trees_by_client": 110,
        "first_server_serialise_trees_size": 94537,
        "fit_time": 1.0661094188690186,
        "client_serialise_trees_size": 2097236,
        "final_server_serialise_trees_size": 10828391,
        "f1_score": 0.9729580896503766,
        "mcc": 0.9601338901298992,
        "accuracy": 0.9684625492772667,
        "precision": 0.9755348206028297,
        "recall": 0.9720602752951805,
        "confusion_matrix": [
            [
                0.9895397489539749,
                0.0,
                0.010460251046025104,
                0.0,
                0.0,
                0.0
            ],
            [
                0.0125,
                0.965,
                0.02,
                0.0,
                0.0025,
                0.0
            ],
            [
                0.014900662251655629,
                0.0,
                0.9834437086092715,
                0.0,
                0.0016556291390728477,
                0.0
            ],
            [
                0.0,
                0.0,
                0.0,
                1.0,
                0.0,
                0.0
            ],
            [
                0.0,
                0.013628620102214651,
                0.0919931856899489,
                0.0,
                0.8943781942078365,
                0.0
            ],
            [
                0.0,
                0.0,
                0.0,
                0.0,
                0.0,
                1.0
            ]
        ],
        "confusion_matrix_labels": [
            "DoS/DDoS",
            "Info_Gathering",
            "Injection",
            "MITM",
            "Malware",
            "Normal"
        ],
        "round_time": 11.121275186538696,
        "round_start_time": 1764807621.992493,
        "round_end_time": 1764807633.113768,
        "evaluate_time": 0.4761333465576172,
        "inference_time": 0.060355424880981445
    },
    "11": {
        "trees_by_client": 120,
        "first_server_serialise_trees_size": 104110,
        "fit_time": 1.1240909099578857,
        "client_serialise_trees_size": 2326998,
        "final_server_serialise_trees_size": 11707382,
        "f1_score": 0.9726770775884436,
        "mcc": 0.9597294555674492,
        "accuracy": 0.9681340341655716,
        "precision": 0.9753107565681013,
        "recall": 0.9717763457097176,
        "confusion_matrix": [
            [
                0.9895397489539749,
                0.0,
                0.010460251046025104,
                0.0,
                0.0,
                0.0
            ],
            [
                0.0125,
                0.965,
                0.02,
                0.0,
                0.0025,
                0.0
            ],
            [
                0.014900662251655629,
                0.0,
                0.9834437086092715,
                0.0,
                0.0016556291390728477,
                0.0
            ],
            [
                0.0,
                0.0,
                0.0,
                1.0,
                0.0,
                0.0
            ],
            [
                0.0,
                0.013628620102214651,
                0.09369676320272573,
                0.0,
                0.8926746166950597,
                0.0
            ],
            [
                0.0,
                0.0,
                0.0,
                0.0,
                0.0,
                1.0
            ]
        ],
        "confusion_matrix_labels": [
            "DoS/DDoS",
            "Info_Gathering",
            "Injection",
            "MITM",
            "Malware",
            "Normal"
        ],
        "round_time": 11.704939842224121,
        "round_start_time": 1764807648.3744903,
        "round_end_time": 1764807660.07943,
        "evaluate_time": 0.40631890296936035,
        "inference_time": 0.0441286563873291
    },
    "12": {
        "trees_by_client": 130,
        "first_server_serialise_trees_size": 113578,
        "fit_time": 1.3211147785186768,
        "client_serialise_trees_size": 2575221,
        "final_server_serialise_trees_size": 12912000,
        "f1_score": 0.9726562415289068,
        "mcc": 0.9597116604059578,
        "accuracy": 0.9681340341655716,
        "precision": 0.9753553084144394,
        "recall": 0.9716436086285137,
        "confusion_matrix": [
            [
                0.9895397489539749,
                0.0,
                0.010460251046025104,
                0.0,
                0.0,
                0.0
            ],
            [
                0.015,
                0.9625,
                0.02,
                0.0,
                0.0025,
                0.0
            ],
            [
                0.014900662251655629,
                0.0,
                0.9834437086092715,
                0.0,
                0.0016556291390728477,
                0.0
            ],
            [
                0.0,
                0.0,
                0.0,
                1.0,
                0.0,
                0.0
            ],
            [
                0.0,
                0.013628620102214651,
                0.0919931856899489,
                0.0,
                0.8943781942078365,
                0.0
            ],
            [
                0.0,
                0.0,
                0.0,
                0.0,
                0.0,
                1.0
            ]
        ],
        "confusion_matrix_labels": [
            "DoS/DDoS",
            "Info_Gathering",
            "Injection",
            "MITM",
            "Malware",
            "Normal"
        ],
        "round_time": 12.726397514343262,
        "round_start_time": 1764807675.2916536,
        "round_end_time": 1764807688.0180511,
        "evaluate_time": 0.6546659469604492,
        "inference_time": 0.10949945449829102
    },
    "13": {
        "trees_by_client": 140,
        "first_server_serialise_trees_size": 123405,
        "fit_time": 1.092712163925171,
        "client_serialise_trees_size": 2704759,
        "final_server_serialise_trees_size": 13706284,
        "f1_score": 0.9737793948827292,
        "mcc": 0.9613320591681048,
        "accuracy": 0.9694480946123522,
        "precision": 0.976258252238838,
        "recall": 0.9727793269703651,
        "confusion_matrix": [
            [
                0.9895397489539749,
                0.0,
                0.010460251046025104,
                0.0,
                0.0,
                0.0
            ],
            [
                0.015,
                0.9625,
                0.02,
                0.0,
                0.0025,
                0.0
            ],
            [
                0.014900662251655629,
                0.0,
                0.9834437086092715,
                0.0,
                0.0016556291390728477,
                0.0
            ],
            [
                0.0,
                0.0,
                0.0,
                1.0,
                0.0,
                0.0
            ],
            [
                0.0,
                0.013628620102214651,
                0.08517887563884156,
                0.0,
                0.9011925042589438,
                0.0
            ],
            [
                0.0,
                0.0,
                0.0,
                0.0,
                0.0,
                1.0
            ]
        ],
        "confusion_matrix_labels": [
            "DoS/DDoS",
            "Info_Gathering",
            "Injection",
            "MITM",
            "Malware",
            "Normal"
        ],
        "round_time": 12.009867668151855,
        "round_start_time": 1764807703.2334664,
        "round_end_time": 1764807715.243334,
        "evaluate_time": 0.5831325054168701,
        "inference_time": 0.07854914665222168
    },
    "14": {
        "trees_by_client": 150,
        "first_server_serialise_trees_size": 132878,
        "fit_time": 1.3238272666931152,
        "client_serialise_trees_size": 2874799,
        "final_server_serialise_trees_size": 14757245,
        "f1_score": 0.9726770775884436,
        "mcc": 0.9597294555674492,
        "accuracy": 0.9681340341655716,
        "precision": 0.9753107565681013,
        "recall": 0.9717763457097176,
        "confusion_matrix": [
            [
                0.9895397489539749,
                0.0,
                0.010460251046025104,
                0.0,
                0.0,
                0.0
            ],
            [
                0.0125,
                0.965,
                0.02,
                0.0,
                0.0025,
                0.0
            ],
            [
                0.014900662251655629,
                0.0,
                0.9834437086092715,
                0.0,
                0.0016556291390728477,
                0.0
            ],
            [
                0.0,
                0.0,
                0.0,
                1.0,
                0.0,
                0.0
            ],
            [
                0.0,
                0.013628620102214651,
                0.09369676320272573,
                0.0,
                0.8926746166950597,
                0.0
            ],
            [
                0.0,
                0.0,
                0.0,
                0.0,
                0.0,
                1.0
            ]
        ],
        "confusion_matrix_labels": [
            "DoS/DDoS",
            "Info_Gathering",
            "Injection",
            "MITM",
            "Malware",
            "Normal"
        ],
        "round_time": 12.94583797454834,
        "round_start_time": 1764807730.4604485,
        "round_end_time": 1764807743.4062865,
        "evaluate_time": 0.582141637802124,
        "inference_time": 0.09540510177612305
    },
    "15": {
        "trees_by_client": 160,
        "first_server_serialise_trees_size": 141372,
        "fit_time": 1.1775312423706055,
        "client_serialise_trees_size": 3071949,
        "final_server_serialise_trees_size": 15826564,
        "f1_score": 0.9715316367942507,
        "mcc": 0.9580952674931961,
        "accuracy": 0.966819973718791,
        "precision": 0.9744630162348847,
        "recall": 0.9705078902866626,
        "confusion_matrix": [
            [
                0.9895397489539749,
                0.0,
                0.010460251046025104,
                0.0,
                0.0,
                0.0
            ],
            [
                0.015,
                0.9625,
                0.02,
                0.0,
                0.0025,
                0.0
            ],
            [
                0.014900662251655629,
                0.0,
                0.9834437086092715,
                0.0,
                0.0016556291390728477,
                0.0
            ],
            [
                0.0,
                0.0,
                0.0,
                1.0,
                0.0,
                0.0
            ],
            [
                0.0,
                0.013628620102214651,
                0.09880749574105621,
                0.0,
                0.8875638841567292,
                0.0
            ],
            [
                0.0,
                0.0,
                0.0,
                0.0,
                0.0,
                1.0
            ]
        ],
        "confusion_matrix_labels": [
            "DoS/DDoS",
            "Info_Gathering",
            "Injection",
            "MITM",
            "Malware",
            "Normal"
        ],
        "round_time": 15.190870761871338,
        "round_start_time": 1764807758.6604478,
        "round_end_time": 1764807773.8513186,
        "evaluate_time": 0.7502000331878662,
        "inference_time": 0.07936978340148926
    },
    "16": {
        "trees_by_client": 170,
        "first_server_serialise_trees_size": 151368,
        "fit_time": 1.4524049758911133,
        "client_serialise_trees_size": 3309658,
        "final_server_serialise_trees_size": 16619055,
        "f1_score": 0.9726770775884436,
        "mcc": 0.9597294555674492,
        "accuracy": 0.9681340341655716,
        "precision": 0.9753107565681013,
        "recall": 0.9717763457097176,
        "confusion_matrix": [
            [
                0.9895397489539749,
                0.0,
                0.010460251046025104,
                0.0,
                0.0,
                0.0
            ],
            [
                0.0125,
                0.965,
                0.02,
                0.0,
                0.0025,
                0.0
            ],
            [
                0.014900662251655629,
                0.0,
                0.9834437086092715,
                0.0,
                0.0016556291390728477,
                0.0
            ],
            [
                0.0,
                0.0,
                0.0,
                1.0,
                0.0,
                0.0
            ],
            [
                0.0,
                0.013628620102214651,
                0.09369676320272573,
                0.0,
                0.8926746166950597,
                0.0
            ],
            [
                0.0,
                0.0,
                0.0,
                0.0,
                0.0,
                1.0
            ]
        ],
        "confusion_matrix_labels": [
            "DoS/DDoS",
            "Info_Gathering",
            "Injection",
            "MITM",
            "Malware",
            "Normal"
        ],
        "round_time": 14.915893316268921,
        "round_start_time": 1764807789.0527875,
        "round_end_time": 1764807803.9686809,
        "evaluate_time": 0.5679895877838135,
        "inference_time": 0.06651782989501953
    },
    "17": {
        "trees_by_client": 180,
        "first_server_serialise_trees_size": 160349,
        "fit_time": 2.0059938430786133,
        "client_serialise_trees_size": 3447408,
        "final_server_serialise_trees_size": 17686587,
        "f1_score": 0.9743618137141773,
        "mcc": 0.9621598257455897,
        "accuracy": 0.9701051248357424,
        "precision": 0.9766651877114718,
        "recall": 0.9734799232224945,
        "confusion_matrix": [
            [
                0.9895397489539749,
                0.0,
                0.010460251046025104,
                0.0,
                0.0,
                0.0
            ],
            [
                0.0125,
                0.965,
                0.02,
                0.0,
                0.0025,
                0.0
            ],
            [
                0.014900662251655629,
                0.0,
                0.9834437086092715,
                0.0,
                0.0016556291390728477,
                0.0
            ],
            [
                0.0,
                0.0,
                0.0,
                1.0,
                0.0,
                0.0
            ],
            [
                0.0,
                0.013628620102214651,
                0.08347529812606473,
                0.0,
                0.9028960817717206,
                0.0
            ],
            [
                0.0,
                0.0,
                0.0,
                0.0,
                0.0,
                1.0
            ]
        ],
        "confusion_matrix_labels": [
            "DoS/DDoS",
            "Info_Gathering",
            "Injection",
            "MITM",
            "Malware",
            "Normal"
        ],
        "round_time": 17.238378286361694,
        "round_start_time": 1764807819.2135487,
        "round_end_time": 1764807836.451927,
        "evaluate_time": 0.683929443359375,
        "inference_time": 0.07158184051513672
    },
    "18": {
        "trees_by_client": 190,
        "first_server_serialise_trees_size": 170688,
        "fit_time": 1.7571535110473633,
        "client_serialise_trees_size": 3627369,
        "final_server_serialise_trees_size": 18498369,
        "f1_score": 0.9745736746418355,
        "mcc": 0.9625717603969455,
        "accuracy": 0.9704336399474376,
        "precision": 0.976894645801211,
        "recall": 0.9736542607399282,
        "confusion_matrix": [
            [
                0.9905857740585774,
                0.0,
                0.009414225941422594,
                0.0,
                0.0,
                0.0
            ],
            [
                0.0125,
                0.965,
                0.02,
                0.0,
                0.0025,
                0.0
            ],
            [
                0.014900662251655629,
                0.0,
                0.9834437086092715,
                0.0,
                0.0016556291390728477,
                0.0
            ],
            [
                0.0,
                0.0,
                0.0,
                1.0,
                0.0,
                0.0
            ],
            [
                0.0,
                0.013628620102214651,
                0.08347529812606473,
                0.0,
                0.9028960817717206,
                0.0
            ],
            [
                0.0,
                0.0,
                0.0,
                0.0,
                0.0,
                1.0
            ]
        ],
        "confusion_matrix_labels": [
            "DoS/DDoS",
            "Info_Gathering",
            "Injection",
            "MITM",
            "Malware",
            "Normal"
        ],
        "round_time": 17.47061777114868,
        "round_start_time": 1764807851.6575897,
        "round_end_time": 1764807869.1282074,
        "evaluate_time": 0.4106299877166748,
        "inference_time": 0.05723762512207031
    },
    "19": {
        "trees_by_client": 200,
        "first_server_serialise_trees_size": 179792,
        "fit_time": 1.7305762767791748,
        "client_serialise_trees_size": 3878522,
        "final_server_serialise_trees_size": 19436517,
        "f1_score": 0.9717417525164153,
        "mcc": 0.9585060852978392,
        "accuracy": 0.9671484888304862,
        "precision": 0.9746865892023674,
        "recall": 0.9706822278040964,
        "confusion_matrix": [
            [
                0.9905857740585774,
                0.0,
                0.009414225941422594,
                0.0,
                0.0,
                0.0
            ],
            [
                0.015,
                0.9625,
                0.02,
                0.0,
                0.0025,
                0.0
            ],
            [
                0.014900662251655629,
                0.0,
                0.9834437086092715,
                0.0,
                0.0016556291390728477,
                0.0
            ],
            [
                0.0,
                0.0,
                0.0,
                1.0,
                0.0,
                0.0
            ],
            [
                0.0,
                0.013628620102214651,
                0.09880749574105621,
                0.0,
                0.8875638841567292,
                0.0
            ],
            [
                0.0,
                0.0,
                0.0,
                0.0,
                0.0,
                1.0
            ]
        ],
        "confusion_matrix_labels": [
            "DoS/DDoS",
            "Info_Gathering",
            "Injection",
            "MITM",
            "Malware",
            "Normal"
        ],
        "round_time": 17.502603769302368,
        "round_start_time": 1764807884.259513,
        "round_end_time": 1764807901.7621167,
        "evaluate_time": 0.825002908706665,
        "inference_time": 0.10844182968139648
    },
    "20": {
        "trees_by_client": 210,
        "first_server_serialise_trees_size": 188219,
        "fit_time": 2.246907949447632,
        "client_serialise_trees_size": 4025052,
        "final_server_serialise_trees_size": 20346594,
        "f1_score": 0.9721147764453412,
        "mcc": 0.9589213365504164,
        "accuracy": 0.9674770039421814,
        "precision": 0.9748646134878721,
        "recall": 0.9712084865387921,
        "confusion_matrix": [
            [
                0.9895397489539749,
                0.0,
                0.010460251046025104,
                0.0,
                0.0,
                0.0
            ],
            [
                0.0125,
                0.965,
                0.02,
                0.0,
                0.0025,
                0.0
            ],
            [
                0.014900662251655629,
                0.0,
                0.9834437086092715,
